/*--------------------------------*- C++ -*----------------------------------*\
  =========                 |
  \\      /  F ield         | OpenFOAM: The Open Source CFD Toolbox
   \\    /   O peration     | Website:  https://openfoam.org
    \\  /    A nd           | Version:  7
     \\/     M anipulation  |
\*---------------------------------------------------------------------------*/
FoamFile
{
    version     2.0;
    format      ascii;
    class       surfaceScalarField;
    location    "0.0021";
    object      phi;
}
// * * * * * * * * * * * * * * * * * * * * * * * * * * * * * * * * * * * * * //

dimensions      [1 0 -1 0 0 0 0];

internalField   nonuniform List<scalar> 
2260
(
-7.427869043e-15
5.766837177e-11
-2.910698877e-14
1.687345692e-10
-6.407641542e-14
2.735734628e-10
-1.115388169e-13
3.724216767e-10
-1.712233276e-13
4.655097779e-10
-2.435684694e-13
5.530611206e-10
-3.302425384e-13
6.352912636e-10
-4.340722774e-13
7.124069774e-10
-5.590306757e-13
7.846061637e-10
-7.101774037e-13
8.520775547e-10
-8.934139977e-13
9.150005389e-10
-1.115297392e-12
9.735450124e-10
-1.382880059e-12
1.027871102e-09
-1.703535319e-12
1.078128872e-09
-2.084714159e-12
1.124457697e-09
-2.533812512e-12
1.16698598e-09
-3.057909453e-12
1.205830368e-09
-3.66332534e-12
1.241095077e-09
-4.355190346e-12
1.272870599e-09
-5.137318077e-12
1.301233416e-09
-6.011226362e-12
1.326244359e-09
-6.976023768e-12
1.347947091e-09
-8.027523677e-12
1.366367159e-09
-9.157815603e-12
1.381509584e-09
-1.035453906e-11
1.393357793e-09
-1.160058174e-11
1.401870405e-09
-1.287342294e-11
1.406980629e-09
-1.414537002e-11
1.408593079e-09
-1.53832792e-11
1.406582559e-09
-1.654962362e-11
1.400792838e-09
-1.760299638e-11
1.391035462e-09
-1.850011009e-11
1.377090411e-09
-1.919729614e-11
1.358706885e-09
1.33560619e-09
-8.545819298e-15
5.767691759e-11
-3.348587828e-14
1.687595092e-10
-7.370820398e-14
2.736136852e-10
-1.282084069e-13
3.724761769e-10
-1.963029569e-13
4.655778725e-10
-2.77906522e-13
5.531427242e-10
-3.738610674e-13
6.353872181e-10
-4.861529864e-13
7.125192693e-10
-6.178936508e-13
7.847379043e-10
-7.732512047e-13
8.522329123e-10
-9.573139506e-13
9.151846017e-10
-1.175858026e-12
9.737635565e-10
-1.435160486e-12
1.028130405e-09
-1.741771499e-12
1.078435483e-09
-2.102405461e-12
1.124818331e-09
-2.523685836e-12
1.16740726e-09
-3.011967177e-12
1.206318649e-09
-3.57270752e-12
1.241655817e-09
-4.210462212e-12
1.273508354e-09
-4.928402092e-12
1.301951356e-09
-5.727537653e-12
1.327043494e-09
-6.606703962e-12
1.348826258e-09
-7.561462956e-12
1.367321918e-09
-8.584118824e-12
1.38253224e-09
-9.662644154e-12
1.394436318e-09
-1.078089061e-11
1.402988651e-09
-1.191768874e-11
1.408117428e-09
-1.304741469e-11
1.409722805e-09
-1.413970238e-11
1.407674847e-09
-1.51605925e-11
1.401813728e-09
-1.607305844e-11
1.391947928e-09
-1.683890272e-11
1.377856255e-09
-1.742012299e-11
1.359288105e-09
-1.778143289e-11
1.3359675e-09
-1.789210345e-11
1.307595624e-09
-1.772860854e-11
1.273856298e-09
-1.727638957e-11
1.234421956e-09
-1.653187625e-11
1.188959487e-09
-1.550383403e-11
1.137137897e-09
-1.421400442e-11
1.078634906e-09
-1.269746752e-11
1.013143667e-09
-1.100225917e-11
9.403796851e-10
-9.188534323e-12
8.600867887e-10
-7.327109105e-12
7.720417383e-10
-5.497786049e-12
6.760586883e-10
-3.787372314e-12
5.719920082e-10
-2.2875844e-12
4.597383046e-10
-1.092929399e-12
3.39236742e-10
-2.987623275e-13
2.104666505e-10
7.343724644e-11
-9.491262975e-15
5.768640886e-11
-3.719803551e-14
1.68787216e-10
-8.189962993e-14
2.736583868e-10
-1.42461107e-13
3.725367384e-10
-2.178963902e-13
4.656533077e-10
-3.077688378e-13
5.532325967e-10
-4.122491799e-13
6.354916985e-10
-5.326076329e-13
7.126396277e-10
-6.71129745e-13
7.848764265e-10
-8.311762443e-13
8.523929588e-10
-1.017034206e-12
9.153704596e-10
-1.23371962e-12
9.739802419e-10
-1.486785644e-12
1.028383471e-09
-1.782092128e-12
1.07873079e-09
-2.125646113e-12
1.125161885e-09
-2.523429585e-12
1.167805043e-09
-2.980972066e-12
1.206776192e-09
-3.503111835e-12
1.242177957e-09
-4.09385866e-12
1.274099101e-09
-4.755684245e-12
1.302613182e-09
-5.489264678e-12
1.327777075e-09
-6.293038802e-12
1.349630032e-09
-7.162511038e-12
1.36819139e-09
-8.090079496e-12
1.383459808e-09
-9.06422291e-12
1.395410462e-09
-1.006961674e-11
1.403994045e-09
-1.10865402e-11
1.409134351e-09
-1.209124733e-11
1.410727513e-09
-1.305609412e-11
1.408639694e-09
-1.395031223e-11
1.402707946e-09
-1.474095613e-11
1.392738572e-09
-1.539425376e-11
1.378509553e-09
-1.587722643e-11
1.359771078e-09
-1.615958525e-11
1.336249858e-09
-1.621552185e-11
1.30765156e-09
-1.602585161e-11
1.273666628e-09
-1.557944297e-11
1.233975547e-09
-1.487489395e-11
1.188254938e-09
-1.392153787e-11
1.136184541e-09
-1.273993255e-11
1.0774533e-09
-1.136208454e-11
1.011765819e-09
-9.831098292e-12
9.388486988e-10
-8.200369673e-12
8.5845606e-10
-6.532405038e-12
7.703737737e-10
-4.897395396e-12
6.744236786e-10
-3.371571945e-12
5.704661847e-10
-2.035469131e-12
4.584022018e-10
-9.721711386e-13
3.381734441e-10
-2.657052129e-13
2.097601846e-10
7.317154122e-11
-1.027695132e-14
5.769668581e-11
-4.02865868e-14
1.688172256e-10
-8.874527903e-14
2.737068455e-10
-1.543950965e-13
3.726023882e-10
-2.360865739e-13
4.657349992e-10
-3.331010139e-13
5.533296111e-10
-4.451899779e-13
6.356037874e-10
-5.729437614e-13
7.127673815e-10
-7.179624826e-13
7.850214452e-10
-8.828364158e-13
8.525578327e-10
-1.071092513e-12
9.155587157e-10
-1.287026967e-12
9.741961764e-10
-1.535511988e-12
1.028631956e-09
-1.821749604e-12
1.079017027e-09
-2.151144259e-12
1.12549128e-09
-2.528994615e-12
1.168182894e-09
-2.96013391e-12
1.207207331e-09
-3.44886476e-12
1.242666688e-09
-3.998631112e-12
1.274648867e-09
-4.611321809e-12
1.303225872e-09
-5.28732617e-12
1.328453079e-09
-6.024660238e-12
1.350367366e-09
-6.818894063e-12
1.368985624e-09
-7.662444324e-12
1.384303358e-09
-8.544410078e-12
1.396292427e-09
-9.450184205e-12
1.404899819e-09
-1.036152767e-11
1.410045694e-09
-1.125642433e-11
1.411622409e-09
-1.210980482e-11
1.409493074e-09
-1.289380721e-11
1.403491948e-09
-1.357916626e-11
1.393423931e-09
-1.413601054e-11
1.379066397e-09
-1.453573981e-11
1.360170807e-09
-1.475227411e-11
1.336466393e-09
-1.476393208e-11
1.307663218e-09
-1.455502447e-11
1.27345772e-09
-1.411711353e-11
1.233537636e-09
-1.345039895e-11
1.187588223e-09
-1.256439002e-11
1.135298532e-09
-1.147839708e-11
1.076367307e-09
-1.022160625e-11
1.010509028e-09
-8.832789517e-12
9.374598821e-10
-7.35951887e-12
8.569827894e-10
-5.85723437e-12
7.688714892e-10
-4.388019116e-12
6.729544634e-10
-3.019230334e-12
5.69097396e-10
-1.822051523e-12
4.57205023e-10
-8.700339027e-13
3.372214264e-10
-2.37763959e-13
2.091279146e-10
7.293377726e-11
-1.091510708e-14
5.770760091e-11
-4.280322183e-14
1.688491137e-10
-9.433288937e-14
2.737583751e-10
-1.641543617e-13
3.726722097e-10
-2.51056331e-13
4.658219012e-10
-3.540727021e-13
5.534326275e-10
-4.727002186e-13
6.35722415e-10
-6.070022461e-13
7.129016835e-10
-7.579659558e-13
7.851724089e-10
-9.27513744e-13
8.527273805e-10
-1.118459553e-12
9.157496615e-10
-1.334408009e-12
9.744121248e-10
-1.579574879e-12
1.028877123e-09
-1.858569399e-12
1.079296022e-09
-2.176191022e-12
1.125808902e-09
-2.53705287e-12
1.168543756e-09
-2.94547076e-12
1.207615749e-09
-3.40525828e-12
1.243126475e-09
-3.919201901e-12
1.275162811e-09
-4.488805594e-12
1.303795476e-09
-5.11411784e-12
1.329078391e-09
-5.792855552e-12
1.351046104e-09
-6.520626357e-12
1.369713394e-09
-7.289929606e-12
1.385072662e-09
-8.090449675e-12
1.397092948e-09
-8.908331514e-12
1.405717701e-09
-9.726694671e-12
1.410864058e-09
-1.052522653e-11
1.412420941e-09
-1.128114805e-11
1.410248996e-09
-1.196933761e-11
1.404180138e-09
-1.256372092e-11
1.394018314e-09
-1.303794075e-11
1.379540617e-09
-1.336710135e-11
1.360499967e-09
-1.352874407e-11
1.336628035e-09
-1.350463056e-11
1.307639105e-09
-1.328185869e-11
1.273234948e-09
-1.285412422e-11
1.233109902e-09
-1.222277676e-11
1.186956875e-09
-1.139727913e-11
1.134473035e-09
-1.039568769e-11
1.075365716e-09
-9.244633231e-12
1.009357973e-09
-7.979069819e-12
9.361943187e-10
-6.641572795e-12
8.556452924e-10
-5.28155687e-12
7.675114732e-10
-3.954242894e-12
6.716271494e-10
-2.719509975e-12
5.67862663e-10
-1.640683579e-12
4.561261966e-10
-7.833147201e-13
3.363640576e-10
-2.140662519e-13
2.085586661e-10
7.2719711e-11
-1.142179783e-14
5.771902271e-11
-4.480081765e-14
1.688824928e-10
-9.875808904e-14
2.738123324e-10
-1.719107496e-13
3.727453624e-10
-2.630190254e-13
4.659130095e-10
-3.709333651e-13
5.535405418e-10
-4.949587751e-13
6.358464404e-10
-6.348412129e-13
7.13041566e-10
-7.910302588e-13
7.853285979e-10
-9.648473371e-13
8.529011976e-10
-1.15848015e-12
9.159432944e-10
-1.374885346e-12
9.7462853e-10
-1.617670033e-12
1.029119907e-09
-1.890842755e-12
1.079569195e-09
-2.198567858e-12
1.126116627e-09
-2.544930459e-12
1.168890118e-09
-2.933749533e-12
1.208004568e-09
-3.368338598e-12
1.243561064e-09
-3.850920092e-12
1.275645392e-09
-4.382719398e-12
1.304327275e-09
-4.963317982e-12
1.32965899e-09
-5.590342536e-12
1.351673128e-09
-6.259321675e-12
1.370382374e-09
-6.962999199e-12
1.385776339e-09
-7.691525569e-12
1.397821474e-09
-8.43189311e-12
1.406458069e-09
-9.168411608e-12
1.411600576e-09
-9.882436665e-12
1.413134966e-09
-1.055322706e-11
1.410919786e-09
-1.115817269e-11
1.404785083e-09
-1.167400824e-11
1.394534149e-09
-1.207746398e-11
1.379944073e-09
-1.234681426e-11
1.360769318e-09
-1.246269502e-11
1.336743916e-09
-1.240971378e-11
1.307586123e-09
-1.217724767e-11
1.273002482e-09
-1.176066252e-11
1.232693317e-09
-1.116210817e-11
1.186358321e-09
-1.039087433e-11
1.133701801e-09
-9.46379293e-12
1.074438635e-09
-8.405197362e-12
1.008299378e-09
-7.246696619e-12
9.350358179e-10
-6.026556735e-12
8.544251525e-10
-4.78904377e-12
7.662739603e-10
-3.583550356e-12
6.70421656e-10
-2.463629306e-12
5.66742742e-10
-1.485974807e-12
4.551485421e-10
-7.093956051e-13
3.355874784e-10
-1.938799573e-13
2.080431505e-10
7.252583104e-11
-1.180713608e-14
5.773082985e-11
-4.631623244e-14
1.689170019e-10
-1.021234089e-13
2.738681396e-10
-1.77844053e-13
3.72821083e-10
-2.721961209e-13
4.660073615e-10
-3.839684723e-13
5.536523142e-10
-5.122926611e-13
6.359747646e-10
-6.566934991e-13
7.131859668e-10
-8.172500332e-13
7.854891545e-10
-9.947679816e-13
8.530787155e-10
-1.19086196e-12
9.161393883e-10
-1.407904563e-12
9.748455726e-10
-1.648895778e-12
1.029360899e-09
-1.917251056e-12
1.07983755e-09
-2.216587723e-12
1.126415963e-09
-2.550495824e-12
1.169224026e-09
-2.922362845e-12
1.208376435e-09
-3.334898957e-12
1.2439736e-09
-3.789962055e-12
1.276100456e-09
-4.288473141e-12
1.304825786e-09
-4.829588998e-12
1.330200106e-09
-5.410931639e-12
1.352254471e-09
-6.027882485e-12
1.370999324e-09
-6.673555619e-12
1.386422012e-09
-7.338454291e-12
1.398486373e-09
-8.010497464e-12
1.407130112e-09
-8.675002246e-12
1.412265081e-09
-9.314972791e-12
1.413774937e-09
-9.911428009e-12
1.411516241e-09
-1.044410755e-11
1.405317763e-09
-1.089213879e-11
1.394982181e-09
-1.123502012e-11
1.380286954e-09
-1.145369679e-11
1.360987994e-09
-1.153145115e-11
1.336821671e-09
-1.145523243e-11
1.307509905e-09
-1.121631468e-11
1.272763564e-09
-1.081135994e-11
1.232288362e-09
-1.02430725e-11
1.185790034e-09
-9.520467547e-12
1.132979196e-09
-8.659216257e-12
1.073577383e-09
-7.681618197e-12
1.00732178e-09
-6.616331061e-12
9.339705308e-10
-5.497903367e-12
8.533067248e-10
-4.366189784e-12
7.651422467e-10
-3.265617219e-12
6.693210834e-10
-2.244366299e-12
5.657214911e-10
-1.353511064e-12
4.542576869e-10
-6.461511614e-13
3.348801185e-10
-1.766226557e-13
2.07573622e-10
7.234920838e-11
-1.207931818e-14
5.774290917e-11
-4.73915063e-14
1.68952314e-10
-1.045258715e-13
2.739252739e-10
-1.8212246e-13
3.728986796e-10
-2.788421295e-13
4.661040812e-10
-3.93501796e-13
5.537669738e-10
-5.25073522e-13
6.361063363e-10
-6.72940616e-13
7.133338339e-10
-8.369139454e-13
7.856531278e-10
-1.017410486e-12
8.53259212e-10
-1.215536856e-12
9.163375147e-10
-1.433129141e-12
9.750631649e-10
-1.672604736e-12
1.029600374e-09
-1.936851946e-12
1.080101797e-09
-2.228982639e-12
1.126708094e-09
-2.552132446e-12
1.169547176e-09
-2.909192631e-12
1.208733495e-09
-3.302379265e-12
1.244366787e-09
-3.733259842e-12
1.276531336e-09
-4.202326932e-12
1.305294853e-09
-4.708534505e-12
1.330706313e-09
-5.24942452e-12
1.352795361e-09
-5.82031388e-12
1.371570214e-09
-6.414662376e-12
1.387016361e-09
-7.023338078e-12
1.399095048e-09
-7.635129775e-12
1.407741904e-09
-8.236310115e-12
1.412866261e-09
-8.811382386e-12
1.414350009e-09
-9.342978776e-12
1.412047838e-09
-9.812925121e-12
1.405787709e-09
-1.020246279e-11
1.395371718e-09
-1.049352062e-11
1.380578012e-09
-1.06692973e-11
1.361163771e-09
-1.071534025e-11
1.336867714e-09
-1.062053767e-11
1.307415102e-09
-1.03777126e-11
1.272520739e-09
-9.984583256e-12
1.231895233e-09
-9.444173631e-12
1.185249624e-09
-8.765184343e-12
1.132300207e-09
-7.962203146e-12
1.072774402e-09
-7.055722966e-12
1.006415299e-09
-6.071813137e-12
9.32986621e-10
-5.041807048e-12
8.522767187e-10
-4.001769007e-12
7.641022086e-10
-2.991879368e-12
6.683111938e-10
-2.055738104e-12
5.647853498e-10
-1.239635401e-12
4.534415842e-10
-5.918149834e-13
3.342322981e-10
-1.61805178e-13
2.071436122e-10
7.21874032e-11
-1.225159337e-14
5.775516076e-11
-4.807511588e-14
1.689881376e-10
-1.060726296e-13
2.739832714e-10
-1.848997958e-13
3.729775068e-10
-2.832010944e-13
4.662023825e-10
-3.998249404e-13
5.538835977e-10
-5.336749374e-13
6.362401863e-10
-6.840022399e-13
7.134841612e-10
-8.504348782e-13
7.858195604e-10
-1.03308021e-12
8.534418574e-10
-1.232645159e-12
9.165370797e-10
-1.450484798e-12
9.752810046e-10
-1.688517275e-12
1.029838407e-09
-1.949125256e-12
1.080362405e-09
-2.234938381e-12
1.126993907e-09
-2.548673503e-12
1.169860911e-09
-2.892659536e-12
1.209077481e-09
-3.268774327e-12
1.244742902e-09
-3.678297303e-12
1.276940859e-09
-4.121276871e-12
1.305737833e-09
-4.596577797e-12
1.331181614e-09
-5.101558405e-12
1.353300341e-09
-5.631637212e-12
1.372100293e-09
-6.180501579e-12
1.387565225e-09
-6.739490981e-12
1.399654038e-09
-7.298110459e-12
1.408300523e-09
-7.843626581e-12
1.413411777e-09
-8.361816727e-12
1.414868199e-09
-8.8368556e-12
1.412522877e-09
-9.25234079e-12
1.406203194e-09
-9.591453346e-12
1.395710831e-09
-9.838170053e-12
1.380824728e-09
-9.97766333e-12
1.361303264e-09
-9.997425023e-12
1.336887475e-09
-9.887893452e-12
1.307305571e-09
-9.643185197e-12
1.272276031e-09
-9.261853438e-12
1.231513901e-09
-8.74711141e-12
1.184734882e-09
-8.107315753e-12
1.131660411e-09
-7.356055489e-12
1.072023142e-09
-6.512195955e-12
1.00557144e-09
-5.599561674e-12
9.320739867e-10
-4.646693828e-12
8.513238509e-10
-3.686390389e-12
7.631419052e-10
-2.755185697e-12
6.673799891e-10
-1.892757164e-12
5.639229213e-10
-1.141304438e-12
4.526901315e-10
-5.44920959e-13
3.336359146e-10
-1.490238832e-13
2.067477151e-10
7.203837931e-11
-1.233415017e-14
5.776749491e-11
-4.840787601e-14
1.690242113e-10
-1.068540689e-13
2.740417176e-10
-1.863188938e-13
3.730569716e-10
-2.855002784e-13
4.663015639e-10
-4.032349417e-13
5.540013323e-10
-5.384599584e-13
6.363754113e-10
-6.902908846e-13
7.136359921e-10
-8.582432327e-13
7.859875128e-10
-1.042195704e-12
8.536258099e-10
-1.242530558e-12
9.167374145e-10
-1.460201253e-12
9.754986753e-10
-1.696678512e-12
1.030074884e-09
-1.953878866e-12
1.080619606e-09
-2.234031965e-12
1.12727406e-09
-2.539316343e-12
1.170166196e-09
-2.871657355e-12
1.209409822e-09
-3.232620219e-12
1.245103865e-09
-3.623112168e-12
1.277331351e-09
-4.042888187e-12
1.306157609e-09
-4.490728052e-12
1.331629454e-09
-4.963782473e-12
1.353773396e-09
-5.457680286e-12
1.37259419e-09
-5.966204759e-12
1.388073749e-09
-6.481276348e-12
1.400169109e-09
-6.99296847e-12
1.408812215e-09
-7.489558136e-12
1.413908367e-09
-7.957905523e-12
1.415336546e-09
-8.383631957e-12
1.412948603e-09
-8.751868741e-12
1.406571431e-09
-9.047522447e-12
1.396006485e-09
-9.256326141e-12
1.381033532e-09
-9.365176951e-12
1.361412115e-09
-9.363205804e-12
1.336885504e-09
-9.242144196e-12
1.307184509e-09
-8.997171353e-12
1.272031058e-09
-8.627462915e-12
1.231144193e-09
-8.136377226e-12
1.184243796e-09
-7.531895789e-12
1.131055929e-09
-6.826693418e-12
1.07131794e-09
-6.038180827e-12
1.004782927e-09
-5.188216719e-12
9.312240226e-10
-4.302913799e-12
8.504385479e-10
-3.412245753e-12
7.622512372e-10
-2.549605038e-12
6.665173484e-10
-1.751296067e-12
5.631246123e-10
-1.056004828e-12
4.519948402e-10
-5.042602904e-13
3.3308417e-10
-1.379462181e-13
2.06381401e-10
7.190043309e-11
-1.233736052e-14
5.777983227e-11
-4.843392198e-14
1.690603079e-10
-1.069386333e-13
2.741002224e-10
-1.865183233e-13
3.731365513e-10
-2.859488363e-13
4.664009944e-10
-4.040337057e-13
5.541194172e-10
-5.397661229e-13
6.365111437e-10
-6.922356384e-13
7.137884616e-10
-8.608068263e-13
7.86156084e-10
-1.045222857e-12
8.538102259e-10
-1.245614685e-12
9.169378063e-10
-1.462602015e-12
9.757156626e-10
-1.697268841e-12
1.030309551e-09
-1.95115657e-12
1.080873493e-09
-2.226014938e-12
1.127548919e-09
-2.523561229e-12
1.170463742e-09
-2.845390872e-12
1.209731652e-09
-3.192783299e-12
1.245451257e-09
-3.566208297e-12
1.277704776e-09
-3.965256711e-12
1.306556657e-09
-4.388559862e-12
1.332052757e-09
-4.833168634e-12
1.354218005e-09
-5.294884172e-12
1.373055906e-09
-5.767596818e-12
1.388546462e-09
-6.243795664e-12
1.400645308e-09
-6.714056062e-12
1.409282476e-09
-7.16762452e-12
1.414361936e-09
-7.592294527e-12
1.415761216e-09
-7.975049416e-12
1.413331358e-09
-8.302304591e-12
1.406898686e-09
-8.560550371e-12
1.39626473e-09
-8.736989214e-12
1.381209971e-09
-8.820028381e-12
1.361495154e-09
-8.800152709e-12
1.336865628e-09
-8.670233033e-12
1.307054589e-09
-8.426297152e-12
1.271787122e-09
-8.068003903e-12
1.230785899e-09
-7.59878237e-12
1.183774575e-09
-7.02623793e-12
1.130483385e-09
-6.362232672e-12
1.070653934e-09
-5.622853452e-12
1.004043548e-09
-4.828237949e-12
9.304294071e-10
-4.002380763e-12
8.496126908e-10
-3.172805669e-12
7.614216621e-10
-2.370187309e-12
6.6571473e-10
-1.627916859e-12
5.623823419e-10
-9.816475099e-13
4.513485709e-10
-4.688310153e-13
3.325713536e-10
-1.282978096e-13
2.060408678e-10
7.177213527e-11
-1.227084698e-14
5.779210312e-11
-4.818018787e-14
1.690962172e-10
-1.063930317e-13
2.741584352e-10
-1.856266359e-13
3.732157849e-10
-2.847187508e-13
4.665000865e-10
-4.024753235e-13
5.542371738e-10
-5.379280268e-13
6.366465964e-10
-6.901988173e-13
7.139407324e-10
-8.585682285e-13
7.863244534e-10
-1.042638546e-12
8.539942962e-10
-1.242363362e-12
9.171375311e-10
-1.458104303e-12
9.759314035e-10
-1.690631692e-12
1.030542078e-09
-1.941094314e-12
1.081123956e-09
-2.210792695e-12
1.127818617e-09
-2.501119662e-12
1.170754069e-09
-2.813346678e-12
1.210043879e-09
-3.148388988e-12
1.245786299e-09
-3.506400589e-12
1.278062788e-09
-3.886866552e-12
1.306937123e-09
-4.288144232e-12
1.332454035e-09
-4.707334571e-12
1.354637195e-09
-5.140301235e-12
1.373488873e-09
-5.581181368e-12
1.388987342e-09
-6.022884674e-12
1.401087011e-09
-6.456549008e-12
1.40971614e-09
-6.872230972e-12
1.414777617e-09
-7.258631673e-12
1.416147617e-09
-7.60390869e-12
1.413676635e-09
-7.895637692e-12
1.407190415e-09
-8.121713198e-12
1.396490806e-09
-8.270570607e-12
1.381358828e-09
-8.331937485e-12
1.361556521e-09
-8.297443669e-12
1.336831135e-09
-8.160915164e-12
1.306918061e-09
-7.919106735e-12
1.271545314e-09
-7.572007659e-12
1.2304388e-09
-7.123080287e-12
1.183325647e-09
-6.579561487e-12
1.129939866e-09
-5.952579595e-12
1.070026952e-09
-5.257033056e-12
1.003348002e-09
-4.511545141e-12
9.296839192e-10
-3.738256612e-12
8.488394022e-10
-2.962556636e-12
7.606459621e-10
-2.212757768e-12
6.649649312e-10
-1.519722531e-12
5.616893066e-10
-9.164726384e-13
4.50745321e-10
-4.377885547e-13
3.320926695e-10
-1.198468429e-13
2.057229261e-10
7.165228842e-11
-1.213913078e-14
5.780424225e-11
-4.766473873e-14
1.691317428e-10
-1.052785406e-13
2.74216049e-10
-1.837653076e-13
3.732942716e-10
-2.819744797e-13
4.665982957e-10
-3.988122138e-13
5.543540115e-10
-5.332856507e-13
6.367810699e-10
-6.845630705e-13
7.140920099e-10
-8.519357931e-13
7.864918261e-10
-1.034893155e-12
8.541772536e-10
-1.233249961e-12
9.17335888e-10
-1.447149153e-12
9.761453027e-10
-1.677091513e-12
1.030772021e-09
-1.923854233e-12
1.081370719e-09
-2.188434918e-12
1.128083198e-09
-2.471878953e-12
1.171037513e-09
-2.775186384e-12
1.210347186e-09
-3.098842392e-12
1.246109955e-09
-3.442814513e-12
1.27840676e-09
-3.806452563e-12
1.307300761e-09
-4.187866703e-12
1.332835449e-09
-4.584276896e-12
1.355033605e-09
-4.991511202e-12
1.373896107e-09
-5.404046652e-12
1.389399878e-09
-5.815092521e-12
1.401498057e-09
-6.216387347e-12
1.410117435e-09
-6.598672123e-12
1.415159902e-09
-6.951521076e-12
1.416500466e-09
-7.264083651e-12
1.413989198e-09
-7.525027885e-12
1.40745136e-09
-7.723422021e-12
1.3966892e-09
-7.848814032e-12
1.38148422e-09
-7.892090258e-12
1.361599797e-09
-7.845785247e-12
1.33678483e-09
-7.704557894e-12
1.306776833e-09
-7.465772819e-12
1.271306529e-09
-7.129652581e-12
1.23010268e-09
-6.699659773e-12
1.182895655e-09
-6.182676608e-12
1.129422883e-09
-5.589142597e-12
1.069433418e-09
-4.932919161e-12
1.002691778e-09
-4.231284256e-12
9.289822843e-10
-3.504749821e-12
8.481128678e-10
-2.776835356e-12
7.599180476e-10
-2.073789433e-12
6.642618852e-10
-1.424267706e-12
5.610397849e-10
-8.5899559e-13
4.501800489e-10
-4.104206537e-13
3.316440945e-10
-1.123978633e-13
2.054249033e-10
7.153989056e-11
-1.194793783e-14
5.781619018e-11
-4.692042303e-14
1.691667153e-10
-1.036617083e-13
2.742727903e-10
-1.810298419e-13
3.733716398e-10
-2.778839247e-13
4.666951498e-10
-3.932481218e-13
5.544693757e-10
-5.261140734e-13
6.369139358e-10
-6.75709463e-13
7.142416052e-10
-8.413258484e-13
7.866574425e-10
-1.02242496e-12
8.543583527e-10
-1.218708983e-12
9.17532172e-10
-1.430136155e-12
9.763567299e-10
-1.6569725e-12
1.030998857e-09
-1.899738363e-12
1.081613484e-09
-2.159125069e-12
1.128342584e-09
-2.43591866e-12
1.171314307e-09
-2.730736632e-12
1.210642004e-09
-3.04378353e-12
1.246423002e-09
-3.374878824e-12
1.278737855e-09
-3.723099937e-12
1.307648983e-09
-4.086502096e-12
1.333198851e-09
-4.462353417e-12
1.355409456e-09
-4.846473444e-12
1.374280227e-09
-5.233687025e-12
1.389787091e-09
-5.617425537e-12
1.401881796e-09
-5.990067986e-12
1.410490077e-09
-6.342876264e-12
1.415512711e-09
-6.666301635e-12
1.416823892e-09
-6.950312716e-12
1.414273209e-09
-7.1845813e-12
1.407685628e-09
-7.359180269e-12
1.396863799e-09
-7.464659394e-12
1.3815897e-09
-7.492896506e-12
1.361628035e-09
-7.437186179e-12
1.336729119e-09
-7.29289604e-12
1.306632543e-09
-7.057867267e-12
1.2710715e-09
-6.732531228e-12
1.229777344e-09
-6.320305422e-12
1.182483429e-09
-5.827734313e-12
1.128930312e-09
-5.26462198e-12
1.068870306e-09
-4.643905111e-12
1.002071061e-09
-3.981666102e-12
9.283200452e-10
-3.296979158e-12
8.474281808e-10
-2.611718522e-12
7.59232787e-10
-1.950319837e-12
6.636004865e-10
-1.339501708e-12
5.604289668e-10
-8.079734944e-13
4.496485206e-10
-3.861322071e-13
3.312222532e-10
-1.057879997e-13
2.051445591e-10
7.143410255e-11
-1.17046879e-14
5.782789487e-11
-4.597194846e-14
1.692009825e-10
-1.016086681e-13
2.74328427e-10
-1.775042466e-13
3.734475354e-10
-2.725869094e-13
4.667902324e-10
-3.859467e-13
5.545827355e-10
-5.166669412e-13
6.37044656e-10
-6.639454823e-13
7.143888838e-10
-8.271314142e-13
7.868206284e-10
-1.005667384e-12
8.545368886e-10
-1.199184791e-12
9.177256894e-10
-1.407514622e-12
9.765650597e-10
-1.63074026e-12
1.031222083e-09
-1.869151242e-12
1.081851895e-09
-2.123200638e-12
1.128596634e-09
-2.393403076e-12
1.171584509e-09
-2.680008631e-12
1.21092861e-09
-2.983037354e-12
1.246726031e-09
-3.302162192e-12
1.27905698e-09
-3.636172625e-12
1.307982993e-09
-3.983149319e-12
1.333545828e-09
-4.340296457e-12
1.355766604e-09
-4.703566006e-12
1.374643496e-09
-5.068023706e-12
1.390151549e-09
-5.427379998e-12
1.402241152e-09
-5.774562734e-12
1.41083726e-09
-6.101316446e-12
1.415839464e-09
-6.398903805e-12
1.417121479e-09
-6.657979179e-12
1.414532284e-09
-6.869163465e-12
1.407896812e-09
-7.023349187e-12
1.397017985e-09
-7.111992535e-12
1.381678343e-09
-7.127789794e-12
1.361643832e-09
-7.064744816e-12
1.336666074e-09
-6.91879722e-12
1.306486596e-09
-6.688169893e-12
1.270840873e-09
-6.373459312e-12
1.229462633e-09
-5.9780099e-12
1.182087979e-09
-5.508070491e-12
1.128460373e-09
-4.972829418e-12
1.068335065e-09
-4.384400637e-12
1.001482632e-09
-3.75780005e-12
9.276934447e-10
-3.110827354e-12
8.467812081e-10
-2.463901884e-12
7.585858615e-10
-1.839857818e-12
6.629764425e-10
-1.263702955e-12
5.598528119e-10
-7.623649033e-13
4.491471826e-10
-3.6442574e-13
3.308243141e-10
-9.988159782e-14
2.048800149e-10
7.133422095e-11
-1.141446253e-14
5.783930934e-11
-4.484459639e-14
1.692344127e-10
-9.915392719e-14
2.743827363e-10
-1.732645036e-13
3.735216459e-10
-2.662131526e-13
4.668831811e-10
-3.771053326e-13
5.546936277e-10
-5.051532368e-13
6.37172704e-10
-6.495559793e-13
7.145332865e-10
-8.096864354e-13
7.869807589e-10
-9.850121656e-13
8.547122144e-10
-1.175122889e-12
9.179158001e-10
-1.379757441e-12
9.767696943e-10
-1.598855081e-12
1.03144118e-09
-1.832528895e-12
1.082085569e-09
-2.081032204e-12
1.128845137e-09
-2.344541251e-12
1.171848018e-09
-2.62310818e-12
1.211207177e-09
-2.916582791e-12
1.247019506e-09
-3.224388594e-12
1.279364786e-09
-3.545177954e-12
1.308303782e-09
-3.877057307e-12
1.333877707e-09
-4.217100408e-12
1.356106647e-09
-4.561475719e-12
1.374987872e-09
-4.905387369e-12
1.390495461e-09
-5.242894011e-12
1.402578659e-09
-5.567347867e-12
1.411161714e-09
-5.871026829e-12
1.416143143e-09
-6.145848035e-12
1.4173963e-09
-6.383131611e-12
1.414769568e-09
-6.574333238e-12
1.408088014e-09
-6.71103339e-12
1.397154685e-09
-6.785498968e-12
1.381752808e-09
-6.79112675e-12
1.36164946e-09
-6.72253137e-12
1.336597479e-09
-6.576160985e-12
1.306340225e-09
-6.350508926e-12
1.270615221e-09
-6.046308769e-12
1.229158433e-09
-5.666815972e-12
1.181708487e-09
-5.218001813e-12
1.128011558e-09
-4.708484535e-12
1.067825548e-09
-4.149636066e-12
1.000923784e-09
-3.555516107e-12
9.270993247e-10
-2.942787137e-12
8.461684792e-10
-2.330573405e-12
7.579736478e-10
-1.740284967e-12
6.62386154e-10
-1.195408209e-12
5.593079351e-10
-7.212847587e-13
4.486730591e-10
-3.448782902e-13
3.304479076e-10
-9.456314913e-14
2.046296998e-10
7.12396578e-11
-1.108549804e-14
5.785039483e-11
-4.356033479e-14
1.692668875e-10
-9.632996677e-14
2.74435506e-10
-1.683849235e-13
3.735937009e-10
-2.588615992e-13
4.669736578e-10
-3.668813827e-13
5.548016475e-10
-4.91751755e-13
6.372975743e-10
-6.327699475e-13
7.146743047e-10
-7.892959667e-13
7.871372849e-10
-9.608132566e-13
8.548837317e-10
-1.14691675e-12
9.181019036e-10
-1.347279683e-12
9.769700572e-10
-1.561754102e-12
1.031655655e-09
-1.7903026e-12
1.082314118e-09
-2.032934706e-12
1.129087769e-09
-2.289609996e-12
1.172104693e-09
-2.560203573e-12
1.21147777e-09
-2.844435986e-12
1.247303738e-09
-3.141431816e-12
1.279661782e-09
-3.449800908e-12
1.308612151e-09
-3.767626802e-12
1.334195533e-09
-4.091919651e-12
1.356430939e-09
-4.41906156e-12
1.375315014e-09
-4.74433377e-12
1.390820733e-09
-5.06220343e-12
1.402896528e-09
-5.366315597e-12
1.411465826e-09
-5.649492412e-12
1.41642632e-09
-5.9042103e-12
1.417651018e-09
-6.122425775e-12
1.414987783e-09
-6.296285586e-12
1.408261874e-09
-6.418025105e-12
1.397276424e-09
-6.48064356e-12
1.381815427e-09
-6.478066826e-12
1.361646883e-09
-6.405468152e-12
1.33652488e-09
-6.259741625e-12
1.306194499e-09
-6.039574969e-12
1.270395054e-09
-5.745812894e-12
1.228864671e-09
-5.381612401e-12
1.181344286e-09
-4.95265525e-12
1.127582601e-09
-4.467065224e-12
1.067339958e-09
-3.93553118e-12
1.00039225e-09
-3.37125081e-12
9.265350443e-10
-2.78986423e-12
8.455870926e-10
-2.209334278e-12
7.573931178e-10
-1.649795253e-12
6.61826615e-10
-1.133370426e-12
5.587915103e-10
-6.839787786e-13
4.482236675e-10
-3.271292381e-13
3.300910581e-10
-8.973405871e-14
2.043923046e-10
7.114992374e-11
-1.071944193e-14
5.786111428e-11
-4.212390335e-14
1.69298292e-10
-9.317221012e-14
2.744865543e-10
-1.629349217e-13
3.736634636e-10
-2.50608315e-13
4.670613311e-10
-3.554008347e-13
5.5490644e-10
-4.766637146e-13
6.374188372e-10
-6.137926653e-13
7.148114337e-10
-7.662031461e-13
7.872896954e-10
-9.333911322e-13
8.550509196e-10
-1.114939279e-12
9.182834517e-10
-1.310509869e-12
9.771656278e-10
-1.519866231e-12
1.031865011e-09
-1.742828968e-12
1.08253708e-09
-1.979223716e-12
1.129324164e-09
-2.228871877e-12
1.172354341e-09
-2.491510516e-12
1.211740409e-09
-2.766632667e-12
1.24757886e-09
-3.053204268e-12
1.279948353e-09
-3.349830391e-12
1.308908778e-09
-3.654437969e-12
1.334500141e-09
-3.964120499e-12
1.356740622e-09
-4.275390022e-12
1.375626283e-09
-4.583658538e-12
1.391129001e-09
-4.883762053e-12
1.403196632e-09
-5.169584917e-12
1.411751649e-09
-5.434519525e-12
1.416691255e-09
-5.671444935e-12
1.417887943e-09
-5.872943947e-12
1.415189282e-09
-6.031757077e-12
1.408420687e-09
-6.140724611e-12
1.397385392e-09
-6.193484457e-12
1.381868187e-09
-6.1844094e-12
1.361637808e-09
-6.109161517e-12
1.336449632e-09
-5.964990207e-12
1.306050328e-09
-5.750770609e-12
1.270180835e-09
-5.467413077e-12
1.228581314e-09
-5.117973846e-12
1.180994847e-09
-4.707847555e-12
1.127172475e-09
-4.244703987e-12
1.066876814e-09
-3.738606899e-12
9.998861529e-10
-3.201971812e-12
9.259984092e-10
-2.649514259e-12
8.45034635e-10
-2.09814849e-12
7.568417521e-10
-1.566857461e-12
6.61295324e-10
-1.076533517e-12
5.583011864e-10
-6.498090161e-13
4.47796943e-10
-3.108740963e-13
3.297521231e-10
-8.531129872e-14
2.041667418e-10
7.106461244e-11
-1.0316405e-14
5.787143068e-11
-4.054664415e-14
1.693285222e-10
-8.971001515e-14
2.745357176e-10
-1.569685245e-13
3.737307221e-10
-2.41547439e-13
4.671459101e-10
-3.42792313e-13
5.550076848e-10
-4.600610015e-13
6.375361059e-10
-5.928517836e-13
7.149442245e-10
-7.406539295e-13
7.874374975e-10
-9.03011798e-13
8.552132775e-10
-1.079492545e-12
9.184599325e-10
-1.269754758e-12
9.7735589e-10
-1.473479479e-12
1.032068736e-09
-1.690385629e-12
1.082753987e-09
-1.92019837e-12
1.129553977e-09
-2.162592417e-12
1.172596736e-09
-2.417209051e-12
1.211995026e-09
-2.683273603e-12
1.247844925e-09
-2.959698153e-12
1.280224778e-09
-3.245068455e-12
1.309194148e-09
-3.537157875e-12
1.33479223e-09
-3.833207173e-12
1.357036671e-09
-4.129740325e-12
1.375922816e-09
-4.422398916e-12
1.39142166e-09
-4.706284808e-12
1.403480518e-09
-4.975589821e-12
1.412020954e-09
-5.2241846e-12
1.416939849e-09
-5.445306545e-12
1.418109065e-09
-5.632157336e-12
1.415376133e-09
-5.777919729e-12
1.408566449e-09
-5.876017082e-12
1.397483489e-09
-5.920604768e-12
1.381912774e-09
-5.906513838e-12
1.361623717e-09
-5.829799446e-12
1.336372918e-09
-5.687998249e-12
1.305908526e-09
-5.480152201e-12
1.269972988e-09
-5.207203247e-12
1.228308365e-09
-4.872127779e-12
1.180659771e-09
-4.4800076e-12
1.126780355e-09
-4.038101039e-12
1.066434907e-09
-3.55589631e-12
9.994039481e-10
-3.045094951e-12
9.254876079e-10
-2.519570704e-12
8.445091108e-10
-1.99528395e-12
7.563174653e-10
-1.490170184e-12
6.607902102e-10
-1.024000814e-12
5.57835017e-10
-6.182344453e-13
4.473911766e-10
-2.958549938e-13
3.294297437e-10
-8.122469162e-14
2.039521115e-10
7.098338774e-11
-9.882133913e-15
5.788131281e-11
-3.884676506e-14
1.693574869e-10
-8.59842418e-14
2.745828551e-10
-1.505296909e-13
3.737952676e-10
-2.31761379e-13
4.672271417e-10
-3.291406662e-13
5.551050641e-10
-4.420829323e-13
6.376490482e-10
-5.701420421e-13
7.150722836e-10
-7.128928873e-13
7.875802484e-10
-8.699261153e-13
8.553703107e-10
-1.040840643e-12
9.18630847e-10
-1.225275828e-12
9.775403252e-10
-1.422881681e-12
1.032266342e-09
-1.633307886e-12
1.082964413e-09
-1.85618022e-12
1.129776849e-09
-2.091112936e-12
1.172831668e-09
-2.337520023e-12
1.212241433e-09
-2.59452919e-12
1.248101934e-09
-2.861018316e-12
1.280491267e-09
-3.135438129e-12
1.309468568e-09
-3.415568621e-12
1.335072361e-09
-3.698764152e-12
1.357319867e-09
-3.981517847e-12
1.37620557e-09
-4.259762704e-12
1.391699905e-09
-4.528764224e-12
1.403749519e-09
-4.783064438e-12
1.412275254e-09
-5.016902883e-12
1.417173688e-09
-5.223935774e-12
1.418316098e-09
-5.397884977e-12
1.415550082e-09
-5.532315768e-12
1.40870088e-09
-5.621183472e-12
1.397572357e-09
-5.659085726e-12
1.381950677e-09
-5.641262529e-12
1.361605894e-09
-5.564135911e-12
1.336295791e-09
-5.425438267e-12
1.305769829e-09
-5.224366161e-12
1.269771916e-09
-4.961873363e-12
1.228045872e-09
-4.640847095e-12
1.180338745e-09
-4.266073091e-12
1.126405581e-09
-3.844422762e-12
1.066013257e-09
-3.384850964e-12
9.989443763e-10
-2.898401361e-12
9.250011583e-10
-2.398174363e-12
8.440088838e-10
-1.899255063e-12
7.55818546e-10
-1.41861767e-12
6.603095728e-10
-9.750037171e-13
5.57391403e-10
-5.887912779e-13
4.470049642e-10
-2.81850776e-13
3.291228032e-10
-7.741398871e-14
2.037476747e-10
7.090597375e-11
-9.419495502e-15
5.789073231e-11
-3.703666822e-14
1.69385104e-10
-8.202286029e-14
2.746278413e-10
-1.436565154e-13
3.738569012e-10
-2.213212775e-13
4.673048065e-10
-3.145362103e-13
5.551982791e-10
-4.228475118e-13
6.377573595e-10
-5.458112293e-13
7.151952473e-10
-6.83107591e-13
7.877175447e-10
-8.343817494e-13
8.555215849e-10
-9.992672155e-13
9.187957325e-10
-1.177411546e-12
9.777184695e-10
-1.368445346e-12
1.032457375e-09
-1.571968086e-12
1.083167936e-09
-1.7875649e-12
1.129992446e-09
-2.014739346e-12
1.173058843e-09
-2.252724597e-12
1.212479418e-09
-2.50061548e-12
1.248349825e-09
-2.757275645e-12
1.280747927e-09
-3.020982256e-12
1.309732274e-09
-3.289583057e-12
1.335340961e-09
-3.560492931e-12
1.357590777e-09
-3.830259893e-12
1.376475337e-09
-4.095075203e-12
1.39196472e-09
-4.350316418e-12
1.404004761e-09
-4.590913362e-12
1.412515851e-09
-4.811378014e-12
1.417394153e-09
-5.005788407e-12
1.418510509e-09
-5.168285627e-12
1.415712579e-09
-5.29285497e-12
1.40882545e-09
-5.373932806e-12
1.397653435e-09
-5.406435946e-12
1.38198318e-09
-5.385997321e-12
1.361585455e-09
-5.309371432e-12
1.336219165e-09
-5.174431129e-12
1.305634888e-09
-4.980510142e-12
1.269577995e-09
-4.728560037e-12
1.227793922e-09
-4.421346103e-12
1.180031531e-09
-4.063404036e-12
1.126047639e-09
-3.661228849e-12
1.065611082e-09
-3.223277848e-12
9.985064253e-10
-2.759982797e-12
9.245378632e-10
-2.283727071e-12
8.435326281e-10
-1.808785288e-12
7.553436042e-10
-1.351241411e-12
6.598520289e-10
-9.288819962e-13
5.569690436e-10
-5.610810399e-13
4.466371632e-10
-2.686712934e-13
3.288303934e-10
-7.382728888e-14
2.035528307e-10
7.083214645e-11
-8.932115502e-15
5.789966443e-11
-3.513376444e-14
1.694113057e-10
-7.78384237e-14
2.74670546e-10
-1.363891507e-13
3.739154519e-10
-2.102904549e-13
4.673787078e-10
-2.990833913e-13
5.55287072e-10
-4.024468118e-13
6.378607229e-10
-5.200156592e-13
7.153128161e-10
-6.514849397e-13
7.87849014e-10
-7.965990194e-13
8.55666699e-10
-9.550318813e-13
9.189541654e-10
-1.126451363e-12
9.77889889e-10
-1.310480769e-12
1.032641405e-09
-1.506716178e-12
1.083364171e-09
-1.714684855e-12
1.130200415e-09
-1.933735657e-12
1.173277893e-09
-2.163079265e-12
1.212708762e-09
-2.401769175e-12
1.248588515e-09
-2.64857401e-12
1.280994732e-09
-2.901716847e-12
1.309985417e-09
-3.159149301e-12
1.335598394e-09
-3.418220998e-12
1.357849848e-09
-3.675645422e-12
1.376732761e-09
-3.927793803e-12
1.392216868e-09
-4.170215998e-12
1.404247183e-09
-4.398194737e-12
1.41274383e-09
-4.606451685e-12
1.417602409e-09
-4.789494477e-12
1.418693551e-09
-4.941806144e-12
1.415864891e-09
-5.057776364e-12
1.40894142e-09
-5.132270303e-12
1.397727929e-09
-5.160487814e-12
1.382011397e-09
-5.138411512e-12
1.361563379e-09
-5.063061176e-12
1.336143815e-09
-4.932464233e-12
1.305504291e-09
-4.746047797e-12
1.269391579e-09
-4.504762266e-12
1.227552636e-09
-4.211224855e-12
1.179737994e-09
-3.869735825e-12
1.12570615e-09
-3.486432546e-12
1.065227779e-09
-3.069304775e-12
9.980892976e-10
-2.628211619e-12
9.240967701e-10
-2.174866574e-12
8.43079283e-10
-1.722787362e-12
7.54891525e-10
-1.287225921e-12
6.594164675e-10
-8.850748399e-13
5.565668925e-10
-5.347660655e-13
4.462868544e-10
-2.561560198e-13
3.285517834e-10
-7.042108071e-14
2.033670958e-10
7.076172536e-11
-8.423539662e-15
-3.314217784e-14
-7.344715775e-14
-1.287678141e-13
-1.987079992e-13
-2.828544321e-13
-3.809834315e-13
-4.928488894e-13
-6.181868174e-13
-7.567768228e-13
-9.083627506e-13
-1.072654141e-12
-1.249296417e-12
-1.437861053e-12
-1.637788769e-12
-1.848391466e-12
-2.068842786e-12
-2.298201357e-12
1.248817873e-09
-2.535070928e-12
1.281231601e-09
-2.777726527e-12
1.310228073e-09
-3.024201204e-12
1.335844869e-09
-3.271784664e-12
1.358097432e-09
-3.517405218e-12
1.376978382e-09
-3.757506078e-12
1.392456969e-09
-3.987887636e-12
1.404477564e-09
-4.204106055e-12
1.412960048e-09
-4.401133139e-12
1.417799437e-09
-4.573884137e-12
1.418866302e-09
-4.717088737e-12
1.416008096e-09
-4.825542533e-12
1.409049874e-09
-4.894455443e-12
1.397796842e-09
-4.919347128e-12
1.382036289e-09
-4.896482564e-12
1.361540514e-09
-4.823101088e-12
1.336070434e-09
-4.697377795e-12
1.305378568e-09
-4.518804166e-12
1.269213005e-09
-4.288333785e-12
1.227322166e-09
-4.00840822e-12
1.179458068e-09
-3.683106681e-12
1.125380848e-09
-3.318224133e-12
1.064862896e-09
-2.921307507e-12
9.976923809e-10
-2.501675548e-12
9.236771381e-10
-2.07041065e-12
8.426480181e-10
-1.640317506e-12
7.544614319e-10
-1.22586321e-12
6.590020132e-10
-8.430952728e-13
5.561841246e-10
-5.095529864e-13
4.459533122e-10
-2.441652684e-13
3.282863957e-10
-6.71573462e-14
2.031900878e-10
7.069456801e-11
-2.190070616e-12
-2.416905e-12
-2.649119184e-12
-2.884710055e-12
-3.121061964e-12
-3.355281072e-12
-3.583837987e-12
-3.802825504e-12
-4.007992656e-12
-4.194606578e-12
-4.35792547e-12
-4.49292926e-12
-4.594792892e-12
-4.659004571e-12
-4.681387052e-12
-4.658495163e-12
-4.587700267e-12
-4.467331206e-12
-4.296927889e-12
-4.077423508e-12
-3.811101069e-12
-3.501816136e-12
-3.155033792e-12
-2.777877021e-12
-2.379149634e-12
-1.969334076e-12
-1.560557677e-12
-1.166540296e-12
-8.025222946e-13
-4.851885645e-13
-2.325786452e-13
-6.400338391e-14
)
;

boundaryField
{
    front_top
    {
        type            wedge;
        value           nonuniform 0();
    }
    front_middle
    {
        type            wedge;
        value           nonuniform 0();
    }
    front_bottom
    {
        type            wedge;
        value           nonuniform List<scalar> 
1167
(
-1.830857384e-25
-2.772635423e-25
-4.888998203e-25
-3.200764275e-25
-1.013685591e-25
-6.89182814e-25
-3.03058819e-25
1.173910097e-25
-3.628511926e-25
-3.792890792e-25
-3.972750731e-25
-4.55589096e-25
-1.146734238e-24
-3.282736055e-25
3.758403091e-25
-3.247190246e-25
-2.695162635e-25
-2.773067163e-25
-2.967407623e-25
-3.356882483e-25
-5.020552613e-25
-2.945502224e-25
-3.836777184e-26
4.851224842e-24
5.452862559e-24
5.613435204e-24
6.62648362e-24
7.686572598e-24
7.332120145e-24
7.850603083e-24
8.276343736e-24
7.951718926e-24
8.018525379e-24
7.983640103e-24
7.835100866e-24
7.497887836e-24
7.905794775e-24
7.911662309e-24
7.417962391e-24
7.414963546e-24
7.113416062e-24
6.761131582e-24
6.347017479e-24
5.569759219e-24
5.716305384e-24
6.066012718e-24
-1.010782848e-23
-1.184572038e-23
-1.341264067e-23
-1.433747714e-23
-1.486888588e-23
-1.599115016e-23
-1.614447575e-23
-1.642200205e-23
-1.729261998e-23
-1.728975967e-23
-1.735026203e-23
-1.74023239e-23
-1.739159165e-23
-1.646552083e-23
-1.631484405e-23
-1.62123095e-23
-1.520878897e-23
-1.485467453e-23
-1.443649994e-23
-1.396002246e-23
-1.354354485e-23
-1.282571283e-23
-1.15373419e-23
-4.259802591e-24
-5.167293844e-24
-5.882380983e-24
-6.288123863e-24
-6.477134279e-24
-6.929956271e-24
-7.029624646e-24
-7.110048511e-24
-7.522433275e-24
-7.625957176e-24
-7.676353704e-24
-7.827233932e-24
-7.714161702e-24
-7.179249549e-24
-7.116442074e-24
-7.146932062e-24
-6.650002437e-24
-6.380004079e-24
-6.326672876e-24
-6.164023746e-24
-5.997641127e-24
-5.630858204e-24
-5.044156972e-24
-1.248095324e-24
-1.431409098e-24
-1.668886915e-24
-1.761772552e-24
-1.73862998e-24
-1.945472342e-24
-1.856210107e-24
-1.655399531e-24
-2.049274179e-24
-2.270604851e-24
-2.195149652e-24
-2.150811693e-24
-2.363743358e-24
-2.162729317e-24
-1.845450185e-24
-1.790523994e-24
-1.765708496e-24
-1.854011907e-24
-1.757962786e-24
-1.740431647e-24
-1.74143361e-24
-1.581418616e-24
-1.319205622e-24
-8.459892504e-24
-9.724390691e-24
-1.090124502e-23
-1.179341333e-23
-1.239797406e-23
-1.303726921e-23
-1.348263936e-23
-1.37446645e-23
-1.412490258e-23
-1.436650915e-23
-1.438799918e-23
-1.431849129e-23
-1.430399789e-23
-1.405019329e-23
-1.363751307e-23
-1.321710712e-23
-1.285378517e-23
-1.256687929e-23
-1.211226817e-23
-1.165884166e-23
-1.123693782e-23
-1.058104671e-23
-9.809177994e-24
1.806645746e-23
2.060316398e-23
2.282392537e-23
2.452427166e-23
2.614890355e-23
2.758459729e-23
2.849321344e-23
2.924431486e-23
2.967108434e-23
2.987058752e-23
2.992899437e-23
2.987350925e-23
2.948908753e-23
2.90539747e-23
2.86308439e-23
2.820400281e-23
2.746813934e-23
2.642794265e-23
2.553574451e-23
2.452084725e-23
2.348236125e-23
2.228574703e-23
2.113236735e-23
4.846463029e-23
5.457228839e-23
6.001472078e-23
6.465022388e-23
6.86577712e-23
7.195080429e-23
7.44293113e-23
7.633475723e-23
7.763276291e-23
7.833060436e-23
7.851055299e-23
7.825370713e-23
7.755884388e-23
7.657957244e-23
7.532004923e-23
7.375795378e-23
7.185066182e-23
6.960771683e-23
6.719388997e-23
6.458929439e-23
6.18181264e-23
5.884388247e-23
5.579037702e-23
-6.381200938e-23
-7.110636631e-23
-7.763496588e-23
-8.338588145e-23
-8.820139041e-23
-9.22180583e-23
-9.550534493e-23
-9.786429347e-23
-9.93960746e-23
-1.003406842e-22
-1.007442224e-22
-1.005601327e-22
-9.980851599e-23
-9.84558685e-23
-9.667595779e-23
-9.46083732e-23
-9.21660076e-23
-8.943094616e-23
-8.645648823e-23
-8.316764647e-23
-7.962704707e-23
-7.589034874e-23
-7.188512316e-23
1.133739892e-22
1.243064801e-22
1.342814962e-22
1.431006022e-22
1.506799813e-22
1.571315481e-22
1.621162825e-22
1.659721083e-22
1.687334286e-22
1.701806229e-22
1.707131375e-22
1.703205389e-22
1.690150891e-22
1.668604512e-22
1.6423393e-22
1.609757382e-22
1.568990969e-22
1.523126545e-22
1.472950986e-22
1.418418041e-22
1.359958214e-22
1.297438442e-22
1.231450154e-22
-7.365621168e-23
-7.956384964e-23
-8.500887734e-23
-8.996454869e-23
-9.430423841e-23
-9.78662115e-23
-1.008038325e-22
-1.029984688e-22
-1.044933787e-22
-1.054373334e-22
-1.057552849e-22
-1.055071228e-22
-1.047604152e-22
-1.035273049e-22
-1.01751265e-22
-9.955423214e-23
-9.72358947e-23
-9.458270223e-23
-9.146614856e-23
-8.811501841e-23
-8.448864927e-23
-8.070613931e-23
-7.671413773e-23
-1.167539663e-22
-1.240684989e-22
-1.309914724e-22
-1.372433175e-22
-1.427927123e-22
-1.475818314e-22
-1.514201746e-22
-1.543288221e-22
-1.563430926e-22
-1.57519818e-22
-1.578799796e-22
-1.574624527e-22
-1.563157284e-22
-1.544305636e-22
-1.518846428e-22
-1.487879535e-22
-1.453303806e-22
-1.413845896e-22
-1.368637531e-22
-1.319788565e-22
-1.267589067e-22
-1.211190599e-22
-1.151720162e-22
-2.178408764e-23
-2.28255804e-23
-2.382088083e-23
-2.467493314e-23
-2.550189135e-23
-2.631943061e-23
-2.68507383e-23
-2.724743176e-23
-2.754612649e-23
-2.770120545e-23
-2.776052799e-23
-2.769946915e-23
-2.751391587e-23
-2.708323524e-23
-2.656366337e-23
-2.607848105e-23
-2.550028342e-23
-2.480691439e-23
-2.402628688e-23
-2.317960328e-23
-2.228845228e-23
-2.125448365e-23
-2.017539799e-23
8.141129e-24
8.324124147e-24
8.543447998e-24
8.864629666e-24
9.058045476e-24
9.094544228e-24
9.262668155e-24
9.345533755e-24
9.477488399e-24
9.538092351e-24
9.497078985e-24
9.41179072e-24
9.341234327e-24
9.328766288e-24
9.216730983e-24
8.948256603e-24
8.740027614e-24
8.587672104e-24
8.298591691e-24
8.014500176e-24
7.680421063e-24
7.458786874e-24
7.212503198e-24
3.45322645e-22
3.503874147e-22
3.561857958e-22
3.622168825e-22
3.67882402e-22
3.728033803e-22
3.76823651e-22
3.796999987e-22
3.814311888e-22
3.818076957e-22
3.807788147e-22
3.784185496e-22
3.748011247e-22
3.699582802e-22
3.638804077e-22
3.566228808e-22
3.483573995e-22
3.391488991e-22
3.289239336e-22
3.178330046e-22
3.059316769e-22
2.933626751e-22
2.800985792e-22
1.42751888e-23
1.424377441e-23
1.429044346e-23
1.44575362e-23
1.460860056e-23
1.468305366e-23
1.467409267e-23
1.463509184e-23
1.477143488e-23
1.478111809e-23
1.466959766e-23
1.453351056e-23
1.438361484e-23
1.420060408e-23
1.397004126e-23
1.368221442e-23
1.33626202e-23
1.307196489e-23
1.267060165e-23
1.224199843e-23
1.179323719e-23
1.138426427e-23
1.096164678e-23
-1.89215519e-22
-1.873979043e-22
-1.863975618e-22
-1.85794001e-22
-1.854772354e-22
-1.853880347e-22
-1.852688052e-22
-1.849833858e-22
-1.841729583e-22
-1.830413237e-22
-1.816868203e-22
-1.798813728e-22
-1.775389331e-22
-1.747572246e-22
-1.716206879e-22
-1.680514775e-22
-1.639730391e-22
-1.594921693e-22
-1.547610516e-22
-1.496376953e-22
-1.441697969e-22
-1.3830304e-22
-1.321126573e-22
-2.661634232e-22
-2.607838498e-22
-2.568536042e-22
-2.538067252e-22
-2.513795882e-22
-2.49472551e-22
-2.477723122e-22
-2.460280381e-22
-2.439724689e-22
-2.416443122e-22
-2.390536128e-22
-2.360415942e-22
-2.325205571e-22
-2.285418543e-22
-2.241439525e-22
-2.192279869e-22
-2.137803075e-22
-2.079110437e-22
-2.016711925e-22
-1.949917912e-22
-1.879148302e-22
-1.803533296e-22
-1.723827651e-22
-1.641726436e-22
4.504070467e-22
4.371606807e-22
4.266811004e-22
4.183230474e-22
4.115656158e-22
4.057288998e-22
4.003668422e-22
3.953276509e-22
3.904050692e-22
3.85319681e-22
3.798711739e-22
3.740010271e-22
3.676577807e-22
3.607380941e-22
3.531698248e-22
3.450945426e-22
3.364435282e-22
3.270856358e-22
3.170936099e-22
3.065110923e-22
2.953531934e-22
2.836752465e-22
2.715403762e-22
2.588156705e-22
1.030610291e-21
9.921680692e-22
9.607432608e-22
9.347638414e-22
9.130091543e-22
8.942025241e-22
8.773298781e-22
8.618300329e-22
8.471271928e-22
8.326829071e-22
8.180922991e-22
8.030898926e-22
7.874626014e-22
7.710096281e-22
7.535942917e-22
7.352986091e-22
7.159758074e-22
6.954679461e-22
6.738559751e-22
6.511489517e-22
6.273662344e-22
6.025388631e-22
5.767539156e-22
5.499087719e-22
-5.792094783e-22
-5.535562631e-22
-5.321776818e-22
-5.14165776e-22
-4.987166557e-22
-4.853229921e-22
-4.735564641e-22
-4.628519993e-22
-4.528232621e-22
-4.432479942e-22
-4.339148242e-22
-4.246268824e-22
-4.152265578e-22
-4.056358097e-22
-3.957646846e-22
-3.854512219e-22
-3.747223826e-22
-3.63619031e-22
-3.52059724e-22
-3.400191763e-22
-3.274882236e-22
-3.144517107e-22
-3.008894685e-22
-2.868748315e-22
-5.217818376e-22
-4.954755076e-22
-4.732619627e-22
-4.543400465e-22
-4.379930291e-22
-4.237399598e-22
-4.112386269e-22
-3.999548563e-22
-3.895070617e-22
-3.797218916e-22
-3.703781991e-22
-3.612925402e-22
-3.523139758e-22
-3.433588857e-22
-3.343154758e-22
-3.250423986e-22
-3.155518059e-22
-3.058471401e-22
-2.958567004e-22
-2.855463848e-22
-2.74894716e-22
-2.638803167e-22
-2.524897902e-22
-2.407478231e-22
-7.291391639e-22
-6.884473722e-22
-6.537650293e-22
-6.240071601e-22
-5.981843787e-22
-5.756074083e-22
-5.557229432e-22
-5.378534437e-22
-5.21523391e-22
-5.063979157e-22
-4.921594327e-22
-4.785467895e-22
-4.653442925e-22
-4.523926428e-22
-4.395257848e-22
-4.265855342e-22
-4.135292625e-22
-4.003115074e-22
-3.868438695e-22
-3.730734495e-22
-3.589581518e-22
-3.444636254e-22
-3.295737325e-22
-3.142922611e-22
2.376751212e-21
2.232853668e-21
2.109372908e-21
2.002821624e-21
1.910241849e-21
1.82910086e-21
1.757243459e-21
1.692915261e-21
1.63462899e-21
1.581110517e-21
1.531288724e-21
1.484262864e-21
1.439284658e-21
1.395721212e-21
1.353087763e-21
1.310975356e-21
1.26900307e-21
1.226875512e-21
1.184362292e-21
1.141278417e-21
1.097475764e-21
1.052845509e-21
1.007278077e-21
9.606803455e-22
-3.1246161e-21
-2.921721924e-21
-2.746718139e-21
-2.595031955e-21
-2.462825332e-21
-2.346795407e-21
-2.244131834e-21
-2.152460065e-21
-2.069750599e-21
-1.994301032e-21
-1.924643167e-21
-1.859561656e-21
-1.798045627e-21
-1.739204076e-21
-1.682267245e-21
-1.626686251e-21
-1.571947194e-21
-1.517569699e-21
-1.463232017e-21
-1.408640693e-21
-1.353541222e-21
-1.297725268e-21
-1.241057327e-21
-1.183398694e-21
2.647063142e-21
2.464782672e-21
2.306966165e-21
2.169799436e-21
2.049966943e-21
1.944673133e-21
1.851554205e-21
1.768557333e-21
1.693918987e-21
1.626201964e-21
1.564148512e-21
1.506638908e-21
1.45274307e-21
1.401706347e-21
1.352891678e-21
1.305711436e-21
1.259670895e-21
1.214404474e-21
1.169571098e-21
1.124874078e-21
1.080090161e-21
1.035029758e-21
9.895077273e-22
9.433823961e-22
-6.994014514e-22
-6.48576353e-22
-6.044562846e-22
-5.660069347e-22
-5.323746408e-22
-5.028359504e-22
-4.767342689e-22
-4.534975116e-22
-4.327183305e-22
-4.13939186e-22
-3.967700578e-22
-3.809747058e-22
-3.663340629e-22
-3.525852903e-22
-3.395028552e-22
-3.269605206e-22
-3.148977345e-22
-3.031374714e-22
-2.91538793e-22
-2.800813718e-22
-2.686792922e-22
-2.572606977e-22
-2.45787733e-22
-2.342349771e-22
-2.683129577e-21
-2.479131818e-21
-2.301703995e-21
-2.146921647e-21
-2.011424705e-21
-1.892372718e-21
-1.787256589e-21
-1.6938933e-21
-1.610482175e-21
-1.535404213e-21
-1.467259231e-21
-1.404897984e-21
-1.347349307e-21
-1.293703338e-21
-1.243178515e-21
-1.195147823e-21
-1.149144085e-21
-1.104652931e-21
-1.061224383e-21
-1.018562306e-21
-9.763738591e-22
-9.343957215e-22
-8.924188399e-22
-8.502977866e-22
3.606424022e-21
3.320635076e-21
3.071802012e-21
2.85464969e-21
2.66457019e-21
2.497530193e-21
2.350184585e-21
2.219600456e-21
2.103166981e-21
1.998736585e-21
1.904424059e-21
1.81854561e-21
1.739653518e-21
1.666572408e-21
1.598278941e-21
1.533873113e-21
1.472497186e-21
1.413514062e-21
1.356414346e-21
1.30065204e-21
1.245820443e-21
1.191588706e-21
1.137656446e-21
1.083686323e-21
-9.331086312e-22
-8.56190766e-22
-7.891934819e-22
-7.30683716e-22
-6.794287071e-22
-6.345371241e-22
-5.950160118e-22
-5.600180991e-22
-5.288999022e-22
-5.010715862e-22
-4.760313803e-22
-4.533267179e-22
-4.325828561e-22
-4.134763468e-22
-3.957344241e-22
-3.790298861e-22
-3.632440857e-22
-3.482257513e-22
-3.337461686e-22
-3.196875275e-22
-3.059498209e-22
-2.924025981e-22
-2.78933052e-22
-2.655849958e-22
-1.145908038e-21
-1.048019116e-21
-9.627864279e-22
-8.884146675e-22
-8.233193339e-22
-7.663534402e-22
-7.162904183e-22
-6.720333167e-22
-6.327803297e-22
-5.977862988e-22
-5.664005145e-22
-5.380557925e-22
-5.122717878e-22
-4.886397492e-22
-4.66801892e-22
-4.463616768e-22
-4.271458904e-22
-4.089666477e-22
-3.915384569e-22
-3.747052086e-22
-3.583303699e-22
-3.422722304e-22
-3.263661342e-22
-3.106600127e-22
-2.3030732e-21
-2.099724869e-21
-1.922819842e-21
-1.768642876e-21
-1.633958841e-21
-1.516147612e-21
-1.412740834e-21
-1.321587862e-21
-1.240923555e-21
-1.169203762e-21
-1.105080043e-21
-1.047378217e-21
-9.950941867e-22
-9.473673241e-22
-9.034433353e-22
-8.626178077e-22
-8.244083499e-22
-7.883602283e-22
-7.540006293e-22
-7.209767951e-22
-6.889899631e-22
-6.577609178e-22
-6.270268884e-22
-5.96708004e-22
-3.193665785e-22
-2.902222724e-22
-2.649019031e-22
-2.428480444e-22
-2.235796661e-22
-2.068222627e-22
-1.921552957e-22
-1.792237839e-22
-1.678074494e-22
-1.576845427e-22
-1.486601688e-22
-1.405658583e-22
-1.332600167e-22
-1.266211728e-22
-1.205356364e-22
-1.14866102e-22
-1.095954761e-22
-1.04677061e-22
-1.000059428e-22
-9.553242696e-23
-9.121683588e-23
-8.700613915e-23
-8.284284691e-23
-7.880802477e-23
5.465273323e-21
4.952922396e-21
4.508576765e-21
4.122644738e-21
3.786809645e-21
3.493801912e-21
3.23753425e-21
3.012725492e-21
2.814702954e-21
2.639520109e-21
2.483758315e-21
2.344457553e-21
2.219072036e-21
2.105413961e-21
2.001599357e-21
1.906049124e-21
1.817310402e-21
1.734148948e-21
1.655566816e-21
1.580670008e-21
1.508688642e-21
1.438967978e-21
1.370958981e-21
1.30405538e-21
-3.412365252e-21
-3.097438976e-21
-2.824418339e-21
-2.587263519e-21
-2.380900339e-21
-2.200800456e-21
-2.043080314e-21
-1.904461986e-21
-1.782119637e-21
-1.673611881e-21
-1.576832204e-21
-1.489974712e-21
-1.411490084e-21
-1.34002926e-21
-1.274415939e-21
-1.213709711e-21
-1.157071568e-21
-1.103735221e-21
-1.053071721e-21
-1.004543601e-21
-9.57652744e-22
-9.119918809e-22
-8.673014884e-22
1.840422235e-21
1.666230832e-21
1.515585425e-21
1.385031501e-21
1.271577702e-21
1.172746606e-21
1.08641249e-21
1.010703351e-21
9.44028649e-22
8.850275637e-22
8.325314398e-22
7.855358024e-22
7.431736464e-22
7.04721532e-22
6.695640094e-22
6.371225812e-22
6.069134495e-22
5.785513e-22
5.516948929e-22
5.260463601e-22
5.013605413e-22
4.774109014e-22
4.53952211e-22
-1.714629917e-21
-1.548366431e-21
-1.404888023e-21
-1.280792551e-21
-1.173243827e-21
-1.079780629e-21
-9.98264875e-22
-9.269115181e-22
-8.642036685e-22
-8.088332876e-22
-7.596784484e-22
-7.157796001e-22
-6.76324391e-22
-6.405838564e-22
-6.079468623e-22
-5.779262899e-22
-5.500838612e-22
-5.240218245e-22
-4.994092752e-22
-4.759610711e-22
-4.534308543e-22
-4.315943677e-22
-4.103156072e-22
-1.22048209e-21
-1.099562334e-21
-9.954666668e-22
-9.056310286e-22
-8.27922496e-22
-7.605390315e-22
-7.018776675e-22
-6.506214898e-22
-6.056638721e-22
-5.660448855e-22
-5.309441882e-22
-4.996607101e-22
-4.716156079e-22
-4.46259639e-22
-4.231526557e-22
-4.019515913e-22
-3.823388898e-22
-3.640269107e-22
-3.467748425e-22
-3.303726848e-22
-3.146542371e-22
-2.994473468e-22
-2.8465175e-22
3.32865663e-21
2.992697746e-21
2.704124801e-21
2.455632992e-21
2.241088541e-21
2.055287429e-21
1.893887065e-21
1.753169752e-21
1.629947939e-21
1.521544185e-21
1.425676967e-21
1.340401063e-21
1.264018196e-21
1.195155377e-21
1.132620687e-21
1.075329697e-21
1.022389986e-21
9.730493478e-22
9.266590524e-22
8.826602193e-22
8.405655119e-22
7.999684245e-22
7.604772282e-22
5.051593675e-23
4.538196742e-23
4.099073765e-23
3.72014231e-23
3.393529382e-23
3.109334861e-23
2.862900746e-23
2.650480989e-23
2.464547969e-23
2.300935051e-23
2.156487843e-23
2.028317236e-23
1.912091328e-23
1.808222737e-23
1.716665899e-23
1.632206024e-23
1.552944948e-23
1.478862502e-23
1.409177642e-23
1.343273116e-23
1.281387024e-23
1.222072121e-23
1.16257035e-23
-1.58810693e-21
-1.422467296e-21
-1.280796009e-21
-1.159309488e-21
-1.054806631e-21
-9.646420585e-22
-8.865768979e-22
-8.187019267e-22
-7.594486099e-22
-7.074868481e-22
-6.616755617e-22
-6.210507813e-22
-5.847968195e-22
-5.522124581e-22
-5.22683961e-22
-4.957298315e-22
-4.709296839e-22
-4.478983024e-22
-4.263184687e-22
-4.059165403e-22
-3.86437821e-22
-3.676998359e-22
-3.495549504e-22
5.868312073e-22
5.248680793e-22
4.720025424e-22
4.267097846e-22
3.87817244e-22
3.542947518e-22
3.253134067e-22
3.001690926e-22
2.782463637e-22
2.590430029e-22
2.421357343e-22
2.271621659e-22
2.138038809e-22
2.01817949e-22
1.910003197e-22
1.811296629e-22
1.720420306e-22
1.636108681e-22
1.557175391e-22
1.482637745e-22
1.411801033e-22
1.343692409e-22
1.277510918e-22
-3.259762308e-22
-2.91098568e-22
-2.613648978e-22
-2.359760753e-22
-2.142036409e-22
-1.954889641e-22
-1.793106218e-22
-1.652814499e-22
-1.530708932e-22
-1.423879077e-22
-1.329899462e-22
-1.24671511e-22
-1.172808398e-22
-1.106402536e-22
-1.046264039e-22
-9.916277928e-23
-9.415380148e-23
-8.950960978e-23
-8.517482707e-23
-8.108391513e-23
-7.717638901e-23
-7.342667664e-23
-6.981079129e-23
4.672702155e-22
4.168691373e-22
3.74016507e-22
3.3742235e-22
3.06089906e-22
2.791431707e-22
2.559351391e-22
2.358241643e-22
2.18323602e-22
2.030304434e-22
1.895962577e-22
1.777277781e-22
1.671505911e-22
1.576992058e-22
1.491688695e-22
1.413992903e-22
1.342634186e-22
1.276615455e-22
1.214855013e-22
1.156674092e-22
1.101438511e-22
1.048442376e-22
9.971100076e-23
2.515466429e-22
2.241979691e-22
2.009836378e-22
1.811841897e-22
1.642573867e-22
1.497018354e-22
1.371978515e-22
1.263641998e-22
1.169371546e-22
1.08709483e-22
1.014906865e-22
9.512520966e-23
8.944330636e-23
8.438462233e-23
7.981705975e-23
7.565984085e-23
7.183614574e-23
6.830870475e-23
6.50021429e-23
6.189331728e-23
5.89446571e-23
5.611729453e-23
5.338769922e-23
3.932577e-23
3.503348354e-23
3.140093399e-23
2.830438638e-23
2.566464483e-23
2.337803014e-23
2.144478856e-23
1.975653843e-23
1.827865447e-23
1.699214575e-23
1.586961721e-23
1.489028973e-23
1.399882557e-23
1.322499771e-23
1.251850536e-23
1.188076674e-23
1.127812181e-23
1.073255985e-23
1.021038194e-23
9.721966127e-24
9.263320091e-24
8.827768023e-24
8.411140166e-24
-5.66366605e-22
-5.03976292e-22
-4.511145329e-22
-4.061550367e-22
-3.677683344e-22
-3.349008e-22
-3.066019006e-22
-2.821663646e-22
-2.609707232e-22
-2.42481593e-22
-2.262650711e-22
-2.119498976e-22
-1.992558545e-22
-1.878867972e-22
-1.776543773e-22
-1.683488616e-22
-1.598482317e-22
-1.519791327e-22
-1.446533704e-22
-1.377536655e-22
-1.312004121e-22
-1.249152109e-22
-1.188327601e-22
7.121277081e-23
6.33428795e-23
5.667836896e-23
5.101975798e-23
4.620409466e-23
4.20647463e-23
3.852244755e-23
3.545603675e-23
3.278870514e-23
3.046660345e-23
2.843445661e-23
2.664808146e-23
2.505284664e-23
2.36380653e-23
2.235388684e-23
2.120558772e-23
2.013159556e-23
1.914672631e-23
1.822157314e-23
1.735401466e-23
1.652596915e-23
1.574081452e-23
1.499303745e-23
-2.424489725e-23
-2.154748272e-23
-1.927278849e-23
-1.733267597e-23
-1.567335657e-23
-1.426356213e-23
-1.304431309e-23
-1.19964292e-23
-1.109219799e-23
-1.030276632e-23
-9.609387501e-24
-8.995212222e-24
-8.455192697e-24
-7.966880395e-24
-7.53453803e-24
-7.12669899e-24
-6.770798381e-24
-6.436939689e-24
-6.129332198e-24
-5.838612777e-24
-5.569121906e-24
-5.299872126e-24
-5.034117533e-24
1.622027823e-23
1.441526371e-23
1.288722884e-23
1.159387052e-23
1.049644749e-23
9.553740503e-24
8.746905151e-24
8.049624212e-24
7.443958177e-24
6.917013308e-24
6.456117206e-24
6.050889242e-24
5.689870811e-24
5.369130714e-24
5.076723579e-24
4.81893955e-24
4.576097683e-24
4.353294347e-24
4.144505393e-24
3.948444179e-24
3.759505118e-24
3.582145178e-24
3.415004825e-24
)
;
    }
    back_top
    {
        type            wedge;
        value           nonuniform 0();
    }
    back_middle
    {
        type            wedge;
        value           nonuniform 0();
    }
    back_bottom
    {
        type            wedge;
        value           nonuniform List<scalar> 
1167
(
-4.30859967e-25
-4.302302242e-25
-2.97726976e-25
-5.323072131e-25
-8.045209601e-25
-2.591407051e-25
-6.774633012e-25
-1.120726916e-24
-6.549574821e-25
-6.455389319e-25
-6.280160608e-25
-5.642535734e-25
1.378588357e-25
-6.64740904e-25
-1.348671212e-24
-6.241048791e-25
-6.519835116e-25
-6.136831564e-25
-5.607330667e-25
-4.856633282e-25
-2.808430682e-25
-4.478947114e-25
-6.617722879e-25
4.416883256e-24
5.247071959e-24
6.299005436e-24
6.294998527e-24
6.056604423e-24
7.061966602e-24
7.038010055e-24
6.964236505e-24
7.513803878e-24
7.558538115e-24
7.603671967e-24
7.671060969e-24
7.843584672e-24
7.196687265e-24
6.886494833e-24
7.017325561e-24
6.605119794e-24
6.442903609e-24
6.286408999e-24
6.152358594e-24
6.346353984e-24
5.585022019e-24
4.591365372e-24
-1.071757754e-23
-1.221141135e-23
-1.338889207e-23
-1.475203621e-23
-1.608619046e-23
-1.644291186e-23
-1.741579432e-23
-1.794434396e-23
-1.759310865e-23
-1.785820502e-23
-1.782936615e-23
-1.760130576e-23
-1.724854231e-23
-1.764415205e-23
-1.711616947e-23
-1.640656706e-23
-1.647792837e-23
-1.579023073e-23
-1.506649301e-23
-1.431222421e-23
-1.341784481e-23
-1.275214481e-23
-1.259018245e-23
-5.150094096e-24
-5.697234452e-24
-6.22342945e-24
-6.855957347e-24
-7.515891436e-24
-7.737778795e-24
-8.153492111e-24
-8.444115047e-24
-8.272937499e-24
-8.293897808e-24
-8.263172374e-24
-8.037555839e-24
-7.991026327e-24
-8.290753831e-24
-8.050844273e-24
-7.656876795e-24
-7.735496608e-24
-7.537276137e-24
-7.077305865e-24
-6.686242141e-24
-6.262301471e-24
-6.005530826e-24
-5.938144806e-24
-1.785389107e-24
-2.063430471e-24
-2.22253187e-24
-2.463126458e-24
-2.760156741e-24
-2.771858414e-24
-3.028860622e-24
-3.351239738e-24
-3.037188006e-24
-2.858047039e-24
-2.941869732e-24
-2.964135738e-24
-2.701842632e-24
-2.829115582e-24
-3.050692905e-24
-2.990247607e-24
-2.881912264e-24
-2.644385707e-24
-2.576699179e-24
-2.417362876e-24
-2.227574837e-24
-2.187982772e-24
-2.24071234e-24
-9.164323307e-24
-1.048824304e-23
-1.155812099e-23
-1.257001713e-23
-1.353939807e-23
-1.416317931e-23
-1.46930559e-23
-1.514326198e-23
-1.523596867e-23
-1.525081839e-23
-1.529074877e-23
-1.524596392e-23
-1.49889295e-23
-1.483006597e-23
-1.470281293e-23
-1.446912623e-23
-1.407517219e-23
-1.351156794e-23
-1.30317274e-23
-1.247437657e-23
-1.181608227e-23
-1.132878635e-23
-1.089988713e-23
1.731712611e-23
1.968028163e-23
2.176150709e-23
2.3743523e-23
2.518900932e-23
2.62355462e-23
2.725717484e-23
2.79273613e-23
2.845603316e-23
2.87880138e-23
2.887779358e-23
2.873461977e-23
2.860921989e-23
2.825522138e-23
2.763731472e-23
2.679663368e-23
2.605970481e-23
2.544116985e-23
2.450752916e-23
2.354496262e-23
2.246777336e-23
2.142322023e-23
2.022025343e-23
4.743989236e-23
5.350915476e-23
5.889067639e-23
6.362600435e-23
6.751005968e-23
7.065548411e-23
7.322654704e-23
7.507231837e-23
7.63264484e-23
7.708115709e-23
7.73533204e-23
7.715331937e-23
7.657178114e-23
7.553734932e-23
7.411817093e-23
7.24015313e-23
7.048562737e-23
6.841116842e-23
6.606230029e-23
6.350121935e-23
6.073893843e-23
5.784506674e-23
5.472364828e-23
-6.50535972e-23
-7.229391834e-23
-7.885336375e-23
-8.457205302e-23
-8.952287828e-23
-9.355482988e-23
-9.663942817e-23
-9.905677778e-23
-1.008090743e-22
-1.017673963e-22
-1.020000295e-22
-1.016624396e-22
-1.008408567e-22
-9.967007063e-23
-9.806893556e-23
-9.597912274e-23
-9.355838108e-23
-9.078864971e-23
-8.767716812e-23
-8.435393997e-23
-8.080313186e-23
-7.701174851e-23
-7.308865384e-23
1.121557335e-22
1.230299368e-22
1.329647574e-22
1.418146505e-22
1.494550491e-22
1.556797784e-22
1.608276523e-22
1.6463198e-22
1.671787535e-22
1.688370727e-22
1.693716202e-22
1.689541783e-22
1.677306212e-22
1.657913314e-22
1.629040913e-22
1.593610771e-22
1.55465484e-22
1.510123958e-22
1.460182731e-22
1.405749356e-22
1.347182997e-22
1.28535216e-22
1.220280456e-22
-7.500719777e-23
-8.092461941e-23
-8.644480343e-23
-9.135281549e-23
-9.561139759e-23
-9.92863112e-23
-1.021870708e-22
-1.044366003e-22
-1.060314863e-22
-1.068913981e-22
-1.071727103e-22
-1.069019959e-22
-1.060969905e-22
-1.048277068e-22
-1.032327078e-22
-1.012680573e-22
-9.870421238e-23
-9.581890085e-23
-9.279467194e-23
-8.945196307e-23
-8.588083193e-23
-8.200749517e-23
-7.792505649e-23
-1.181910456e-22
-1.25485198e-22
-1.323687856e-22
-1.387309189e-22
-1.443192858e-22
-1.490023574e-22
-1.528663707e-22
-1.558414012e-22
-1.579014115e-22
-1.590525763e-22
-1.593607675e-22
-1.588901706e-22
-1.576957133e-22
-1.558851338e-22
-1.53487846e-22
-1.504998776e-22
-1.468287102e-22
-1.426936276e-22
-1.38252815e-22
-1.333601362e-22
-1.280590374e-22
-1.224994222e-22
-1.166278989e-22
-2.32912816e-23
-2.429165764e-23
-2.527831825e-23
-2.627164071e-23
-2.710066887e-23
-2.770655881e-23
-2.833901635e-23
-2.882905714e-23
-2.913399894e-23
-2.930379869e-23
-2.930008296e-23
-2.916059269e-23
-2.890289884e-23
-2.866133612e-23
-2.829598276e-23
-2.770042528e-23
-2.701780987e-23
-2.628505505e-23
-2.548531657e-23
-2.460797013e-23
-2.364388139e-23
-2.270260599e-23
-2.169675562e-23
6.568787319e-24
6.818360892e-24
7.038649298e-24
7.140119643e-24
7.333408918e-24
7.633215239e-24
7.740366437e-24
7.864318359e-24
7.8668877e-24
7.867819832e-24
7.898394436e-24
7.903371958e-24
7.826301187e-24
7.626862868e-24
7.466767477e-24
7.40723724e-24
7.235558624e-24
6.959889309e-24
6.775647798e-24
6.544163515e-24
6.323912332e-24
5.955667499e-24
5.579316528e-24
3.437018277e-22
3.488418809e-22
3.546510564e-22
3.605174121e-22
3.661396792e-22
3.711828249e-22
3.752573355e-22
3.782053623e-22
3.797833449e-22
3.800855785e-22
3.791240974e-22
3.768392161e-22
3.732028718e-22
3.682709395e-22
3.621858124e-22
3.55034994e-22
3.467850793e-22
3.374979713e-22
3.273538671e-22
3.163224866e-22
3.044849346e-22
2.918188355e-22
2.78457893e-22
1.259450857e-23
1.267054013e-23
1.27586118e-23
1.277342323e-23
1.281600313e-23
1.291844437e-23
1.306523051e-23
1.318595389e-23
1.306363055e-23
1.299317408e-23
1.296492267e-23
1.28802559e-23
1.272805677e-23
1.252899915e-23
1.230054691e-23
1.20557864e-23
1.177292687e-23
1.139461207e-23
1.106373419e-23
1.07005602e-23
1.030207481e-23
9.811951223e-24
9.286894351e-24
-1.910009139e-22
-1.890031224e-22
-1.878852757e-22
-1.874631325e-22
-1.873472154e-22
-1.871887881e-22
-1.869201694e-22
-1.864230269e-22
-1.858693087e-22
-1.849275537e-22
-1.834115679e-22
-1.814925419e-22
-1.792267177e-22
-1.765102752e-22
-1.732723989e-22
-1.696153617e-22
-1.656448005e-22
-1.612846171e-22
-1.564140294e-22
-1.512128567e-22
-1.456749908e-22
-1.398927205e-22
-1.338263638e-22
-2.678903992e-22
-2.624038834e-22
-2.583476721e-22
-2.554446304e-22
-2.532609812e-22
-2.513214761e-22
-2.494733658e-22
-2.475969038e-22
-2.456737734e-22
-2.434566381e-22
-2.407827778e-22
-2.377005645e-22
-2.342246226e-22
-2.302652579e-22
-2.25770384e-22
-2.208435829e-22
-2.155145627e-22
-2.09692851e-22
-2.03351462e-22
-1.965937449e-22
-1.894163409e-22
-1.819431876e-22
-1.741367347e-22
-1.658601901e-22
4.487079287e-22
4.355280887e-22
4.251265827e-22
4.167431013e-22
4.097329997e-22
4.038092525e-22
3.986229454e-22
3.93685227e-22
3.886954139e-22
3.835452047e-22
3.781395531e-22
3.723112471e-22
3.659452076e-22
3.590369497e-22
3.515939195e-22
3.434405823e-22
3.346348197e-22
3.253080284e-22
3.153964725e-22
3.048844244e-22
2.937957023e-22
2.821127092e-22
2.698142818e-22
2.570714043e-22
1.028931698e-21
9.905314188e-22
9.591567763e-22
9.331912209e-22
9.112062533e-22
8.922717728e-22
8.755650022e-22
8.601548351e-22
8.454159457e-22
8.309329285e-22
8.163636487e-22
8.013848545e-22
7.857475384e-22
7.693263012e-22
7.520322739e-22
7.336251123e-22
7.141501116e-22
6.937000425e-22
6.721541263e-22
6.495076325e-22
6.257768482e-22
6.009686997e-22
5.750443461e-22
5.481545749e-22
-5.808659875e-22
-5.551880486e-22
-5.337809566e-22
-5.157763108e-22
-5.004966112e-22
-4.872145692e-22
-4.753206387e-22
-4.645272931e-22
-4.545274437e-22
-4.449771533e-22
-4.356347026e-22
-4.2633482e-22
-4.169394142e-22
-4.073042414e-22
-3.973555565e-22
-3.871283768e-22
-3.765014565e-22
-3.653668815e-22
-3.537554994e-22
-3.416646632e-22
-3.290953624e-22
-3.160608293e-22
-3.02584255e-22
-2.885998966e-22
-5.23415731e-22
-4.970979132e-22
-4.748719514e-22
-4.559599985e-22
-4.397545099e-22
-4.256305237e-22
-4.129947643e-22
-4.01603277e-22
-3.912008192e-22
-3.814325768e-22
-3.720869429e-22
-3.629968086e-22
-3.54022185e-22
-3.450155685e-22
-3.359133466e-22
-3.267163207e-22
-3.1729873e-22
-3.07572073e-22
-2.975410699e-22
-2.871900872e-22
-2.765105641e-22
-2.65504803e-22
-2.541712084e-22
-2.424751922e-22
-7.307463246e-22
-6.900537527e-22
-6.553717687e-22
-6.256097804e-22
-5.9992126e-22
-5.77455742e-22
-5.574627634e-22
-5.395227572e-22
-5.232048157e-22
-5.080867012e-22
-4.938513414e-22
-4.802389597e-22
-4.670326818e-22
-4.540347431e-22
-4.411297721e-22
-4.282493091e-22
-4.152439468e-22
-4.020076024e-22
-3.88509768e-22
-3.747078081e-22
-3.605730422e-22
-3.46090294e-22
-3.312344183e-22
-3.159661845e-22
2.375176315e-21
2.231269319e-21
2.107774495e-21
2.001188249e-21
1.908533588e-21
1.827341893e-21
1.755528694e-21
1.691244005e-21
1.632966007e-21
1.579449356e-21
1.52961926e-21
1.482588762e-21
1.437622791e-21
1.394096061e-21
1.351470049e-21
1.309326836e-21
1.267339232e-21
1.225216193e-21
1.182721269e-21
1.139660504e-21
1.095870365e-21
1.051224257e-21
1.005642945e-21
9.590514874e-22
-3.12615166e-21
-2.923277511e-21
-2.748299537e-21
-2.596686566e-21
-2.464503656e-21
-2.34847178e-21
-2.245815742e-21
-2.154122316e-21
-2.07138766e-21
-1.995926054e-21
-1.926284394e-21
-1.861213307e-21
-1.799675473e-21
-1.740803725e-21
-1.683901281e-21
-1.628318021e-21
-1.573545595e-21
-1.519185e-21
-1.464842305e-21
-1.410235402e-21
-1.35512842e-21
-1.299333363e-21
-1.242666091e-21
-1.184987835e-21
2.645576837e-21
2.463264336e-21
2.305416756e-21
2.16818738e-21
2.048320267e-21
1.943023615e-21
1.849904858e-21
1.766910648e-21
1.692318235e-21
1.624626927e-21
1.562543423e-21
1.505014712e-21
1.451153728e-21
1.400148476e-21
1.351301439e-21
1.304096179e-21
1.258092906e-21
1.212841163e-21
1.167998978e-21
1.123311278e-21
1.078532841e-21
1.033453285e-21
9.879280329e-22
9.418218561e-22
-7.008327159e-22
-6.500545503e-22
-6.059658942e-22
-5.67576259e-22
-5.339948847e-22
-5.044567091e-22
-4.783466254e-22
-4.551331144e-22
-4.342812789e-22
-4.15450792e-22
-3.98335525e-22
-3.82573933e-22
-3.678825068e-22
-3.540902805e-22
-3.410489241e-22
-3.285708805e-22
-3.164523927e-22
-3.046386891e-22
-2.930714814e-22
-2.816086933e-22
-2.702002089e-22
-2.587990285e-22
-2.473427189e-22
-2.357721914e-22
-2.684530225e-21
-2.480568205e-21
-2.303166411e-21
-2.148445741e-21
-2.01302225e-21
-1.893963528e-21
-1.788824882e-21
-1.695472662e-21
-1.612003802e-21
-1.536891382e-21
-1.468782775e-21
-1.406450155e-21
-1.348854069e-21
-1.295171255e-21
-1.244674824e-21
-1.196712212e-21
-1.150673682e-21
-1.106131951e-21
-1.062718992e-21
-1.020050942e-21
-9.7785195e-22
-9.358908354e-22
-8.9395095e-22
-8.51811778e-22
3.605062307e-21
3.319247098e-21
3.070400248e-21
2.85317977e-21
2.662991273e-21
2.495974309e-21
2.348672196e-21
2.218077426e-21
2.101686866e-21
1.997288737e-21
1.902949936e-21
1.817040033e-21
1.738191859e-21
1.66515755e-21
1.596845608e-21
1.532347455e-21
1.470988287e-21
1.412076188e-21
1.354962739e-21
1.299209077e-21
1.244396252e-21
1.190147205e-21
1.136147381e-21
1.082196965e-21
-9.344586426e-22
-8.575294497e-22
-7.90530912e-22
-7.320900102e-22
-6.810033302e-22
-6.360678907e-22
-5.964668228e-22
-5.614637997e-22
-5.30336095e-22
-5.025069385e-22
-4.774564634e-22
-4.547484154e-22
-4.339988239e-22
-4.148790649e-22
-3.970934486e-22
-3.804791257e-22
-3.647367366e-22
-3.496578379e-22
-3.35158251e-22
-3.21086362e-22
-3.073149749e-22
-2.937799834e-22
-2.80424977e-22
-2.670579838e-22
-1.147209001e-21
-1.049322689e-21
-9.640931324e-22
-8.897697876e-22
-8.248552711e-22
-7.678459362e-22
-7.176730645e-22
-6.734259958e-22
-6.341714105e-22
-5.991706667e-22
-5.677785324e-22
-5.394323421e-22
-5.136435129e-22
-4.899903717e-22
-4.68108603e-22
-4.477693726e-22
-4.286113148e-22
-4.10361595e-22
-3.929064674e-22
-3.760567153e-22
-3.59656525e-22
-3.435959188e-22
-3.278198352e-22
-3.120902769e-22
-2.304333142e-21
-2.100993986e-21
-1.924098406e-21
-1.769974005e-21
-1.635434481e-21
-1.517576557e-21
-1.414085772e-21
-1.322933036e-21
-1.242267774e-21
-1.170543131e-21
-1.106415239e-21
-1.048711383e-21
-9.964201439e-22
-9.486729964e-22
-9.047246523e-22
-8.639812595e-22
-8.258137634e-22
-7.897158906e-22
-7.553274649e-22
-7.222851259e-22
-6.902777897e-22
-6.590577965e-22
-6.284272645e-22
-5.980703291e-22
-3.205819279e-22
-2.914504437e-22
-2.661419066e-22
-2.441416957e-22
-2.249999836e-22
-2.081919366e-22
-1.934465697e-22
-1.80516159e-22
-1.691000046e-22
-1.589742873e-22
-1.499468682e-22
-1.418497727e-22
-1.345356146e-22
-1.27877414e-22
-1.217738848e-22
-1.161767466e-22
-1.109441621e-22
-1.059852366e-22
-1.012855633e-22
-9.679259031e-23
-9.245871409e-23
-8.826099151e-23
-8.419080371e-23
-8.011072554e-23
5.464105527e-21
4.951740252e-21
4.507385219e-21
4.121399048e-21
3.785436549e-21
3.492485964e-21
3.236311294e-21
3.011490636e-21
2.81346647e-21
2.638284705e-21
2.482525359e-21
2.343227786e-21
2.217850681e-21
2.104211778e-21
2.000417523e-21
1.904797042e-21
1.816016396e-21
1.732894417e-21
1.654339312e-21
1.579462284e-21
1.507500042e-21
1.43776935e-21
1.36966354e-21
1.302803428e-21
-3.413498106e-21
-3.098572875e-21
-2.825618402e-21
-2.588567718e-21
-2.382144514e-21
-2.201976914e-21
-2.04425533e-21
-1.905639491e-21
-1.783297409e-21
-1.674787946e-21
-1.578005114e-21
-1.491139698e-21
-1.412635363e-21
-1.34116379e-21
-1.275606554e-21
-1.214931762e-21
-1.158267688e-21
-1.104907422e-21
-1.054224504e-21
-1.005673469e-21
-9.588076731e-22
-9.132197777e-22
-8.684752688e-22
1.83934152e-21
1.665135689e-21
1.5144419e-21
1.383823062e-21
1.270401464e-21
1.171627287e-21
1.085301872e-21
1.009588555e-21
9.429123319e-22
8.839123049e-22
8.314188645e-22
7.844299916e-22
7.420899505e-22
7.036434422e-22
6.684406641e-22
6.359722713e-22
6.057798123e-22
5.774383693e-22
5.506000093e-22
5.249668198e-22
5.002638858e-22
4.762708863e-22
4.528509294e-22
-1.715654023e-21
-1.549413706e-21
-1.405960349e-21
-1.281910798e-21
-1.17434964e-21
-1.080833685e-21
-9.993051571e-22
-9.279588302e-22
-8.652539429e-22
-8.098830284e-22
-7.607263903e-22
-7.168232003e-22
-6.773401113e-22
-6.415964032e-22
-6.089999946e-22
-5.790038283e-22
-5.511506303e-22
-5.250707241e-22
-5.004416514e-22
-4.769837132e-22
-4.544521298e-22
-4.326484126e-22
-4.113445436e-22
-1.221445556e-21
-1.1005574e-21
-9.964734641e-22
-9.066618758e-22
-8.289583772e-22
-7.615193229e-22
-7.028427185e-22
-6.51598488e-22
-6.066453156e-22
-5.670262963e-22
-5.319247943e-22
-5.006417882e-22
-4.725578557e-22
-4.471993726e-22
-4.241342681e-22
-4.029564097e-22
-3.833363522e-22
-3.650087809e-22
-3.477413628e-22
-3.313356296e-22
-3.156051302e-22
-3.004174433e-22
-2.856101711e-22
3.327758912e-21
2.991773349e-21
2.70318185e-21
2.454673165e-21
2.24012117e-21
2.054374685e-21
1.893002463e-21
1.752266045e-21
1.629038408e-21
1.520634433e-21
1.424767152e-21
1.339481049e-21
1.26314421e-21
1.194296837e-21
1.131711992e-21
1.074398116e-21
1.021464289e-21
9.721376524e-22
9.257624756e-22
8.817722072e-22
8.396842297e-22
7.990670093e-22
7.595871991e-22
4.968845878e-23
4.453173906e-23
4.010360637e-23
3.631401428e-23
3.304909356e-23
3.024604968e-23
2.781478267e-23
2.567711302e-23
2.381063758e-23
2.217443818e-23
2.072972787e-23
1.944555925e-23
1.831419086e-23
1.728827272e-23
1.633135162e-23
1.546389633e-23
1.467780116e-23
1.395007847e-23
1.326867688e-23
1.262270316e-23
1.199504808e-23
1.138748565e-23
1.08166035e-23
-1.588860465e-21
-1.423240017e-21
-1.281615193e-21
-1.160121258e-21
-1.055612052e-21
-9.65420858e-22
-8.873208694e-22
-8.194501064e-22
-7.602062802e-22
-7.082438854e-22
-6.624329376e-22
-6.218057827e-22
-5.855381126e-22
-5.529414565e-22
-5.234445867e-22
-4.965147637e-22
-4.717051021e-22
-4.486611146e-22
-4.270650975e-22
-4.066442181e-22
-3.871855392e-22
-3.684662704e-22
-3.502825205e-22
5.861553322e-22
5.241768445e-22
4.71257186e-22
4.259809461e-22
3.870943865e-22
3.53604112e-22
3.246443695e-22
2.99492776e-22
2.775684701e-22
2.583672203e-22
2.414594121e-22
2.264833404e-22
2.131442651e-22
2.011666464e-22
1.903124273e-22
1.804248801e-22
1.713456839e-22
1.629266664e-22
1.550505352e-22
1.476126735e-22
1.405092149e-22
1.336871778e-22
1.270962721e-22
-3.265731981e-22
-2.917052211e-22
-2.620191096e-22
-2.366188833e-22
-2.148402874e-22
-1.960847021e-22
-1.799073815e-22
-1.658844501e-22
-1.536683589e-22
-1.429811663e-22
-1.335838704e-22
-1.252737832e-22
-1.178579333e-22
-1.112229359e-22
-1.052441134e-22
-9.978612118e-23
-9.47642108e-23
-9.011472928e-23
-8.576117933e-23
-8.165578459e-23
-7.776233874e-23
-7.402254824e-23
-7.038764159e-23
4.667551307e-22
4.163486588e-22
3.734605027e-22
3.368764587e-22
3.055445833e-22
2.786440685e-22
2.554089815e-22
2.352975271e-22
2.178101007e-22
2.025237767e-22
1.890889825e-22
1.77208143e-22
1.666578499e-22
1.571837993e-22
1.486333583e-22
1.408617478e-22
1.337368706e-22
1.271377924e-22
1.209834167e-22
1.151789689e-22
1.096491872e-22
1.043444196e-22
9.921788367e-23
2.511135419e-22
2.237676037e-22
2.005308255e-22
1.807374145e-22
1.638007813e-22
1.492899541e-22
1.367499627e-22
1.259145646e-22
1.165092797e-22
1.082915603e-22
1.010722917e-22
9.468606879e-23
8.903269022e-23
8.394523368e-23
7.936244267e-23
7.520018219e-23
7.139532762e-23
6.786612338e-23
6.458586658e-23
6.149002714e-23
5.854148157e-23
5.571431149e-23
5.297589078e-23
3.897364692e-23
3.468892154e-23
3.104664117e-23
2.79496706e-23
2.529774223e-23
2.304673813e-23
2.107378831e-23
1.938500112e-23
1.793017022e-23
1.665752381e-23
1.553480244e-23
1.453241053e-23
1.36633636e-23
1.286232906e-23
1.214936671e-23
1.149727055e-23
1.091785813e-23
1.037057099e-23
9.873189011e-24
9.40166034e-24
8.948352524e-24
8.509841247e-24
8.081557992e-24
-5.666393389e-22
-5.042404552e-22
-4.513778005e-22
-4.064193714e-22
-3.680516463e-22
-3.351576819e-22
-3.068897662e-22
-2.824551859e-22
-2.612377728e-22
-2.427387179e-22
-2.265223712e-22
-2.122262125e-22
-1.99515156e-22
-1.881688474e-22
-1.779367484e-22
-1.686546103e-22
-1.601277336e-22
-1.522606003e-22
-1.449109648e-22
-1.3799821e-22
-1.314337891e-22
-1.251501711e-22
-1.190864682e-22
7.101818486e-23
6.315260519e-23
5.649862312e-23
5.08401178e-23
4.600309697e-23
4.187837553e-23
3.831680852e-23
3.524957779e-23
3.259655538e-23
3.028116273e-23
2.824884784e-23
2.6451166e-23
2.486519275e-23
2.343661957e-23
2.216007625e-23
2.098324114e-23
1.992788903e-23
1.894544744e-23
1.803639727e-23
1.717801502e-23
1.636730983e-23
1.558261006e-23
1.481363309e-23
-2.436186356e-23
-2.166185211e-23
-1.937215895e-23
-1.743683046e-23
-1.579300638e-23
-1.437668842e-23
-1.316801475e-23
-1.212064212e-23
-1.120827394e-23
-1.04149488e-23
-9.721685034e-24
-9.113520918e-24
-8.568916772e-24
-8.088070513e-24
-7.647819758e-24
-7.263523663e-24
-6.894140002e-24
-6.558038237e-24
-6.241123124e-24
-5.944270694e-24
-5.655956943e-24
-5.390928327e-24
-5.140548969e-24
1.618088467e-23
1.437674064e-23
1.285521514e-23
1.156188549e-23
1.045623613e-23
9.515476385e-24
8.705242457e-24
8.007792872e-24
7.404793468e-24
6.879130357e-24
6.418196684e-24
6.011074841e-24
5.651451991e-24
5.328424774e-24
5.041331629e-24
4.773137659e-24
4.534460383e-24
4.312535792e-24
4.106813215e-24
3.912927762e-24
3.731721349e-24
3.554591228e-24
3.37932847e-24
)
;
    }
    axis_top
    {
        type            symmetryPlane;
        value           nonuniform 0();
    }
    axis_middle
    {
        type            symmetryPlane;
        value           nonuniform 0();
    }
    axis_bottom
    {
        type            symmetryPlane;
        value           nonuniform 0();
    }
    wall_top
    {
        type            calculated;
        value           nonuniform 0();
    }
    wall_middle
    {
        type            calculated;
        value           nonuniform 0();
    }
    wall_bottom
    {
        type            calculated;
        value           uniform 0;
    }
    inlet
    {
        type            calculated;
        value           nonuniform 0();
    }
    outlet
    {
        type            calculated;
        value           nonuniform 0();
    }
    procBoundary1to0
    {
        type            processor;
        value           nonuniform List<scalar> 
51
(
5.790808796e-11
1.694360243e-10
2.74710851e-10
3.739707726e-10
4.67448648e-10
5.553712184e-10
6.379588519e-10
7.154246816e-10
7.879743519e-10
8.55805289e-10
9.191057513e-10
9.780541804e-10
1.032818047e-09
1.083552736e-09
1.130400342e-09
1.173488496e-09
1.212929213e-09
1.970267787e-12
1.249037676e-09
1.281458436e-09
1.310460287e-09
1.336080459e-09
1.358333784e-09
1.377212601e-09
1.392685526e-09
1.404696552e-09
1.413165215e-09
1.41798605e-09
1.419029621e-09
1.416143099e-09
1.409151737e-09
1.397861053e-09
1.382058672e-09
1.361517622e-09
1.335999639e-09
1.305258199e-09
1.269042602e-09
1.227102662e-09
1.179191746e-09
1.125071563e-09
1.064516114e-09
9.973152242e-10
9.232784107e-10
8.422382026e-10
7.540526555e-10
6.586079958e-10
5.558201066e-10
4.456359784e-10
3.280337858e-10
2.030215126e-10
7.063056463e-11
)
;
    }
    procBoundary1to2
    {
        type            processor;
        value           nonuniform List<scalar> 
51
(
-5.76609439e-11
-1.6871289e-10
-2.735384934e-10
-3.723742143e-10
-4.654500934e-10
-5.529887755e-10
-6.352045895e-10
-7.123031476e-10
-7.844812053e-10
-8.51926408e-10
-9.148173023e-10
-9.73323129e-10
-1.02760352e-09
-1.077808217e-09
-1.124076519e-09
-1.166536881e-09
-1.205306271e-09
-1.240489661e-09
-1.272178734e-09
-1.300451288e-09
-1.32537045e-09
-1.346982294e-09
-1.365315659e-09
-1.380379292e-09
-1.392161069e-09
-1.400624362e-09
-1.405707788e-09
-1.407321132e-09
-1.40534465e-09
-1.399626493e-09
-1.389982089e-09
-1.376193297e-09
-1.358009699e-09
-1.335150157e-09
-1.965332853e-11
-1.307484953e-09
-1.274019793e-09
-1.234874175e-09
-1.189704e-09
-1.13816594e-09
-1.079924735e-09
-1.014660203e-09
-9.420748934e-10
-8.619005135e-10
-7.739031635e-10
-6.778880114e-10
-5.737024219e-10
-4.612380925e-10
-3.40431397e-10
-2.112608176e-10
-7.373600877e-11
)
;
    }
}


// ************************************************************************* //
