/*--------------------------------*- C++ -*----------------------------------*\
  =========                 |
  \\      /  F ield         | OpenFOAM: The Open Source CFD Toolbox
   \\    /   O peration     | Website:  https://openfoam.org
    \\  /    A nd           | Version:  7
     \\/     M anipulation  |
\*---------------------------------------------------------------------------*/
FoamFile
{
    version     2.0;
    format      ascii;
    class       volVectorField;
    location    "0.0003";
    object      U;
}
// * * * * * * * * * * * * * * * * * * * * * * * * * * * * * * * * * * * * * //

dimensions      [0 1 -1 0 0 0 0];

internalField   nonuniform List<vector> 
1167
(
(-1.630247104e-06 4.200968326e-18 -0.05049159792)
(-4.256555835e-06 -2.103326338e-18 -0.05049014205)
(-6.742792834e-06 -4.340476338e-18 -0.05048719368)
(-9.324568417e-06 -5.281641422e-18 -0.05048283253)
(-1.191521848e-05 -5.370565745e-18 -0.05047701183)
(-1.450115164e-05 -8.949806004e-18 -0.05046964573)
(-1.708782897e-05 -1.143903368e-17 -0.05046059784)
(-1.968040563e-05 -1.100311419e-17 -0.05044967547)
(-2.228144982e-05 -1.077205322e-17 -0.05043661378)
(-2.489084275e-05 -1.335761793e-17 -0.05042105735)
(-2.750723148e-05 -1.399017496e-17 -0.05040253738)
(-3.012836199e-05 -1.447114551e-17 -0.05038044344)
(-3.275017219e-05 -1.421836135e-17 -0.05035399215)
(-3.536634227e-05 -1.505161442e-17 -0.05032219423)
(-3.796859379e-05 -1.676923051e-17 -0.05028382156)
(-4.054731315e-05 -1.824153286e-17 -0.05023737401)
(-4.309181195e-05 -1.880219197e-17 -0.0501810463)
(-1.531563762e-06 -1.964977358e-18 -0.05050679198)
(-3.999284878e-06 -2.571303013e-18 -0.05050535497)
(-6.337654874e-06 -7.026219661e-19 -0.05050244799)
(-8.770008045e-06 -3.363515884e-18 -0.05049814733)
(-1.121497169e-05 -9.66027012e-18 -0.05049240456)
(-1.36610737e-05 -1.08451783e-17 -0.05048513072)
(-1.611408606e-05 -1.255630093e-17 -0.05047618625)
(-1.857867284e-05 -1.149434226e-17 -0.05046537393)
(-2.105818045e-05 -1.051961655e-17 -0.05045242501)
(-2.355274682e-05 -1.433488133e-17 -0.05043697958)
(-2.606072181e-05 -1.605135389e-17 -0.05041856327)
(-2.857891509e-05 -1.643438208e-17 -0.05039655972)
(-3.110211845e-05 -1.55946635e-17 -0.05037017967)
(-3.362312533e-05 -1.480378463e-17 -0.05033842809)
(-3.61329521e-05 -1.540831759e-17 -0.05030007076)
(-3.862129289e-05 -1.56954297e-17 -0.05025360108)
(-4.107685516e-05 -1.553209614e-17 -0.05019720658)
(-4.348530142e-05 -1.720772132e-17 -0.05012873539)
(-4.582918286e-05 -1.834747319e-17 -0.0500456594)
(-4.809009875e-05 -1.913502089e-17 -0.0499450344)
(-5.024594097e-05 -1.961933663e-17 -0.04982346049)
(-5.227046845e-05 -1.992374509e-17 -0.04967704176)
(-5.413545178e-05 -2.015866155e-17 -0.04950134549)
(-5.580906449e-05 -2.025644331e-17 -0.04929136669)
(-5.725732868e-05 -2.030701179e-17 -0.04904149515)
(-5.844470929e-05 -2.039302639e-17 -0.04874548999)
(-5.933467406e-05 -2.053116672e-17 -0.04839646162)
(-5.989225947e-05 -2.033393649e-17 -0.04798686223)
(-6.00840001e-05 -2.016907819e-17 -0.04750848817)
(-5.988009398e-05 -1.924490236e-17 -0.04695249027)
(-5.925533487e-05 -1.865566678e-17 -0.0463093987)
(-5.81905079e-05 -1.844727072e-17 -0.04556915792)
(-5.667471267e-05 -1.803058165e-17 -0.0447211716)
(-5.470514658e-05 -1.743571048e-17 -0.04375436008)
(-5.228832798e-05 -1.697071555e-17 -0.04265722355)
(-4.944156319e-05 -1.637020077e-17 -0.04141791502)
(-4.619334348e-05 -1.565144384e-17 -0.04002432556)
(-4.258317125e-05 -1.483298297e-17 -0.03846416813)
(-3.866191295e-05 -1.338668622e-17 -0.03672506138)
(-3.44918273e-05 -1.312879139e-17 -0.03479462173)
(-3.014630501e-05 -1.160256145e-17 -0.03266055294)
(-2.570947989e-05 -1.094139597e-17 -0.03031073267)
(-2.12757954e-05 -9.598037374e-18 -0.02773329566)
(-1.694931573e-05 -8.407226482e-18 -0.0249167109)
(-1.284254518e-05 -7.896881009e-18 -0.02184984841)
(-9.074351339e-06 -5.168484384e-18 -0.01852203543)
(-5.768867178e-06 -4.86277168e-18 -0.0149231044)
(-3.067243259e-06 -3.574594389e-18 -0.01104341679)
(-1.158819912e-06 -2.200923263e-18 -0.006873834315)
(-2.078266563e-07 -7.553034686e-19 -0.00240554978)
(-1.429131837e-06 -1.036117953e-17 -0.05052142304)
(-3.732375517e-06 -1.075047712e-17 -0.05052000641)
(-5.917954377e-06 -1.333886497e-17 -0.050517144)
(-8.194965786e-06 -1.176307901e-17 -0.05051290865)
(-1.0487951e-05 -1.305743937e-17 -0.05050725028)
(-1.278794088e-05 -1.158284154e-17 -0.05050007609)
(-1.510169296e-05 -1.151998875e-17 -0.05049124375)
(-1.743322962e-05 -1.215428908e-17 -0.05048055108)
(-1.978549074e-05 -1.343338236e-17 -0.05046772468)
(-2.215920867e-05 -1.254433481e-17 -0.05045239959)
(-2.455251044e-05 -1.359808146e-17 -0.05043409578)
(-2.696161808e-05 -1.483184791e-17 -0.0504121907)
(-2.93806045e-05 -1.608307739e-17 -0.05038588867)
(-3.180147434e-05 -1.589057281e-17 -0.05035418827)
(-3.421452828e-05 -1.584203332e-17 -0.05031584897)
(-3.660912718e-05 -1.565761324e-17 -0.05026935759)
(-3.897271347e-05 -1.664984687e-17 -0.05021289515)
(-4.128976993e-05 -1.737426731e-17 -0.05014430261)
(-4.354334682e-05 -1.792440896e-17 -0.05006104253)
(-4.57150884e-05 -1.828946116e-17 -0.04996016026)
(-4.778292042e-05 -1.84308407e-17 -0.0498382452)
(-4.972202868e-05 -1.8271668e-17 -0.04969138913)
(-5.150524453e-05 -1.879014681e-17 -0.04951514707)
(-5.310198241e-05 -1.906552454e-17 -0.04930450235)
(-5.448057813e-05 -1.917607943e-17 -0.04905383422)
(-5.560766288e-05 -1.916641741e-17 -0.0487568937)
(-5.644930959e-05 -1.906196005e-17 -0.04840678516)
(-5.69727044e-05 -1.891076751e-17 -0.04799595862)
(-5.714652369e-05 -1.867076122e-17 -0.04751621216)
(-5.694344864e-05 -1.845754725e-17 -0.04695870316)
(-5.634023825e-05 -1.817878112e-17 -0.04631397342)
(-5.531923274e-05 -1.784893559e-17 -0.04557198344)
(-5.387062922e-05 -1.744641397e-17 -0.04472215925)
(-5.199214074e-05 -1.696903536e-17 -0.04375344861)
(-4.96902232e-05 -1.642461201e-17 -0.04265438331)
(-4.6981676e-05 -1.579969975e-17 -0.04141315399)
(-4.389336532e-05 -1.508500019e-17 -0.04001769396)
(-4.046260066e-05 -1.427188931e-17 -0.03845576153)
(-3.673744346e-05 -1.334277739e-17 -0.03671502421)
(-3.277668834e-05 -1.253269082e-17 -0.03478315074)
(-2.864964992e-05 -1.157514524e-17 -0.03264789986)
(-2.443585987e-05 -1.043959712e-17 -0.03029720622)
(-2.022477523e-05 -9.158493255e-18 -0.02771926334)
(-1.611490181e-05 -8.250481171e-18 -0.02490259985)
(-1.221291452e-05 -7.209978101e-18 -0.02183614493)
(-8.631630022e-06 -6.160311358e-18 -0.01850928447)
(-5.488989915e-06 -5.122239944e-18 -0.01491191022)
(-2.91944036e-06 -4.051975805e-18 -0.01103444328)
(-1.103554742e-06 -2.463899795e-18 -0.006867804211)
(-1.980818664e-07 -8.408004993e-19 -0.002403245676)
(-1.323333195e-06 -3.312866985e-18 -0.05053547088)
(-3.456962563e-06 -6.376296863e-18 -0.05053407589)
(-5.484783704e-06 -8.747317404e-18 -0.0505312611)
(-7.60074572e-06 -1.103976538e-17 -0.0505270963)
(-9.73665185e-06 -7.670408035e-18 -0.05052152856)
(-1.188540486e-05 -8.392205006e-18 -0.05051446121)
(-1.405425879e-05 -8.227142508e-18 -0.05050574888)
(-1.624755194e-05 -1.041825201e-17 -0.05049518525)
(-1.846734474e-05 -1.22620376e-17 -0.05048249103)
(-2.071461686e-05 -1.166703194e-17 -0.05046729576)
(-2.298761948e-05 -1.102918683e-17 -0.05044911335)
(-2.528211466e-05 -1.189634102e-17 -0.05042731472)
(-2.759151621e-05 -1.404475399e-17 -0.0504010975)
(-2.990721506e-05 -1.592735332e-17 -0.05036945361)
(-3.221930625e-05 -1.62985521e-17 -0.05033113587)
(-3.451631176e-05 -1.706648874e-17 -0.05028462489)
(-3.678418935e-05 -1.856007304e-17 -0.05022809586)
(-3.900722851e-05 -1.809797546e-17 -0.05015938226)
(-4.116926487e-05 -1.802832957e-17 -0.05007593815)
(-4.325161702e-05 -1.810177184e-17 -0.04997479986)
(-4.523222606e-05 -1.820662063e-17 -0.04985254656)
(-4.708789009e-05 -1.829974232e-17 -0.04970525904)
(-4.87924588e-05 -1.840151419e-17 -0.04952848177)
(-5.031687143e-05 -1.844524668e-17 -0.04931718714)
(-5.163126024e-05 -1.83908866e-17 -0.04906574492)
(-5.270407638e-05 -1.820945906e-17 -0.04876789884)
(-5.350399436e-05 -1.7857957e-17 -0.04841674826)
(-5.400025859e-05 -1.771217098e-17 -0.04800474171)
(-5.416366263e-05 -1.736421921e-17 -0.04752367872)
(-5.3968909e-05 -1.75755086e-17 -0.04696472311)
(-5.339446477e-05 -1.741373005e-17 -0.04631842777)
(-5.242434146e-05 -1.715736156e-17 -0.04557476845)
(-5.104946235e-05 -1.681534641e-17 -0.04472319225)
(-4.926783742e-05 -1.639299505e-17 -0.04375267259)
(-4.708585919e-05 -1.589425613e-17 -0.04265177098)
(-4.45196539e-05 -1.532214025e-17 -0.0414087137)
(-4.159455114e-05 -1.467801116e-17 -0.04001147364)
(-3.834569349e-05 -1.396265703e-17 -0.03844785133)
(-3.481835297e-05 -1.317825945e-17 -0.03670556058)
(-3.106790783e-05 -1.233587821e-17 -0.03477231965)
(-2.715970009e-05 -1.142958999e-17 -0.03263593934)
(-2.31688907e-05 -1.046209196e-17 -0.03028440846)
(-1.917990582e-05 -9.327063712e-18 -0.02770597671)
(-1.528581741e-05 -8.245237586e-18 -0.02488922933)
(-1.158753719e-05 -7.117803828e-18 -0.02182315169)
(-8.192004363e-06 -5.071082929e-18 -0.01849718664)
(-5.211097796e-06 -4.739621641e-18 -0.01490128285)
(-2.772687105e-06 -3.475263444e-18 -0.01102591853)
(-1.048672537e-06 -2.134654343e-18 -0.006862071771)
(-1.884012894e-07 -7.314988258e-19 -0.002401053523)
(-1.215032593e-06 -1.728993284e-18 -0.05054891665)
(-3.174674675e-06 -2.776484897e-18 -0.05054754473)
(-5.039426011e-06 -4.545257405e-18 -0.05054478103)
(-6.989052751e-06 -6.009194555e-18 -0.05054069159)
(-8.963413268e-06 -6.67213319e-18 -0.05053522021)
(-1.095633149e-05 -7.531726729e-18 -0.05052826703)
(-1.29748192e-05 -8.723009979e-18 -0.0505196825)
(-1.502471006e-05 -9.781709707e-18 -0.05050925643)
(-1.71075801e-05 -1.065940033e-17 -0.05049670378)
(-1.922349045e-05 -1.12527936e-17 -0.05048164759)
(-2.13709022e-05 -1.194289348e-17 -0.05046359526)
(-2.354545623e-05 -1.25201085e-17 -0.05044191097)
(-2.574010457e-05 -1.320089902e-17 -0.05041578533)
(-2.794607763e-05 -1.389367024e-17 -0.05038420331)
(-3.015288248e-05 -1.465394173e-17 -0.0503459114)
(-3.234754699e-05 -1.538803163e-17 -0.05029938464)
(-3.451556894e-05 -1.597712805e-17 -0.05024279199)
(-3.66419284e-05 -1.640490395e-17 -0.05017395978)
(-3.871045237e-05 -1.68216517e-17 -0.05009033438)
(-4.070217006e-05 -1.718520522e-17 -0.04998894428)
(-4.259588229e-05 -1.747816671e-17 -0.04986635903)
(-4.436924309e-05 -1.769500106e-17 -0.04971864946)
(-4.599704358e-05 -1.784007404e-17 -0.04954135057)
(-4.745235276e-05 -1.791098274e-17 -0.04932942516)
(-4.870670718e-05 -1.790505553e-17 -0.04907723474)
(-4.973014471e-05 -1.782739804e-17 -0.048778516)
(-5.049364416e-05 -1.768785431e-17 -0.04842636394)
(-5.096852871e-05 -1.751784501e-17 -0.04801322605)
(-5.112787697e-05 -1.73322723e-17 -0.04753090366)
(-5.09479163e-05 -1.692160587e-17 -0.04697056683)
(-5.04085206e-05 -1.689600249e-17 -0.04632277863)
(-4.949537003e-05 -1.658954315e-17 -0.04557752975)
(-4.819997334e-05 -1.623543517e-17 -0.04472428708)
(-4.652051878e-05 -1.581982327e-17 -0.04375204741)
(-4.446329717e-05 -1.53427094e-17 -0.04264940054)
(-4.204359939e-05 -1.481142188e-17 -0.04140460624)
(-3.928525323e-05 -1.421420904e-17 -0.0400056745)
(-3.622125785e-05 -1.354182498e-17 -0.0384404454)
(-3.289411288e-05 -1.277566167e-17 -0.03669667638)
(-2.935582841e-05 -1.192896355e-17 -0.0347621324)
(-2.566786093e-05 -1.100932861e-17 -0.03262467358)
(-2.190105617e-05 -1.002415617e-17 -0.03027234061)
(-1.81348199e-05 -8.96906469e-18 -0.02769343612)
(-1.445689762e-05 -7.836963334e-18 -0.02487659841)
(-1.096248869e-05 -6.596598098e-18 -0.02181086712)
(-7.752691367e-06 -5.170295571e-18 -0.01848573982)
(-4.933443283e-06 -4.237108353e-18 -0.01489121987)
(-2.626064678e-06 -3.135436877e-18 -0.01101784054)
(-9.938439352e-07 -1.934611495e-18 -0.00685663566)
(-1.787330428e-07 -6.645964309e-19 -0.002398972824)
(-1.104185093e-06 1.245389102e-18 -0.05056174414)
(-2.885404346e-06 5.261385389e-18 -0.05056039728)
(-4.582767811e-06 -1.263417761e-18 -0.05055768835)
(-6.36215281e-06 -4.020750589e-18 -0.05055367882)
(-8.170499723e-06 -5.207253018e-18 -0.05054830928)
(-1.000313325e-05 -5.571744827e-18 -0.05054147708)
(-1.186702971e-05 -9.612409678e-18 -0.05053302765)
(-1.376854921e-05 -9.937077542e-18 -0.05052274661)
(-1.57097285e-05 -1.041203156e-17 -0.05051034378)
(-1.769000024e-05 -1.061772614e-17 -0.05049543537)
(-1.97072544e-05 -1.345378542e-17 -0.05047752145)
(-2.175704463e-05 -1.273077487e-17 -0.05045595898)
(-2.383234479e-05 -1.245712717e-17 -0.05042993142)
(-2.592384135e-05 -1.214771199e-17 -0.05039841698)
(-2.801988369e-05 -1.328888603e-17 -0.05036015633)
(-3.010705528e-05 -1.404484577e-17 -0.05031361869)
(-3.217123324e-05 -1.401025617e-17 -0.05025696663)
(-3.419788812e-05 -1.443776401e-17 -0.05018801995)
(-3.617037081e-05 -1.552418821e-17 -0.05010421842)
(-3.806956669e-05 -1.624494488e-17 -0.05000258305)
(-3.987583043e-05 -1.673753074e-17 -0.04987967485)
(-4.156730415e-05 -1.707219627e-17 -0.04973155594)
(-4.311952532e-05 -1.72828001e-17 -0.04955375226)
(-4.450755103e-05 -1.739316747e-17 -0.0493412181)
(-4.570451481e-05 -1.741777831e-17 -0.04908830785)
(-4.668249844e-05 -1.73614474e-17 -0.04878875179)
(-4.741413339e-05 -1.722778779e-17 -0.04843564115)
(-4.787240203e-05 -1.700937899e-17 -0.0480214225)
(-4.803268765e-05 -1.66719474e-17 -0.04753789942)
(-4.787276591e-05 -1.614316402e-17 -0.04697624798)
(-4.737382902e-05 -1.617165562e-17 -0.04632704043)
(-4.652281854e-05 -1.599548193e-17 -0.04558028185)
(-4.531189284e-05 -1.568646011e-17 -0.04472545766)
(-4.373943494e-05 -1.526306359e-17 -0.04375158641)
(-4.181165727e-05 -1.471221949e-17 -0.04264728456)
(-3.954275742e-05 -1.432845257e-17 -0.04140084323)
(-3.695497865e-05 -1.388949061e-17 -0.04000030694)
(-3.407921443e-05 -1.344822399e-17 -0.03843355292)
(-3.095522448e-05 -1.251978379e-17 -0.03668837961)
(-2.763170939e-05 -1.156228977e-17 -0.03475259595)
(-2.416638741e-05 -1.05197442e-17 -0.03261410869)
(-2.062559423e-05 -9.553366621e-18 -0.03026100753)
(-1.708385447e-05 -8.582238416e-18 -0.02768164506)
(-1.362355515e-05 -7.504205367e-18 -0.02486470995)
(-1.033425091e-05 -6.300367578e-18 -0.02179929356)
(-7.311215552e-06 -4.887363973e-18 -0.01847494591)
(-4.654457225e-06 -4.011568043e-18 -0.01488172276)
(-2.478736379e-06 -2.965981596e-18 -0.01101021042)
(-9.387333295e-07 -1.827944469e-18 -0.006851496654)
(-1.690083183e-07 -6.288303013e-19 -0.002397003891)
(-9.906539771e-07 -2.236150349e-18 -0.05057394038)
(-2.589342521e-06 -4.880676309e-18 -0.05057262012)
(-4.115976803e-06 -8.76756149e-18 -0.05056996884)
(-5.722112651e-06 -6.67758118e-18 -0.05056604322)
(-7.360822851e-06 -6.481052344e-18 -0.05056078095)
(-9.029443697e-06 -7.359292397e-18 -0.05055407586)
(-1.073511653e-05 -8.387340097e-18 -0.05054576862)
(-1.248369671e-05 -9.705418865e-18 -0.05053563972)
(-1.427823394e-05 -1.149011811e-17 -0.05052339372)
(-1.61182664e-05 -1.119762305e-17 -0.05050864034)
(-1.800104317e-05 -1.123419661e-17 -0.05049087221)
(-1.992160035e-05 -1.149729515e-17 -0.05046943856)
(-2.187259318e-05 -1.18580137e-17 -0.05044351565)
(-2.384400716e-05 -1.243042952e-17 -0.05041207526)
(-2.58238164e-05 -1.335450373e-17 -0.05037385188)
(-2.779886766e-05 -1.425760356e-17 -0.05032730869)
(-2.975543466e-05 -1.492247694e-17 -0.0502706024)
(-3.167887537e-05 -1.544587502e-17 -0.05020154696)
(-3.355209266e-05 -1.586628255e-17 -0.05011757648)
(-3.535663309e-05 -1.623711076e-17 -0.05001570469)
(-3.70739284e-05 -1.655747613e-17 -0.04989248492)
(-3.868274435e-05 -1.681019135e-17 -0.04974397178)
(-4.015999947e-05 -1.693932246e-17 -0.04956568284)
(-4.148208043e-05 -1.699002315e-17 -0.04935256467)
(-4.262345658e-05 -1.698375562e-17 -0.0490989652)
(-4.355853597e-05 -1.693449585e-17 -0.04879860945)
(-4.426149936e-05 -1.685100985e-17 -0.04844458559)
(-4.470687976e-05 -1.674488202e-17 -0.04802933888)
(-4.487203525e-05 -1.663564626e-17 -0.0475446753)
(-4.473635131e-05 -1.656008768e-17 -0.04698177681)
(-4.428244357e-05 -1.659236632e-17 -0.04633122437)
(-4.349817789e-05 -1.610297157e-17 -0.04558303645)
(-4.237624651e-05 -1.571731822e-17 -0.04472671572)
(-4.091522867e-05 -1.544328092e-17 -0.04375130109)
(-3.912117906e-05 -1.460763002e-17 -0.04264543447)
(-3.700717738e-05 -1.414388942e-17 -0.04139743603)
(-3.459386244e-05 -1.332086345e-17 -0.03999538171)
(-3.191001569e-05 -1.248747617e-17 -0.03842718392)
(-2.899266988e-05 -1.189362601e-17 -0.03668067957)
(-2.588723926e-05 -1.125558553e-17 -0.03474371896)
(-2.264769798e-05 -9.924964095e-18 -0.03260425312)
(-1.93358641e-05 -1.017500638e-17 -0.03025041752)
(-1.60213605e-05 -8.466967946e-18 -0.0276706111)
(-1.278120639e-05 -7.330288877e-18 -0.02485357072)
(-9.699294452e-06 -6.104438957e-18 -0.02178843706)
(-6.865047347e-06 -5.015286434e-18 -0.01846481011)
(-4.372521847e-06 -3.970414493e-18 -0.01487279586)
(-2.329869692e-06 -2.868423304e-18 -0.01100303153)
(-8.830707228e-07 -1.710254827e-18 -0.006846656912)
(-1.591956254e-07 -4.961908356e-19 -0.002395147511)
(-8.751887771e-07 2.860150898e-18 -0.05058549394)
(-2.288307857e-06 -6.215754397e-18 -0.05058420142)
(-3.641650015e-06 -2.185605115e-18 -0.05058161021)
(-5.071499047e-06 -4.389312531e-18 -0.05057777195)
(-6.537172635e-06 -4.318252202e-18 -0.05057262203)
(-8.038239942e-06 -7.883709283e-18 -0.05056604978)
(-9.582331711e-06 -6.400787021e-18 -0.05055789161)
(-1.117458161e-05 -7.907120598e-18 -0.05054792185)
(-1.281828048e-05 -9.049586111e-18 -0.05053583933)
(-1.451329817e-05 -1.097840728e-17 -0.05052124733)
(-1.625673471e-05 -8.587663376e-18 -0.05050363125)
(-1.804306982e-05 -9.900281972e-18 -0.05048233274)
(-1.986431762e-05 -1.048011283e-17 -0.05045652076)
(-2.171029164e-05 -1.232386856e-17 -0.0504251604)
(-2.356904811e-05 -1.370716561e-17 -0.0503869799)
(-2.542754189e-05 -1.526056774e-17 -0.05034043671)
(-2.727243981e-05 -1.609261103e-17 -0.05028368203)
(-2.908861119e-05 -1.646730089e-17 -0.05021452497)
(-3.085888038e-05 -1.614985041e-17 -0.05013039404)
(-3.256633264e-05 -1.617625565e-17 -0.05002829645)
(-3.419279329e-05 -1.64372472e-17 -0.04990477865)
(-3.571748989e-05 -1.694030358e-17 -0.04975588833)
(-3.711931381e-05 -1.666037849e-17 -0.04957713578)
(-3.837577041e-05 -1.649562993e-17 -0.049363461)
(-3.946253293e-05 -1.637561529e-17 -0.04910920559)
(-4.035601134e-05 -1.626244549e-17 -0.04880808994)
(-4.103216918e-05 -1.613245524e-17 -0.04845319977)
(-4.146754661e-05 -1.597238554e-17 -0.04803697936)
(-4.16408492e-05 -1.578288108e-17 -0.04755123705)
(-4.15327549e-05 -1.528211334e-17 -0.0469871603)
(-4.112762084e-05 -1.528127396e-17 -0.04633533845)
(-4.041401479e-05 -1.472433021e-17 -0.04558580252)
(-3.938500871e-05 -1.436920767e-17 -0.04472807101)
(-3.803943044e-05 -1.394160962e-17 -0.04375120189)
(-3.638297561e-05 -1.36564458e-17 -0.04264386082)
(-3.442775164e-05 -1.301258748e-17 -0.04139439496)
(-3.219282545e-05 -1.229762978e-17 -0.03999090938)
(-2.970481408e-05 -1.149413385e-17 -0.03842134926)
(-2.699802637e-05 -1.112690266e-17 -0.03667358746)
(-2.411470798e-05 -1.047388328e-17 -0.03473551291)
(-2.110483016e-05 -9.770175015e-18 -0.03259511809)
(-1.802576954e-05 -8.99709238e-18 -0.03024058124)
(-1.494216409e-05 -8.081585087e-18 -0.02766034478)
(-1.192564831e-05 -7.050175782e-18 -0.02484319102)
(-9.054390378e-06 -6.028231843e-18 -0.02177830733)
(-6.411880626e-06 -4.95039105e-18 -0.01845534127)
(-4.086164664e-06 -3.889262282e-18 -0.01486444682)
(-2.178646383e-06 -2.816738881e-18 -0.01099630996)
(-8.265075109e-07 -1.717373972e-18 -0.006842120477)
(-1.492169691e-07 -5.829257839e-19 -0.002393405204)
(-7.582385715e-07 -3.053758777e-18 -0.05059639527)
(-1.983534139e-06 -5.842542088e-18 -0.05059513162)
(-3.161838573e-06 -6.887883175e-18 -0.05059260267)
(-4.412688245e-06 -7.574977613e-18 -0.05058885544)
(-5.702346349e-06 -8.480408291e-18 -0.05058382244)
(-7.032762852e-06 -8.808261321e-18 -0.05057738803)
(-8.412258031e-06 -8.593855621e-18 -0.05056938457)
(-9.845291801e-06 -8.153011792e-18 -0.05055958032)
(-1.13344686e-05 -7.187057514e-18 -0.0505476675)
(-1.288023927e-05 -7.897763452e-18 -0.05053324273)
(-1.447957391e-05 -9.423722986e-18 -0.05051578422)
(-1.612661167e-05 -1.056022814e-17 -0.05049462617)
(-1.781307657e-05 -1.149428103e-17 -0.05046893032)
(-1.952862769e-05 -1.225641076e-17 -0.05043765503)
(-2.126138289e-05 -1.273539907e-17 -0.05039952259)
(-2.299887707e-05 -1.312163158e-17 -0.05035298486)
(-2.472752271e-05 -1.347021909e-17 -0.05029618828)
(-2.643169086e-05 -1.389262488e-17 -0.05022693765)
(-2.80951257e-05 -1.422660291e-17 -0.05014265589)
(-2.970216394e-05 -1.449656665e-17 -0.05004034435)
(-3.123503786e-05 -1.471105117e-17 -0.04991654395)
(-3.267365636e-05 -1.487121696e-17 -0.0497672956)
(-3.399848638e-05 -1.503458778e-17 -0.04958810305)
(-3.518835495e-05 -1.513861845e-17 -0.04937390075)
(-3.622074845e-05 -1.518268417e-17 -0.04911902458)
(-3.707347445e-05 -1.515480908e-17 -0.0488171908)
(-3.772393803e-05 -1.503671582e-17 -0.04846148288)
(-3.815093289e-05 -1.478520019e-17 -0.04804434478)
(-3.833447595e-05 -1.439292287e-17 -0.04755758726)
(-3.825644146e-05 -1.383151403e-17 -0.04699240231)
(-3.790279677e-05 -1.323973438e-17 -0.04633938777)
(-3.726282551e-05 -1.312612228e-17 -0.04558858642)
(-3.632998474e-05 -1.284473501e-17 -0.04472953083)
(-3.510342463e-05 -1.240499719e-17 -0.043751297)
(-3.358830012e-05 -1.211847484e-17 -0.04264257263)
(-3.179568012e-05 -1.169728656e-17 -0.04139172978)
(-2.974310344e-05 -1.116710078e-17 -0.0399869004)
(-2.745504315e-05 -1.054600631e-17 -0.03841606002)
(-2.496309583e-05 -9.850368264e-18 -0.03666711492)
(-2.23063349e-05 -9.376676778e-18 -0.03472799049)
(-1.953067185e-05 -8.855602312e-18 -0.03258671734)
(-1.668898275e-05 -7.916994558e-18 -0.03023151268)
(-1.384085395e-05 -6.901744276e-18 -0.02765086004)
(-1.105245384e-05 -5.975106022e-18 -0.02483358449)
(-8.396121315e-06 -4.923307615e-18 -0.02176891736)
(-5.94928748e-06 -4.03969592e-18 -0.01844655126)
(-3.793841934e-06 -3.269144315e-18 -0.01485668602)
(-2.024294282e-06 -2.413207019e-18 -0.01099005403)
(-7.688008808e-07 -1.490095282e-18 -0.006837892814)
(-1.39047897e-07 -5.122475966e-19 -0.002391778978)
(-6.404442633e-07 -1.067814327e-17 -0.05060663651)
(-1.67677482e-06 -1.128848065e-17 -0.05060540256)
(-2.678241521e-06 -1.284698188e-17 -0.05060293799)
(-3.747652117e-06 -1.145552643e-17 -0.05059928534)
(-4.859567591e-06 -1.506322084e-17 -0.05059437313)
(-6.017276369e-06 -1.207820698e-17 -0.05058808103)
(-7.229062826e-06 -1.195458259e-17 -0.05058023679)
(-8.499955861e-06 -1.043266931e-17 -0.05057060336)
(-9.831549967e-06 -1.00837995e-17 -0.05055886557)
(-1.122412525e-05 -1.047966611e-17 -0.0505446129)
(-1.267495257e-05 -1.088162865e-17 -0.05052731645)
(-1.417798226e-05 -1.150781592e-17 -0.05050630309)
(-1.572469759e-05 -1.241326369e-17 -0.05048072753)
(-1.730472333e-05 -1.173876222e-17 -0.05044954164)
(-1.890667725e-05 -1.127478582e-17 -0.05041146176)
(-2.051828034e-05 -1.037101819e-17 -0.05036493486)
(-2.212528578e-05 -1.002058309e-17 -0.05030810351)
(-2.371244976e-05 -1.149209128e-17 -0.05023876786)
(-2.526510159e-05 -1.236154278e-17 -0.05015434577)
(-2.676787051e-05 -1.28350049e-17 -0.05005183347)
(-2.820335132e-05 -1.299670543e-17 -0.04992776701)
(-2.9553376e-05 -1.283538824e-17 -0.04977818127)
(-3.079927683e-05 -1.339002783e-17 -0.04959857414)
(-3.192084931e-05 -1.374952091e-17 -0.04938387493)
(-3.289785795e-05 -1.398796095e-17 -0.04912841484)
(-3.370946206e-05 -1.415725411e-17 -0.04882590677)
(-3.433441886e-05 -1.429662023e-17 -0.04846943167)
(-3.475346768e-05 -1.397270768e-17 -0.04805143356)
(-3.494818591e-05 -1.361770207e-17 -0.04756372572)
(-3.490181926e-05 -1.287476406e-17 -0.04699750432)
(-3.460150911e-05 -1.263504202e-17 -0.04634337515)
(-3.40373601e-05 -1.238151776e-17 -0.04559139186)
(-3.32033194e-05 -1.208074085e-17 -0.04473110001)
(-3.209882444e-05 -1.172331031e-17 -0.04375159268)
(-3.072838596e-05 -1.131550755e-17 -0.04264157773)
(-2.910200351e-05 -1.084394157e-17 -0.04138944955)
(-2.723571681e-05 -1.030016961e-17 -0.03998336515)
(-2.515189682e-05 -9.676671855e-18 -0.0384113281)
(-2.287951314e-05 -8.9666971e-18 -0.03666127548)
(-2.045423096e-05 -8.426918975e-18 -0.03472116628)
(-1.791797385e-05 -7.827267216e-18 -0.03257906617)
(-1.531902699e-05 -7.145997674e-18 -0.03022322817)
(-1.271185963e-05 -6.416960196e-18 -0.027642174)
(-1.015705176e-05 -5.751150208e-18 -0.02482476851)
(-7.720954946e-06 -5.047763663e-18 -0.0217602842)
(-5.474752111e-06 -4.199040302e-18 -0.01843845607)
(-3.493933463e-06 -3.324922084e-18 -0.01484952737)
(-1.865914559e-06 -2.420623788e-18 -0.01098427467)
(-7.095559894e-07 -1.48251291e-18 -0.006833981232)
(-1.285955666e-07 -5.077139887e-19 -0.002390271614)
(-5.225054208e-07 -2.478150209e-18 -0.05061621205)
(-1.369221719e-06 -3.53856834e-18 -0.05061500881)
(-2.192255077e-06 -1.93657208e-18 -0.05061261113)
(-3.078795072e-06 -5.617255875e-18 -0.05060905587)
(-4.011703264e-06 -7.308910349e-18 -0.05060426744)
(-4.995024846e-06 -8.046644186e-18 -0.05059812153)
(-6.036560744e-06 -8.608644745e-18 -0.05059044012)
(-7.142404607e-06 -9.244483049e-18 -0.05058098102)
(-8.313833935e-06 -1.00450687e-17 -0.05056942231)
(-9.549971804e-06 -1.124099295e-17 -0.0505553456)
(-1.084810201e-05 -1.105578058e-17 -0.05053821452)
(-1.220246199e-05 -1.131943398e-17 -0.05051734888)
(-1.360452417e-05 -1.170881891e-17 -0.05049189656)
(-1.504428379e-05 -1.19617472e-17 -0.05046080315)
(-1.651052768e-05 -1.204875803e-17 -0.05042277969)
(-1.799039626e-05 -1.212919528e-17 -0.05037626912)
(-1.946991214e-05 -1.229242675e-17 -0.05031940999)
(-2.093502735e-05 -1.242665852e-17 -0.05024999791)
(-2.237221399e-05 -1.255952709e-17 -0.05016544635)
(-2.376628567e-05 -1.266078702e-17 -0.05006274756)
(-2.510036773e-05 -1.27230473e-17 -0.04993843255)
(-2.635829884e-05 -1.275950568e-17 -0.04978853114)
(-2.752231008e-05 -1.282061909e-17 -0.04960853652)
(-2.857322765e-05 -1.285346898e-17 -0.04939337284)
(-2.949274193e-05 -1.283114967e-17 -0.04913736725)
(-3.026163124e-05 -1.273472787e-17 -0.04883422997)
(-3.086046315e-05 -1.255066811e-17 -0.04847703982)
(-3.127140346e-05 -1.237255316e-17 -0.04805824101)
(-3.147741079e-05 -1.20759713e-17 -0.04756964917)
(-3.146347849e-05 -1.177169539e-17 -0.04700246454)
(-3.121770585e-05 -1.168001035e-17 -0.04634730033)
(-3.073089433e-05 -1.148966278e-17 -0.04559422012)
(-2.999760786e-05 -1.12271069e-17 -0.04473278148)
(-2.90174611e-05 -1.090409777e-17 -0.04375209335)
(-2.779446155e-05 -1.052702088e-17 -0.04264088206)
(-2.633760237e-05 -1.009879187e-17 -0.041387562)
(-2.466140402e-05 -9.618731482e-18 -0.03998031323)
(-2.278614879e-05 -9.089184495e-18 -0.03840716501)
(-2.073824331e-05 -8.513346049e-18 -0.03665608287)
(-1.854983305e-05 -7.8944669e-18 -0.03471505626)
(-1.625880856e-05 -7.21022576e-18 -0.03257218223)
(-1.390878138e-05 -6.658006499e-18 -0.0302157468)
(-1.154899838e-05 -6.050317945e-18 -0.02763430676)
(-9.234296375e-06 -5.407912057e-18 -0.02481676366)
(-7.024834394e-06 -4.741036975e-18 -0.02175242815)
(-4.98530158e-06 -3.959318859e-18 -0.01843107478)
(-3.184518928e-06 -3.139536296e-18 -0.01484298764)
(-1.702510886e-06 -2.286332074e-18 -0.01097898521)
(-6.484559121e-07 -1.400179395e-18 -0.006830394535)
(-1.178285493e-07 -4.79552232e-19 -0.002388886368)
(-4.043957489e-07 -2.079851534e-18 -0.05062512064)
(-1.060898617e-06 -3.323650918e-18 -0.05062394927)
(-1.705059966e-06 -3.754941168e-18 -0.05062162022)
(-2.408886164e-06 -4.081651807e-18 -0.05061816429)
(-3.161868015e-06 -2.617262454e-18 -0.05061350189)
(-3.96952643e-06 -4.556571953e-18 -0.0506075047)
(-4.839417237e-06 -4.910274303e-18 -0.05059998852)
(-5.777317919e-06 -7.084219954e-18 -0.05059070551)
(-6.785300629e-06 -8.186077733e-18 -0.05057932761)
(-7.862072955e-06 -8.04420297e-18 -0.05056542889)
(-9.004071662e-06 -9.386496485e-18 -0.05054846503)
(-1.020554318e-05 -1.032650149e-17 -0.05052774868)
(-1.145842415e-05 -1.12470476e-17 -0.05050242118)
(-1.275284189e-05 -1.243120364e-17 -0.05047142244)
(-1.407727279e-05 -1.242537167e-17 -0.05043345908)
(-1.541912634e-05 -1.292168841e-17 -0.05038697002)
(-1.676546741e-05 -1.403995908e-17 -0.0503300897)
(-1.810346816e-05 -1.312077839e-17 -0.0502606098)
(-1.941988417e-05 -1.263398824e-17 -0.05017594009)
(-2.069984165e-05 -1.237364471e-17 -0.05007306948)
(-2.19281102e-05 -1.222527865e-17 -0.04994852438)
(-2.30896247e-05 -1.212112886e-17 -0.04979833008)
(-2.416766423e-05 -1.202208917e-17 -0.04961797581)
(-2.514498806e-05 -1.18932355e-17 -0.04940238122)
(-2.600451944e-05 -1.170338101e-17 -0.04914586987)
(-2.672835747e-05 -1.142680219e-17 -0.04884214961)
(-2.729934085e-05 -1.104399013e-17 -0.0484842978)
(-2.770096054e-05 -1.101303765e-17 -0.04806475905)
(-2.791744325e-05 -1.09075158e-17 -0.04757535084)
(-2.79356495e-05 -1.112163319e-17 -0.04700727777)
(-2.774461043e-05 -1.087988452e-17 -0.04635115997)
(-2.733581609e-05 -1.061726981e-17 -0.04559706964)
(-2.670456054e-05 -1.033374608e-17 -0.04473457558)
(-2.585051919e-05 -1.002218369e-17 -0.0437528013)
(-2.477726716e-05 -9.677633139e-18 -0.04264048983)
(-2.349288827e-05 -9.296091404e-18 -0.04138607368)
(-2.201042483e-05 -8.874275595e-18 -0.0399777538)
(-2.034811251e-05 -8.412098136e-18 -0.03840358269)
(-1.852971627e-05 -7.910744101e-18 -0.03665155182)
(-1.658391992e-05 -7.370813882e-18 -0.03470967782)
(-1.454452641e-05 -6.794948224e-18 -0.0325660855)
(-1.245039522e-05 -6.187728113e-18 -0.03020909088)
(-1.034540853e-05 -5.542071895e-18 -0.02762728249)
(-8.2784554e-06 -4.852181965e-18 -0.02480959522)
(-6.303236753e-06 -4.110902175e-18 -0.02174537458)
(-4.47762883e-06 -3.30504621e-18 -0.01842443161)
(-2.863422599e-06 -2.65410975e-18 -0.01483708851)
(-1.532850377e-06 -1.949216062e-18 -0.01097420326)
(-5.849636876e-07 -1.199963125e-18 -0.006827144653)
(-1.066214989e-07 -4.120518591e-19 -0.002387627827)
(-2.863951861e-07 -1.842926015e-18 -0.05063336386)
(-7.531103724e-07 -2.786682908e-18 -0.05063222487)
(-1.219046942e-06 -3.315554698e-18 -0.05062996505)
(-1.740612352e-06 -3.794216974e-18 -0.05062660919)
(-2.313453404e-06 -4.159067743e-18 -0.0506220742)
(-2.94473001e-06 -4.901475032e-18 -0.0506162268)
(-3.641817934e-06 -5.702040601e-18 -0.05060887719)
(-4.409620651e-06 -6.623002216e-18 -0.05059977085)
(-5.250953376e-06 -7.387178709e-18 -0.05058857332)
(-6.164728739e-06 -7.938994983e-18 -0.05057485189)
(-7.146903451e-06 -8.516709673e-18 -0.0505580549)
(-8.191319724e-06 -9.033671598e-18 -0.05053748775)
(-9.290060259e-06 -9.510378799e-18 -0.05051228559)
(-1.043323345e-05 -9.94901506e-18 -0.05048138323)
(-1.160964034e-05 -1.033083393e-17 -0.05044348291)
(-1.280758661e-05 -1.063101041e-17 -0.05039701953)
(-1.401509557e-05 -1.096935588e-17 -0.05034012395)
(-1.522032999e-05 -1.104258181e-17 -0.05027058453)
(-1.641021314e-05 -1.10567325e-17 -0.05018580838)
(-1.75705016e-05 -1.105682994e-17 -0.05008278079)
(-1.868793089e-05 -1.10476021e-17 -0.04995802437)
(-1.974831763e-05 -1.102069546e-17 -0.04980756074)
(-2.073588362e-05 -1.096838421e-17 -0.04962687526)
(-2.163555648e-05 -1.088280159e-17 -0.04941088408)
(-2.243150022e-05 -1.076106393e-17 -0.04915390803)
(-2.310712933e-05 -1.060600352e-17 -0.04884965234)
(-2.364739363e-05 -1.04326568e-17 -0.04849119352)
(-2.40373261e-05 -1.027697386e-17 -0.0480709769)
(-2.426258736e-05 -1.013892783e-17 -0.04758082152)
(-2.431156419e-05 -1.004600328e-17 -0.04701193623)
(-2.41743935e-05 -9.802872711e-18 -0.04635494764)
(-2.38434286e-05 -9.567575752e-18 -0.04559993565)
(-2.331477108e-05 -9.320840152e-18 -0.04473647958)
(-2.258801348e-05 -9.051265122e-18 -0.04375371611)
(-2.166628719e-05 -8.7524875e-18 -0.04264040305)
(-2.055688271e-05 -8.42135581e-18 -0.04138498927)
(-1.927146431e-05 -8.054009168e-18 -0.03997569451)
(-1.782642501e-05 -7.647766416e-18 -0.03840059211)
(-1.624271142e-05 -7.199897405e-18 -0.03664769655)
(-1.454560712e-05 -6.70982825e-18 -0.03470504837)
(-1.276479937e-05 -6.178207023e-18 -0.03256079678)
(-1.093433703e-05 -5.604884808e-18 -0.03020328428)
(-9.092596304e-06 -4.988631135e-18 -0.02762112754)
(-7.282288599e-06 -4.327116714e-18 -0.02480329108)
(-5.550338132e-06 -3.61783787e-18 -0.02173915171)
(-3.947410397e-06 -2.858535891e-18 -0.01841855361)
(-2.527809158e-06 -2.287793434e-18 -0.01483185406)
(-1.355448644e-06 -1.678606112e-18 -0.01096994807)
(-5.185845039e-07 -1.033335048e-18 -0.006824244211)
(-9.49199285e-08 -3.548752287e-19 -0.002386500554)
(-1.692287934e-07 -1.169090513e-18 -0.05064094504)
(-4.475624304e-07 -1.000146036e-18 -0.05063983845)
(-7.368703134e-07 -2.041298021e-18 -0.0506376479)
(-1.076853607e-06 -2.984806048e-18 -0.05063439214)
(-1.46947285e-06 -3.719963638e-18 -0.05062998471)
(-1.923696976e-06 -4.41157203e-18 -0.05062428674)
(-2.447094713e-06 -5.342556285e-18 -0.0506171033)
(-3.043592541e-06 -6.102383052e-18 -0.05060817266)
(-3.715717043e-06 -6.693247607e-18 -0.05059715375)
(-4.462711804e-06 -7.151881853e-18 -0.05058360715)
(-5.280573298e-06 -7.506109479e-18 -0.05056697445)
(-6.163043894e-06 -7.739724541e-18 -0.0505465545)
(-7.10208225e-06 -8.043709506e-18 -0.05052147659)
(-8.088185053e-06 -8.348794636e-18 -0.05049067065)
(-9.110831693e-06 -8.774557728e-18 -0.05045283465)
(-1.015906318e-05 -9.153474329e-18 -0.05040639996)
(-1.122208073e-05 -9.185648634e-18 -0.05034949422)
(-1.228837865e-05 -9.239122205e-18 -0.05027990328)
(-1.334523334e-05 -9.376448862e-18 -0.05019503195)
(-1.438002633e-05 -9.517445821e-18 -0.05009186219)
(-1.538084531e-05 -9.629796914e-18 -0.0499669133)
(-1.633445915e-05 -9.702275866e-18 -0.04981620423)
(-1.722645139e-05 -9.730618424e-18 -0.04963521679)
(-1.804341146e-05 -9.714077897e-18 -0.04941886408)
(-1.877101986e-05 -9.652706487e-18 -0.04916146489)
(-1.93945278e-05 -9.545658168e-18 -0.04885672229)
(-1.990045413e-05 -9.392743056e-18 -0.04849771219)
(-2.02753652e-05 -9.189746219e-18 -0.04807688078)
(-2.050675878e-05 -8.921659693e-18 -0.04758604875)
(-2.058433149e-05 -8.421639808e-18 -0.04701642895)
(-2.049931205e-05 -8.520574349e-18 -0.04635865387)
(-2.024508995e-05 -8.405595712e-18 -0.04560281049)
(-1.981855696e-05 -8.233893562e-18 -0.04473848807)
(-1.921934048e-05 -8.018390491e-18 -0.04375483502)
(-1.845022776e-05 -7.770414303e-18 -0.04264062172)
(-1.751778601e-05 -7.508584585e-18 -0.04138431193)
(-1.643239436e-05 -7.214694876e-18 -0.03997414208)
(-1.520867592e-05 -6.876580679e-18 -0.03839820433)
(-1.386481981e-05 -6.480923014e-18 -0.03664453297)
(-1.242274305e-05 -6.033599677e-18 -0.03470118832)
(-1.090801983e-05 -5.541259847e-18 -0.03255634102)
(-9.349830016e-06 -5.012531762e-18 -0.03019835639)
(-7.780897572e-06 -4.444322578e-18 -0.02761587519)
(-6.237500946e-06 -3.83711393e-18 -0.02479788749)
(-4.759411298e-06 -3.186746677e-18 -0.0217337973)
(-3.389588204e-06 -2.490835231e-18 -0.01841347806)
(-2.17425073e-06 -1.991867428e-18 -0.01482731876)
(-1.168304387e-06 -1.461471451e-18 -0.01096624852)
(-4.48424308e-07 -8.997238134e-19 -0.006821713452)
(-8.25029128e-08 -3.090869665e-19 -0.002385512687)
(-5.336914287e-08 1.807210842e-18 -0.05064786986)
(-1.455821685e-07 9.823393674e-18 -0.05064679526)
(-2.602049048e-07 8.211964776e-19 -0.05064467318)
(-4.195975952e-07 -1.885837798e-18 -0.05064151703)
(-6.327621679e-07 -2.659219045e-18 -0.05063723595)
(-9.099773345e-07 -2.195180526e-18 -0.05063168537)
(-1.258830202e-06 -4.613838272e-18 -0.05062466532)
(-1.682686298e-06 -5.526633594e-18 -0.05061590753)
(-2.183202747e-06 -5.975619935e-18 -0.05060506359)
(-2.760065252e-06 -6.247628832e-18 -0.05059168761)
(-3.409353158e-06 -6.379892937e-18 -0.05057521477)
(-4.124867396e-06 -5.682817018e-18 -0.05055493795)
(-4.898801691e-06 -6.26775116e-18 -0.05052998107)
(-5.722110032e-06 -6.158293957e-18 -0.05049926947)
(-6.584945873e-06 -7.133763266e-18 -0.05046149741)
(-7.477456494e-06 -7.711495875e-18 -0.05041509293)
(-8.38963031e-06 -6.812702866e-18 -0.05035818117)
(-9.310081105e-06 -6.740963105e-18 -0.05028854625)
(-1.022713419e-05 -7.470746679e-18 -0.05020359041)
(-1.113015552e-05 -7.912667541e-18 -0.05010029291)
(-1.200797026e-05 -8.189176656e-18 -0.0499751705)
(-1.284820502e-05 -8.361820343e-18 -0.0498242398)
(-1.363872769e-05 -8.462504834e-18 -0.04964297976)
(-1.436735398e-05 -8.50647818e-18 -0.04942630108)
(-1.502102388e-05 -8.494919244e-18 -0.04916852069)
(-1.558731805e-05 -8.421790204e-18 -0.04886334024)
(-1.605418313e-05 -8.279424476e-18 -0.04850383546)
(-1.640962297e-05 -8.052154164e-18 -0.04808245318)
(-1.66432838e-05 -7.713462543e-18 -0.04759101613)
(-1.6746097e-05 -7.074894788e-18 -0.04702074102)
(-1.671035138e-05 -7.299358396e-18 -0.04636226545)
(-1.653063481e-05 -7.260383926e-18 -0.04560568299)
(-1.620456184e-05 -7.120082981e-18 -0.04474059187)
(-1.573202276e-05 -6.877155017e-18 -0.04375615098)
(-1.511562487e-05 -6.498805289e-18 -0.04264114175)
(-1.436129087e-05 -6.514298024e-18 -0.04138404105)
(-1.347829482e-05 -6.434736764e-18 -0.0399730999)
(-1.247938837e-05 -6.303731142e-18 -0.03839642673)
(-1.138023914e-05 -5.876550517e-18 -0.03664207258)
(-1.019950302e-05 -5.393019669e-18 -0.0346981142)
(-8.958706631e-06 -4.828212942e-18 -0.03255273999)
(-7.682145801e-06 -4.389160065e-18 -0.03019433398)
(-6.396775522e-06 -3.861231156e-18 -0.02761155666)
(-5.132191079e-06 -3.365344236e-18 -0.02479341898)
(-3.920596375e-06 -2.823168134e-18 -0.02172934746)
(-2.79665356e-06 -2.161482651e-18 -0.01840924038)
(-1.797734987e-06 -1.724924646e-18 -0.01482351443)
(-9.687744419e-07 -1.276723612e-18 -0.01096312981)
(-3.736044331e-07 -7.805438326e-19 -0.006819568313)
(-6.929366973e-08 -2.687596508e-19 -0.002384669437)
(6.042505655e-08 -2.249561675e-18 -0.05065414567)
(1.512071534e-07 -4.183873813e-18 -0.0506531023)
(2.095545063e-07 -6.9592767e-18 -0.05065104742)
(2.295026608e-07 -4.754492334e-18 -0.05064798899)
(1.94295431e-07 -4.334877839e-18 -0.05064383119)
(9.350112519e-08 -4.247001529e-18 -0.05063842432)
(-7.980975526e-08 -4.315033903e-18 -0.05063156276)
(-3.297659879e-07 -4.616602129e-18 -0.05062297243)
(-6.568927413e-07 -4.742581666e-18 -0.05061229756)
(-1.060330407e-06 -4.360221063e-18 -0.05059908562)
(-1.536860207e-06 -5.490671505e-18 -0.05058276596)
(-2.080564041e-06 -6.262657986e-18 -0.050562626)
(-2.683951315e-06 -6.790247558e-18 -0.05053778484)
(-3.338544938e-06 -7.200934116e-18 -0.05050716376)
(-4.035530211e-06 -7.435025861e-18 -0.05046945346)
(-4.766034664e-06 -7.563801153e-18 -0.05042307932)
(-5.520157241e-06 -7.541711706e-18 -0.05036616483)
(-6.287263259e-06 -7.418132153e-18 -0.05029649231)
(-7.057425017e-06 -7.2452781e-18 -0.0502114617)
(-7.821521529e-06 -7.168442059e-18 -0.05010805014)
(-8.569106796e-06 -7.192989936e-18 -0.04998277282)
(-9.288911986e-06 -7.239661099e-18 -0.04983164394)
(-9.971041523e-06 -7.290222365e-18 -0.04965014042)
(-1.060460473e-05 -7.378267637e-18 -0.04943317146)
(-1.117790959e-05 -7.444737697e-18 -0.04917505212)
(-1.168072545e-05 -7.436657488e-18 -0.0488694833)
(-1.210260826e-05 -7.372695284e-18 -0.048509541)
(-1.243316817e-05 -7.265186767e-18 -0.04808767258)
(-1.266400475e-05 -7.140113746e-18 -0.0475957032)
(-1.278742567e-05 -7.063805252e-18 -0.0470248533)
(-1.279695382e-05 -6.811353256e-18 -0.04636576486)
(-1.268860302e-05 -6.648078022e-18 -0.04560853769)
(-1.246055959e-05 -6.505482294e-18 -0.04474277812)
(-1.211297758e-05 -6.358247988e-18 -0.04375765421)
(-1.16485041e-05 -6.415224044e-18 -0.04264195703)
(-1.107258894e-05 -5.966248279e-18 -0.0413841749)
(-1.039364834e-05 -5.688704751e-18 -0.03997257162)
(-9.622609674e-06 -5.106567315e-18 -0.0383952692)
(-8.772756945e-06 -5.164484876e-18 -0.03664033203)
(-7.859643789e-06 -4.938400403e-18 -0.03469585018)
(-6.900879839e-06 -4.703684063e-18 -0.03255002595)
(-5.915937403e-06 -4.257635261e-18 -0.03019125772)
(-4.925948173e-06 -3.431089246e-18 -0.02760822079)
(-3.953603416e-06 -3.117667853e-18 -0.02478994163)
(-3.023098718e-06 -2.354904237e-18 -0.02172586368)
(-2.160098524e-06 -1.946526403e-18 -0.01840590447)
(-1.392162804e-06 -1.459711064e-18 -0.01482050324)
(-7.530364625e-07 -8.670783831e-19 -0.01096064693)
(-2.922659867e-07 -5.692434948e-19 -0.006817849623)
(-5.476257278e-08 -9.950922335e-20 -0.002383988502)
(1.719861087e-07 -4.828472425e-18 -0.05065978215)
(4.425771775e-07 -1.30582256e-17 -0.05065876929)
(6.71558905e-07 -2.633389128e-18 -0.05065677983)
(8.685349974e-07 -3.862099555e-18 -0.05065381581)
(1.009768074e-06 -4.721250756e-18 -0.0506497763)
(1.084758482e-06 -5.635966463e-18 -0.05064450737)
(1.087308013e-06 -2.770826852e-18 -0.05063779691)
(1.012671275e-06 -3.933097048e-18 -0.05062936541)
(8.606486826e-07 -4.727009607e-18 -0.05061885111)
(6.332658625e-07 -5.160712841e-18 -0.05060579448)
(3.335424926e-07 -5.869594334e-18 -0.0505896191)
(-3.343398661e-08 -7.403846301e-18 -0.05056960753)
(-4.607373966e-07 -7.702469946e-18 -0.05054487462)
(-9.408196565e-07 -8.871347737e-18 -0.05051433796)
(-1.46585893e-06 -7.872793666e-18 -0.05047668542)
(-2.027190079e-06 -7.345656676e-18 -0.05043034056)
(-2.61546978e-06 -7.987224664e-18 -0.05037342544)
(-3.221624042e-06 -7.583306784e-18 -0.05030372048)
(-3.837533306e-06 -6.020764794e-18 -0.05021862387)
(-4.45485972e-06 -5.457958153e-18 -0.05011511135)
(-5.063959526e-06 -5.739802165e-18 -0.04998969698)
(-5.655616149e-06 -5.7874216e-18 -0.04983839305)
(-6.221404537e-06 -5.592765514e-18 -0.04965667498)
(-6.751848692e-06 -6.157984633e-18 -0.04943945108)
(-7.237315359e-06 -6.712984803e-18 -0.0491810351)
(-7.669243068e-06 -6.601942235e-18 -0.04887512756)
(-8.038833433e-06 -6.53624118e-18 -0.04851480508)
(-8.337704602e-06 -6.447840003e-18 -0.04809251581)
(-8.55913828e-06 -6.300473132e-18 -0.0476000873)
(-8.696949091e-06 -6.048845467e-18 -0.04702874358)
(-8.746138138e-06 -5.687772066e-18 -0.04636913065)
(-8.704158828e-06 -5.763968749e-18 -0.04561135452)
(-8.569853289e-06 -5.684138259e-18 -0.04474502864)
(-8.343769848e-06 -5.460889934e-18 -0.04375932837)
(-8.028764011e-06 -5.67971936e-18 -0.04264305349)
(-7.629998578e-06 -5.321983174e-18 -0.0413847022)
(-7.155151226e-06 -4.938739679e-18 -0.03997254938)
(-6.613603193e-06 -4.521586185e-18 -0.03839472795)
(-6.016499881e-06 -4.33944198e-18 -0.03663931223)
(-5.376544422e-06 -4.153763701e-18 -0.03469440257)
(-4.707675206e-06 -3.673378083e-18 -0.0325482113)
(-4.024743846e-06 -3.561733569e-18 -0.03018914651)
(-3.343161749e-06 -3.248347775e-18 -0.02760589288)
(-2.678639691e-06 -2.81355971e-18 -0.02478748629)
(-2.047010524e-06 -2.358599766e-18 -0.02172338041)
(-1.464210032e-06 -2.01327573e-18 -0.01840350515)
(-9.467810364e-07 -1.560149163e-18 -0.01481831606)
(-5.154144085e-07 -1.096781152e-18 -0.01095882212)
(-2.026096535e-07 -6.732716666e-19 -0.006816567925)
(-3.886822234e-08 -2.269783207e-19 -0.002383470314)
(2.814746279e-07 -2.22696235e-18 -0.0506647919)
(7.286425791e-07 -3.354117467e-18 -0.05066380816)
(1.12512619e-06 -7.508479086e-19 -0.05066188072)
(1.495638288e-06 -3.360559513e-18 -0.0506590061)
(1.811150412e-06 -4.834110978e-18 -0.05065507831)
(2.060664497e-06 -5.445123136e-18 -0.05064993905)
(2.238508281e-06 -5.582822005e-18 -0.05064336996)
(2.340813352e-06 -5.847847477e-18 -0.05063508594)
(2.366435944e-06 -6.692140309e-18 -0.05062471997)
(2.317561266e-06 -5.763490313e-18 -0.05061180675)
(2.197867902e-06 -5.472903972e-18 -0.05059576402)
(2.012000303e-06 -5.404743492e-18 -0.05057586974)
(1.765833808e-06 -5.254157809e-18 -0.05055123498)
(1.466074556e-06 -5.124750651e-18 -0.05052077433)
(1.120059369e-06 -4.958819058e-18 -0.05048317376)
(7.357612827e-07 -4.84647543e-18 -0.05043685536)
(3.212157213e-07 -5.040948866e-18 -0.05037993957)
(-1.160870783e-07 -5.262962641e-18 -0.05031020532)
(-5.695129363e-07 -5.438404001e-18 -0.05022504967)
(-1.031449078e-06 -5.426211401e-18 -0.05012144791)
(-1.493337533e-06 -5.481063295e-18 -0.04999591285)
(-1.948236453e-06 -5.494465667e-18 -0.04984445567)
(-2.388984676e-06 -5.512974467e-18 -0.04966255105)
(-2.807437982e-06 -5.52332061e-18 -0.04944510655)
(-3.196433408e-06 -5.54138429e-18 -0.04918643547)
(-3.548960713e-06 -5.618254464e-18 -0.04888023857)
(-3.857796963e-06 -5.709733798e-18 -0.04851959308)
(-4.116968582e-06 -5.794499114e-18 -0.04809694851)
(-4.321323153e-06 -5.916032443e-18 -0.04760413499)
(-4.46614933e-06 -6.088056439e-18 -0.0470323798)
(-4.548170765e-06 -6.368379849e-18 -0.04637233291)
(-4.566176358e-06 -5.965440006e-18 -0.04561410603)
(-4.519977091e-06 -5.721242324e-18 -0.04474731904)
(-4.410750386e-06 -5.606563301e-18 -0.0437611536)
(-4.241640428e-06 -5.184211736e-18 -0.04264441706)
(-4.017786415e-06 -4.795737038e-18 -0.04138561599)
(-3.746099717e-06 -4.434706386e-18 -0.03997303446)
(-3.434709729e-06 -4.097786721e-18 -0.03839481394)
(-3.092919875e-06 -3.788624115e-18 -0.03663903595)
(-2.73088957e-06 -3.499665037e-18 -0.03469380785)
(-2.359207498e-06 -3.244175693e-18 -0.03254734809)
(-1.98841771e-06 -3.083011181e-18 -0.03018806958)
(-1.628459557e-06 -2.700766603e-18 -0.0276046605)
(-1.288147719e-06 -2.363229712e-18 -0.02478615901)
(-9.747272946e-07 -2.050282831e-18 -0.02172202068)
(-6.936979104e-07 -1.246359053e-18 -0.01840217845)
(-4.492467081e-07 -1.223029519e-18 -0.0148170943)
(-2.469613873e-07 -7.81066238e-19 -0.01095778962)
(-9.953683144e-08 -8.246754758e-19 -0.006815830757)
(-1.987071809e-08 -1.119940768e-19 -0.002383165801)
(3.884369941e-07 -2.440333459e-18 -0.05066918989)
(1.007873896e-06 -4.606456362e-18 -0.05066823265)
(1.567635164e-06 -6.955622369e-18 -0.05066636228)
(2.107874241e-06 -3.002987183e-18 -0.05066357013)
(2.594702174e-06 -6.894034913e-18 -0.05065974583)
(3.016626636e-06 -6.670219897e-18 -0.05065472592)
(3.368510621e-06 -7.711116521e-18 -0.05064828679)
(3.647707963e-06 -5.675764279e-18 -0.05064013704)
(3.852596881e-06 -4.081080237e-18 -0.05062990459)
(3.984915434e-06 -5.46321124e-18 -0.05061711959)
(4.048316887e-06 -4.55843077e-18 -0.05060119511)
(4.047395908e-06 -3.756272785e-18 -0.05058140479)
(3.987293503e-06 -2.780072455e-18 -0.05055685644)
(3.87405858e-06 -1.191605294e-18 -0.0505264624)
(3.714234414e-06 -1.98989614e-18 -0.05048890691)
(3.5144472e-06 -2.171172226e-18 -0.05044261064)
(3.281312571e-06 -2.172297287e-18 -0.05038569281)
(3.020694267e-06 -3.464505496e-18 -0.05031593136)
(2.73847816e-06 -4.843327375e-18 -0.05023072291)
(2.441461448e-06 -5.325702786e-18 -0.05012704273)
(2.1362009e-06 -5.004424893e-18 -0.05000140271)
(1.827888355e-06 -4.947691369e-18 -0.04984981339)
(1.522345135e-06 -5.156412832e-18 -0.04966774961)
(1.226084307e-06 -4.626208734e-18 -0.04945011842)
(9.44061888e-07 -4.156628213e-18 -0.04919123326)
(6.815720641e-07 -4.455261922e-18 -0.04888479575)
(4.440541977e-07 -4.883462964e-18 -0.04852388378)
(2.352060064e-07 -4.771487193e-18 -0.04810094879)
(5.851686318e-08 -4.923136328e-18 -0.04760782365)
(-8.292961549e-08 -4.510328114e-18 -0.04703573837)
(-1.87809864e-07 -4.812232395e-18 -0.04637534686)
(-2.561685841e-07 -4.379223756e-18 -0.04561676605)
(-2.888425945e-07 -4.221466756e-18 -0.04474962144)
(-2.879107078e-07 -4.196584383e-18 -0.04376310004)
(-2.570341537e-07 -3.833390655e-18 -0.04264601565)
(-2.016088988e-07 -3.548103904e-18 -0.04138688224)
(-1.280098006e-07 -3.30332145e-18 -0.03997399104)
(-4.344690196e-08 -3.080992861e-18 -0.03839548938)
(4.418778706e-08 -2.8730075e-18 -0.03663946392)
(1.267664291e-07 -2.676091272e-18 -0.03469402617)
(1.964558211e-07 -2.490462102e-18 -0.03254739696)
(2.463541653e-07 -2.317963183e-18 -0.03018798944)
(2.713016392e-07 -2.03612871e-18 -0.02760448926)
(2.687651147e-07 -1.75072612e-18 -0.02478592919)
(2.397467309e-07 -1.453901965e-18 -0.02172175708)
(1.894310919e-07 -1.13669294e-18 -0.01840189762)
(1.273595521e-07 -8.954276167e-19 -0.01481680731)
(6.659679214e-08 -6.393768041e-19 -0.01095751039)
(2.118445014e-08 -3.734625382e-19 -0.006815592334)
(1.879789852e-09 -1.273770195e-19 -0.002383042425)
(4.901746019e-07 -1.760362865e-18 -0.05067298531)
(1.274958642e-06 -2.666312794e-18 -0.05067205538)
(1.992234194e-06 -3.045680811e-18 -0.05067023823)
(2.696999844e-06 -2.905103425e-18 -0.05066752134)
(3.350744853e-06 -2.831773334e-18 -0.05066379)
(3.941307578e-06 -2.872851182e-18 -0.05065887562)
(4.463951449e-06 -2.918537775e-18 -0.05065255038)
(4.917452512e-06 -2.519390942e-18 -0.05064451709)
(5.300977017e-06 -1.770817817e-18 -0.05063439903)
(5.615603582e-06 -3.479967605e-18 -0.05062172225)
(5.864488614e-06 -2.880611727e-18 -0.05060589627)
(6.051741259e-06 -2.454017861e-18 -0.05058619142)
(6.182047428e-06 -2.117581485e-18 -0.05056171283)
(6.260542483e-06 -1.907965005e-18 -0.05053137089)
(6.292541982e-06 -2.021635778e-18 -0.05049384829)
(6.28346237e-06 -2.290451044e-18 -0.05044756464)
(6.23842751e-06 -2.400332665e-18 -0.05039063837)
(6.161932545e-06 -2.52463375e-18 -0.05032084708)
(6.059255408e-06 -2.686637122e-18 -0.05023558784)
(5.935890051e-06 -2.773119867e-18 -0.05013183564)
(5.796012636e-06 -2.761859533e-18 -0.0500061022)
(5.643625827e-06 -2.719993739e-18 -0.0498543982)
(5.483316534e-06 -2.655302606e-18 -0.0496721991)
(5.319171288e-06 -2.522711989e-18 -0.04945441215)
(5.154391219e-06 -2.370390434e-18 -0.04919535159)
(4.992548384e-06 -2.235169294e-18 -0.04888872045)
(4.836848456e-06 -2.067071607e-18 -0.04852759784)
(4.689008941e-06 -1.9803779e-18 -0.04810443748)
(4.550664965e-06 -1.789401312e-18 -0.04761107525)
(4.423000484e-06 -1.499055626e-18 -0.04703874401)
(4.305386816e-06 -1.309594958e-18 -0.04637810197)
(4.196513116e-06 -1.546217347e-18 -0.04561927096)
(4.094433115e-06 -1.616128792e-18 -0.04475188101)
(3.996003188e-06 -1.552324194e-18 -0.04376512423)
(3.896897537e-06 -1.669924769e-18 -0.04264782004)
(3.791438576e-06 -1.716611161e-18 -0.04138848869)
(3.673508648e-06 -1.715850272e-18 -0.03997542702)
(3.536576842e-06 -1.68144533e-18 -0.03839678623)
(3.373887994e-06 -1.622256266e-18 -0.03664065618)
(3.178966327e-06 -1.543995553e-18 -0.03469514996)
(2.946222359e-06 -1.449900149e-18 -0.03254848755)
(2.671727944e-06 -1.34132795e-18 -0.03018907794)
(2.354273945e-06 -1.216916148e-18 -0.02760559831)
(1.99667838e-06 -1.081592111e-18 -0.02478706771)
(1.607335588e-06 -9.38561097e-19 -0.02172291448)
(1.201677888e-06 -7.879128417e-19 -0.0184030386)
(8.034449162e-07 -6.219033612e-19 -0.01481786885)
(4.462863708e-07 -4.496138111e-19 -0.01095840364)
(1.751879386e-07 -2.73398186e-19 -0.00681621261)
(3.28927064e-08 -9.332906733e-20 -0.002383283916)
(5.937370383e-07 -1.41176427e-18 -0.05067626098)
(1.537269057e-06 -1.748154398e-18 -0.05067533723)
(2.396907914e-06 -2.132214348e-18 -0.05067356005)
(3.252748522e-06 -3.242207894e-18 -0.05067091001)
(4.061111166e-06 1.195831533e-18 -0.05066726255)
(4.809577105e-06 5.504091159e-19 -0.05066244272)
(5.494211419e-06 2.447694206e-19 -0.05065621795)
(6.114598181e-06 -5.213242016e-19 -0.05064828647)
(6.671045963e-06 -1.510404262e-18 -0.05063826666)
(7.16402263e-06 2.264869631e-20 -0.05062568127)
(7.596044958e-06 -4.680292222e-19 -0.05060993695)
(7.970592762e-06 -6.647215179e-19 -0.05059030163)
(8.291535077e-06 -8.61358793e-19 -0.05056587847)
(8.562980229e-06 -1.443234534e-18 -0.05053557625)
(8.78908711e-06 -1.351829189e-18 -0.05049807665)
(8.9739095e-06 -2.063530577e-18 -0.05045179854)
(9.120960656e-06 -2.219945137e-18 -0.05039485987)
(9.233974199e-06 -1.46890528e-18 -0.05032503864)
(9.31730856e-06 -1.05402552e-18 -0.05023973241)
(9.374499446e-06 -8.277432998e-19 -0.05013591613)
(9.407787575e-06 -6.96505575e-19 -0.05001010185)
(9.420073067e-06 -6.071579675e-19 -0.04985830126)
(9.41461778e-06 -5.229405523e-19 -0.04967599029)
(9.393008081e-06 -4.129120004e-19 -0.04945807716)
(9.356882518e-06 -2.488732261e-19 -0.04919887754)
(9.308204443e-06 1.182354375e-20 -0.0488920958)
(9.247625995e-06 4.470811768e-19 -0.0485308128)
(9.17513255e-06 3.016746728e-19 -0.04810748477)
(9.090673228e-06 3.396881162e-19 -0.04761395043)
(8.993330807e-06 -2.110927512e-19 -0.04704144551)
(8.88063174e-06 -1.919890087e-19 -0.04638063225)
(8.749776705e-06 -2.224463041e-19 -0.04562163691)
(8.597517387e-06 -2.673361439e-19 -0.04475409327)
(8.419545229e-06 -3.160854403e-19 -0.0437671978)
(8.210480886e-06 -3.745762175e-19 -0.04264977467)
(7.964289247e-06 -4.304848822e-19 -0.04139034922)
(7.674722601e-06 -4.757818673e-19 -0.03997722249)
(7.335368512e-06 -5.057430417e-19 -0.03839854814)
(6.939940743e-06 -5.177847979e-19 -0.03664241772)
(6.482772176e-06 -5.122305316e-19 -0.03469694422)
(5.959434212e-06 -4.907170734e-19 -0.03255034465)
(5.367572439e-06 -4.551075516e-19 -0.03019102099)
(4.708124011e-06 -4.06430107e-19 -0.02760763773)
(3.986983708e-06 -3.450619041e-19 -0.02478919354)
(3.217223919e-06 -2.693488715e-19 -0.0217250868)
(2.421722743e-06 -1.720360984e-19 -0.01840517722)
(1.637031842e-06 -1.527177954e-19 -0.01481984549)
(9.21872582e-07 -1.169545465e-19 -0.01096004367)
(3.690909574e-07 -7.325683211e-20 -0.00681731791)
(6.968966109e-08 -2.530500176e-20 -0.002383684186)
(6.443079844e-07 -2.613067956e-19 -0.05067872524)
(1.701211667e-06 1.311742023e-18 -0.0506778506)
(2.704113827e-06 1.739866572e-18 -0.05067613333)
(3.70254011e-06 1.817322236e-18 -0.05067354825)
(4.650238714e-06 2.238489137e-18 -0.05066997004)
(5.539769053e-06 2.126815678e-18 -0.05066522236)
(6.370522299e-06 1.589202334e-18 -0.05065906997)
(7.142405441e-06 1.063778963e-18 -0.05065120911)
(7.857007816e-06 7.04898281e-19 -0.05064125502)
(8.515232995e-06 7.010590642e-19 -0.05062872792)
(9.118361631e-06 7.460975187e-19 -0.05061303283)
(9.668903214e-06 1.093452606e-18 -0.05059343623)
(1.016971514e-05 1.605920423e-18 -0.05056903998)
(1.062375957e-05 2.426552111e-18 -0.05053875195)
(1.103387628e-05 1.914802659e-18 -0.05050125309)
(1.140240575e-05 1.395479725e-18 -0.05045496187)
(1.173185265e-05 1.738910374e-18 -0.05039799662)
(1.202535942e-05 1.864000238e-18 -0.05032813633)
(1.228565632e-05 1.829699147e-18 -0.05024277896)
(1.251426297e-05 1.743546882e-18 -0.05013890008)
(1.271230142e-05 1.645087049e-18 -0.05001301283)
(1.288162059e-05 1.55294553e-18 -0.04986113059)
(1.302358901e-05 1.478909748e-18 -0.0496787304)
(1.313796603e-05 1.430704134e-18 -0.04946072215)
(1.322487986e-05 1.411762954e-18 -0.04920142392)
(1.328461829e-05 1.418563525e-18 -0.04889454201)
(1.331567356e-05 1.433172755e-18 -0.04853316006)
(1.331650086e-05 1.40195629e-18 -0.04810973763)
(1.328550948e-05 1.315603811e-18 -0.04761611631)
(1.321976573e-05 1.241231661e-18 -0.04704353538)
(1.311541396e-05 1.151905988e-18 -0.04638266145)
(1.296846886e-05 1.118881405e-18 -0.04562362515)
(1.277452227e-05 1.04678738e-18 -0.04475606391)
(1.252839092e-05 9.55624188e-19 -0.04376917835)
(1.222395125e-05 8.489457578e-19 -0.04265179743)
(1.185513024e-05 7.201059478e-19 -0.04139245058)
(1.14158417e-05 5.901706848e-19 -0.03997944134)
(1.090003523e-05 4.784100867e-19 -0.0384009253)
(1.030206265e-05 4.030041187e-19 -0.03664499465)
(9.61710638e-06 3.560582936e-19 -0.03469976094)
(8.841720771e-06 3.284329801e-19 -0.03255343673)
(7.974589433e-06 3.078999336e-19 -0.03019441514)
(7.017705187e-06 2.956489764e-19 -0.02761134523)
(5.978140758e-06 2.883136486e-19 -0.0247932003)
(4.870644679e-06 2.848614381e-19 -0.02172933861)
(3.721078634e-06 2.778290264e-19 -0.0184095578)
(2.572371387e-06 2.283658634e-19 -0.01482414543)
(1.499623049e-06 1.681814926e-19 -0.01096392101)
(6.357815236e-07 1.032968749e-19 -0.006820258642)
(1.339146047e-07 3.545647696e-20 -0.002384975095)
(7.485065389e-07 3.092076729e-18 -0.05068194978)
(1.906522886e-06 1.110008972e-17 -0.05068105106)
(2.934242793e-06 7.353858174e-18 -0.05067935071)
(3.979382311e-06 5.818971411e-18 -0.05067680412)
(4.994730223e-06 5.261806133e-18 -0.0506732714)
(5.967871786e-06 5.543659728e-18 -0.05066857153)
(6.895848825e-06 2.966631167e-18 -0.05066246552)
(7.776535195e-06 1.952425057e-18 -0.05065464757)
(8.610075884e-06 1.450602488e-18 -0.05064473139)
(9.39719846e-06 1.090151629e-18 -0.05063223482)
(1.013801456e-05 6.197497013e-19 -0.05061656127)
(1.083305792e-05 2.20192673e-18 -0.05059697607)
(1.148359727e-05 3.32718053e-18 -0.05057258016)
(1.209098304e-05 4.614521755e-18 -0.05054228064)
(1.265628574e-05 4.809169767e-18 -0.05050475798)
(1.318077023e-05 5.695759645e-18 -0.05045843073)
(1.366635059e-05 6.145702225e-18 -0.05040141797)
(1.411477772e-05 5.94036987e-18 -0.05033149893)
(1.452696988e-05 4.958659754e-18 -0.05024607187)
(1.490280495e-05 4.293247295e-18 -0.05014211334)
(1.524264717e-05 3.815127757e-18 -0.05001613809)
(1.554751807e-05 3.455199337e-18 -0.04986416061)
(1.581677667e-05 3.178230406e-18 -0.04968165917)
(1.604921963e-05 2.966892919e-18 -0.04946354562)
(1.624409174e-05 2.814347688e-18 -0.04920414026)
(1.639993563e-05 2.717950395e-18 -0.04889715116)
(1.651397863e-05 2.680091604e-18 -0.04853566461)
(1.658360027e-05 2.706579567e-18 -0.04811214317)
(1.660596931e-05 2.819312024e-18 -0.04761843079)
(1.657673124e-05 3.069390228e-18 -0.04704577)
(1.649133891e-05 2.730156356e-18 -0.04638483113)
(1.634521748e-05 2.494691822e-18 -0.04562574791)
(1.613319837e-05 2.332341724e-18 -0.04475816077)
(1.584956962e-05 2.227827047e-18 -0.04377127364)
(1.548805076e-05 2.16229428e-18 -0.04265391932)
(1.504264898e-05 1.78433891e-18 -0.04139463055)
(1.450750083e-05 1.408436967e-18 -0.03998171259)
(1.387690168e-05 1.04959931e-18 -0.03840332261)
(1.314559726e-05 1.013782299e-18 -0.03664755346)
(1.230909155e-05 1.027600542e-18 -0.03470251588)
(1.136400902e-05 1.096144424e-18 -0.03255641925)
(1.03085949e-05 9.897828613e-19 -0.03019764992)
(9.143556237e-06 9.350049314e-19 -0.02761484436)
(7.873402247e-06 8.207185658e-19 -0.02479695361)
(6.508389883e-06 7.444011421e-19 -0.02173329801)
(5.067075713e-06 7.050224612e-19 -0.01841361335)
(3.584165553e-06 5.468721719e-19 -0.01482809201)
(2.142132202e-06 3.888840953e-19 -0.01096742074)
(9.354356868e-07 2.350402268e-19 -0.006822821592)
(1.964742936e-07 7.860165665e-20 -0.002386012394)
(5.925408413e-07 3.849553101e-18 -0.05068371794)
(1.602146363e-06 1.29694607e-17 -0.05068282148)
(2.608720771e-06 9.4103896e-18 -0.05068115758)
(3.617951787e-06 7.623172476e-18 -0.05067864845)
(4.593435472e-06 6.766389328e-18 -0.05067515066)
(5.531054184e-06 6.824206116e-18 -0.0506704822)
(6.431051394e-06 3.814298875e-18 -0.0506644029)
(7.292939412e-06 2.532334082e-18 -0.05065660625)
(8.116598467e-06 1.905328389e-18 -0.05064670622)
(8.902682486e-06 1.482108746e-18 -0.05063422033)
(9.65147006e-06 1.025133283e-18 -0.05061855071)
(1.036278858e-05 2.826531855e-18 -0.050598962)
(1.103695427e-05 4.02301499e-18 -0.0505745548)
(1.167429033e-05 5.03158141e-18 -0.05054423592)
(1.227489892e-05 5.96449684e-18 -0.05050668623)
(1.283940175e-05 7.24550572e-18 -0.05046032519)
(1.336852969e-05 7.898750583e-18 -0.05040327243)
(1.386238359e-05 7.659622727e-18 -0.05033330764)
(1.432067635e-05 6.481971938e-18 -0.0502478301)
(1.474249969e-05 5.64557114e-18 -0.05014381808)
(1.512715859e-05 5.013128645e-18 -0.0500177889)
(1.547409249e-05 4.522826102e-18 -0.04986575879)
(1.57814835e-05 4.136996339e-18 -0.04968320849)
(1.60474822e-05 3.836137629e-18 -0.04946505329)
(1.627033249e-05 3.61124154e-18 -0.04920561613)
(1.644740686e-05 3.460569754e-18 -0.04889860831)
(1.657556053e-05 3.387301654e-18 -0.04853712009)
(1.665172859e-05 3.400206315e-18 -0.04811361781)
(1.667262447e-05 3.51779447e-18 -0.04761994878)
(1.663417968e-05 3.767396905e-18 -0.04704735985)
(1.653245879e-05 3.409487893e-18 -0.04638652573)
(1.636364796e-05 3.139166809e-18 -0.0456275832)
(1.612375217e-05 2.942737895e-18 -0.04476017595)
(1.580873194e-05 2.801915144e-18 -0.0437735112)
(1.541463524e-05 2.573150345e-18 -0.04265642514)
(1.493799574e-05 2.287054022e-18 -0.04139745271)
(1.43757579e-05 1.877764773e-18 -0.03998490023)
(1.372533295e-05 1.480301196e-18 -0.03840692563)
(1.298474108e-05 1.389298621e-18 -0.03665162172)
(1.215274339e-05 1.340897663e-18 -0.03470709806)
(1.122896816e-05 1.334274041e-18 -0.03256156134)
(1.021406246e-05 1.21078562e-18 -0.03020339317)
(9.109964879e-06 1.101151525e-18 -0.0276212219)
(7.920381804e-06 1.052396128e-18 -0.02480398425)
(6.65143669e-06 1.024553136e-18 -0.02174097331)
(5.312094521e-06 9.357599015e-19 -0.01842186868)
(3.917114559e-06 7.760200728e-19 -0.01483673807)
(2.509523646e-06 6.394391191e-19 -0.01097598082)
(1.227695305e-06 4.015710249e-19 -0.00683017778)
(3.124297731e-07 1.797561626e-19 -0.002389816219)
)
;

boundaryField
{
    front_top
    {
        type            wedge;
    }
    front_middle
    {
        type            wedge;
    }
    front_bottom
    {
        type            wedge;
    }
    back_top
    {
        type            wedge;
    }
    back_middle
    {
        type            wedge;
    }
    back_bottom
    {
        type            wedge;
    }
    axis_top
    {
        type            symmetryPlane;
    }
    axis_middle
    {
        type            symmetryPlane;
    }
    axis_bottom
    {
        type            symmetryPlane;
    }
    wall_top
    {
        type            slip;
    }
    wall_middle
    {
        type            noSlip;
    }
    wall_bottom
    {
        type            noSlip;
    }
    inlet
    {
        type            fixedValue;
        value           nonuniform 0();
    }
    outlet
    {
        type            zeroGradient;
    }
    procBoundary0to1
    {
        type            processor;
        value           nonuniform List<vector> 
51
(
(-1.724666794e-06 -6.094648319e-18 -0.0504758625)
(-4.502949209e-06 -1.484844738e-17 -0.05047438941)
(-7.131215284e-06 -1.361452988e-17 -0.0504714028)
(-9.856369727e-06 -9.419928694e-18 -0.05046698569)
(-1.25864272e-05 -8.876249198e-18 -0.05046109366)
(-1.53059219e-05 -1.037148196e-17 -0.05045364293)
(-1.802024418e-05 -8.578385056e-18 -0.05044450092)
(-2.073477252e-05 -1.04288676e-17 -0.05043347806)
(-2.345076288e-05 -1.221215129e-17 -0.05042031288)
(-2.616837227e-05 -1.140801254e-17 -0.05040465454)
(-2.888717395e-05 -1.250094711e-17 -0.05038603973)
(-3.160538351e-05 -1.538891867e-17 -0.05036386349)
(-3.431977056e-05 -1.639280891e-17 -0.05033734762)
(-3.702552197e-05 -1.796297329e-17 -0.05030550779)
(-3.971576247e-05 -1.841547123e-17 -0.05026712131)
(-4.23816043e-05 -1.927457269e-17 -0.05022069449)
(-4.501278359e-05 -2.034650583e-17 -0.05016442967)
(-4.558926951e-05 -1.950944769e-17 -0.05011269418)
(-4.558926951e-05 -1.950944769e-17 -0.05011269418)
(-4.802299686e-05 -2.031370861e-17 -0.05002979943)
(-5.037356396e-05 -2.130026541e-17 -0.04992942921)
(-5.261889871e-05 -2.145449204e-17 -0.04980819578)
(-5.47322881e-05 -2.199145342e-17 -0.04966221676)
(-5.66837935e-05 -2.197611086e-17 -0.0494870731)
(-5.843993065e-05 -2.130575469e-17 -0.04927777244)
(-5.99642392e-05 -2.069990298e-17 -0.0490287164)
(-6.121915517e-05 -2.080930077e-17 -0.0487336734)
(-6.216577362e-05 -2.085678578e-17 -0.04838576086)
(-6.276632886e-05 -2.085615061e-17 -0.04797743369)
(-6.298479415e-05 -2.083652323e-17 -0.04750048642)
(-6.278852456e-05 -2.054834608e-17 -0.04694606336)
(-6.215042397e-05 -2.082380969e-17 -0.0463046826)
(-6.104967955e-05 -2.001261923e-17 -0.04556627162)
(-5.947381285e-05 -1.948961703e-17 -0.04472021028)
(-5.741939763e-05 -1.899110566e-17 -0.04375538973)
(-5.489295565e-05 -1.826637272e-17 -0.04266027658)
(-5.191226571e-05 -1.75215894e-17 -0.04142298429)
(-4.85073194e-05 -1.674579662e-17 -0.04003135884)
(-4.471979977e-05 -1.595048023e-17 -0.03847306438)
(-4.060344538e-05 -1.516434034e-17 -0.03673566812)
(-3.62240801e-05 -1.414339413e-17 -0.03480673124)
(-3.165930093e-05 -1.310803434e-17 -0.0326738995)
(-2.699801509e-05 -1.20341913e-17 -0.0303249906)
(-2.233986996e-05 -1.081832434e-17 -0.02774807785)
(-1.779455564e-05 -9.48285041e-18 -0.02493156792)
(-1.34805932e-05 -8.141882659e-18 -0.02186426868)
(-9.523126606e-06 -6.719346059e-18 -0.01853544598)
(-6.052608105e-06 -5.282704739e-18 -0.01493487078)
(-3.217107091e-06 -3.819698109e-18 -0.01105284337)
(-1.214859451e-06 -2.320273358e-18 -0.006880164962)
(-2.177083356e-07 -7.934689378e-19 -0.002407966906)
)
;
    }
}


// ************************************************************************* //
