/*--------------------------------*- C++ -*----------------------------------*\
  =========                 |
  \\      /  F ield         | OpenFOAM: The Open Source CFD Toolbox
   \\    /   O peration     | Website:  https://openfoam.org
    \\  /    A nd           | Version:  7
     \\/     M anipulation  |
\*---------------------------------------------------------------------------*/
FoamFile
{
    version     2.0;
    format      ascii;
    class       volVectorField;
    location    "0.0012";
    object      U;
}
// * * * * * * * * * * * * * * * * * * * * * * * * * * * * * * * * * * * * * //

dimensions      [0 1 -1 0 0 0 0];

internalField   nonuniform List<vector> 
1166
(
(-6.072857287e-08 3.311363411e-20 -0.002000023234)
(-1.593329718e-07 3.447787937e-20 -0.002000029053)
(-2.538642442e-07 2.054312647e-20 -0.002000043687)
(-3.535454692e-07 3.305321257e-21 -0.002000064794)
(-4.564175866e-07 -1.617186616e-20 -0.002000092261)
(-5.622497074e-07 -3.504354569e-21 -0.002000125866)
(-6.716293484e-07 3.600856198e-21 -0.002000165327)
(-7.850704082e-07 7.725328268e-21 -0.002000210398)
(-9.029116717e-07 1.019183571e-20 -0.002000260876)
(-1.025365741e-06 1.190128862e-20 -0.002000316596)
(-1.152536065e-06 1.32134208e-20 -0.002000377422)
(-1.284419551e-06 1.40837676e-20 -0.002000443246)
(-1.420909862e-06 1.473524364e-20 -0.002000513985)
(-1.561801311e-06 1.552407522e-20 -0.00200058958)
(-1.706791631e-06 1.635862695e-20 -0.002000669989)
(-1.855484822e-06 1.706708556e-20 -0.002000755185)
(-2.007401868e-06 1.764472615e-20 -0.002000845157)
(-2.161989568e-06 1.841557973e-20 -0.002000939908)
(-2.318599111e-06 1.942269242e-20 -0.002001039457)
(-2.47647557e-06 2.015126579e-20 -0.002001143839)
(-2.634773801e-06 2.045751541e-20 -0.002001253102)
(-2.792577437e-06 2.020664632e-20 -0.002001367306)
(-2.94890025e-06 1.89284283e-20 -0.002001486529)
(-3.102650816e-06 2.697944064e-20 -0.00200161086)
(-3.252643012e-06 3.383644278e-20 -0.002001740398)
(-3.397621912e-06 4.000683044e-20 -0.002001875247)
(-3.536233256e-06 4.582836402e-20 -0.002002015504)
(-3.667040521e-06 4.664487684e-20 -0.002002161248)
(-3.788517546e-06 4.746926111e-20 -0.002002312521)
(-3.89904364e-06 5.311766775e-20 -0.002002469309)
(-3.996932082e-06 5.877048425e-20 -0.002002631517)
(-4.080383767e-06 5.998815101e-20 -0.002002798949)
(-4.147473229e-06 6.163991994e-20 -0.002002971274)
(-4.196179449e-06 6.376225702e-20 -0.002003147999)
(-4.224393119e-06 6.599246044e-20 -0.002003328458)
(-4.22987461e-06 6.841221221e-20 -0.002003511797)
(-4.210246664e-06 7.102205308e-20 -0.002003696967)
(-4.16300037e-06 7.383682558e-20 -0.002003882733)
(-4.085502771e-06 7.691704321e-20 -0.002004067679)
(-3.974973123e-06 8.012422211e-20 -0.002004250228)
(-3.828473731e-06 8.025530804e-20 -0.002004428647)
(-3.642940846e-06 8.076559022e-20 -0.002004601057)
(-3.415180257e-06 8.157879125e-20 -0.002004765422)
(-3.141879169e-06 8.263554037e-20 -0.002004919522)
(-2.819588058e-06 8.404623994e-20 -0.002005060904)
(-2.444767409e-06 8.579832873e-20 -0.002005186806)
(-2.014141157e-06 8.790929618e-20 -0.002005294064)
(-1.524655394e-06 8.696721215e-20 -0.002005379056)
(-9.694577785e-07 8.63058026e-20 -0.002005437458)
(-3.356165018e-07 8.598328784e-20 -0.002005463288)
(-1.560978314e-07 7.330416091e-20 -0.002003016379)
(-4.09047741e-07 1.477176121e-19 -0.002003034829)
(-6.478374434e-07 2.110410498e-19 -0.002003075767)
(-8.924965013e-07 1.808920787e-19 -0.002003135542)
(-1.135692004e-06 1.684019608e-19 -0.002003212665)
(-1.374942347e-06 1.629079909e-19 -0.002003305557)
(-1.610069208e-06 1.142064501e-19 -0.002003412684)
(-1.840975232e-06 7.421131865e-20 -0.002003532591)
(-2.067393174e-06 3.908434359e-20 -0.002003663907)
(-2.288958992e-06 3.94322076e-20 -0.002003805342)
(-2.505219656e-06 3.819559576e-20 -0.002003955692)
(-2.715641448e-06 3.544233423e-20 -0.002004113837)
(-2.919611235e-06 3.144419397e-20 -0.002004278734)
(-3.116452397e-06 3.763046526e-20 -0.002004449416)
(-3.305448979e-06 4.151827763e-20 -0.002004624985)
(-3.485809917e-06 3.380733862e-20 -0.002004804611)
(-3.656662402e-06 3.492713952e-20 -0.002004987527)
(-3.817124664e-06 4.380932772e-20 -0.00200517303)
(-3.966282311e-06 5.099460969e-20 -0.002005360481)
(-4.103176458e-06 5.66179958e-20 -0.0020055493)
(-4.226846233e-06 6.15406516e-20 -0.002005738968)
(-4.336324453e-06 6.600133302e-20 -0.002005929026)
(-4.430644079e-06 7.635264972e-20 -0.002006119074)
(-4.508872722e-06 8.558645085e-20 -0.00200630878)
(-4.570101546e-06 9.441124037e-20 -0.002006497864)
(-4.613445685e-06 9.589790402e-20 -0.002006686108)
(-4.638085462e-06 9.732985884e-20 -0.00200687335)
(-4.643278822e-06 9.900804018e-20 -0.002007059479)
(-4.628356357e-06 1.004780496e-19 -0.002007244431)
(-4.592720521e-06 1.018428967e-19 -0.002007428179)
(-4.53587548e-06 1.035649668e-19 -0.002007610718)
(-4.4574602e-06 1.054315034e-19 -0.002007792044)
(-4.357253527e-06 1.072839025e-19 -0.002007972121)
(-4.235174468e-06 1.095131324e-19 -0.002008150845)
(-4.091308475e-06 1.119816163e-19 -0.002008328)
(-3.92594265e-06 1.144112068e-19 -0.002008503206)
(-3.739577214e-06 1.167767964e-19 -0.002008675879)
(-3.532939975e-06 1.191824305e-19 -0.002008845188)
(-3.307012023e-06 1.216487632e-19 -0.002009010034)
(-3.063057134e-06 1.243165048e-19 -0.002009169063)
(-2.802632322e-06 1.274870788e-19 -0.002009320687)
(-2.527588012e-06 1.2717256e-19 -0.002009463159)
(-2.240094664e-06 1.234985324e-19 -0.002009594654)
(-1.942658525e-06 1.201788895e-19 -0.002009713385)
(-1.638137232e-06 1.171711185e-19 -0.00200981772)
(-1.329738921e-06 1.14449981e-19 -0.002009906317)
(-1.02097757e-06 1.12048213e-19 -0.002009978241)
(-7.158033763e-07 1.102338675e-19 -0.002010033064)
(-4.190608222e-07 1.08854966e-19 -0.002010070993)
(-1.35773509e-07 1.079733443e-19 -0.002010093035)
(-1.856253296e-07 8.168633937e-21 -0.002007843484)
(-4.853707669e-07 -3.76267313e-20 -0.002007861589)
(-7.653812218e-07 6.709387243e-20 -0.002007900069)
(-1.049036326e-06 1.445979859e-19 -0.002007956403)
(-1.326676449e-06 2.09094925e-19 -0.002008029114)
(-1.59450868e-06 1.927326376e-19 -0.002008116572)
(-1.851629906e-06 1.871452221e-19 -0.002008217216)
(-2.09740777e-06 1.860069211e-19 -0.002008329542)
(-2.331122314e-06 1.871891121e-19 -0.002008452095)
(-2.552067804e-06 1.893305068e-19 -0.002008583488)
(-2.759601839e-06 1.935838671e-19 -0.002008722415)
(-2.953147908e-06 1.987032133e-19 -0.00200886765)
(-3.132140677e-06 1.902099392e-19 -0.002009018064)
(-3.296032916e-06 1.833900154e-19 -0.002009172618)
(-3.444330657e-06 1.78351085e-19 -0.002009330377)
(-3.576569417e-06 1.748256619e-19 -0.002009490505)
(-3.692323972e-06 1.714585936e-19 -0.002009652265)
(-3.791205094e-06 1.693165145e-19 -0.002009815017)
(-3.872872695e-06 1.687520625e-19 -0.00200997822)
(-3.937093012e-06 1.696363014e-19 -0.002010141422)
(-3.98370607e-06 1.720591579e-19 -0.002010304258)
(-4.012589816e-06 1.757367135e-19 -0.002010466436)
(-4.02369339e-06 1.72861867e-19 -0.002010627731)
(-4.017079061e-06 1.617784938e-19 -0.002010787966)
(-3.992911968e-06 1.605641687e-19 -0.002010946996)
(-3.951434408e-06 1.549565976e-19 -0.002011104688)
(-3.892996089e-06 1.446345259e-19 -0.002011260892)
(-3.818035608e-06 1.408411655e-19 -0.002011415426)
(-3.727089711e-06 1.379767803e-19 -0.002011568051)
(-3.620815728e-06 1.314641533e-19 -0.002011718447)
(-3.499961708e-06 1.25689534e-19 -0.002011866207)
(-3.365371369e-06 1.244356163e-19 -0.002012010825)
(-3.2180052e-06 1.237132971e-19 -0.002012151707)
(-3.058914737e-06 1.288282466e-19 -0.002012288185)
(-2.889243945e-06 1.299385127e-19 -0.002012419537)
(-2.710232676e-06 1.313650569e-19 -0.002012545021)
(-2.523207105e-06 1.289639557e-19 -0.002012663904)
(-2.329594627e-06 1.229156692e-19 -0.002012775494)
(-2.130888097e-06 1.13363082e-19 -0.002012879171)
(-1.928646594e-06 1.044672023e-19 -0.002012974407)
(-1.724495651e-06 9.878712313e-20 -0.002013060788)
(-1.520109274e-06 9.776521709e-20 -0.00201313802)
(-1.317187061e-06 9.712276625e-20 -0.002013205943)
(-1.117412356e-06 9.657641683e-20 -0.002013264534)
(-9.224350634e-07 9.610070338e-20 -0.002013313906)
(-7.338309613e-07 9.573536868e-20 -0.002013354305)
(-5.530405962e-07 9.55192661e-20 -0.002013386094)
(-3.81386744e-07 9.731043884e-20 -0.002013409737)
(-2.202628703e-07 9.684998916e-20 -0.00201342577)
(-7.092423278e-08 9.664082974e-20 -0.002013434824)
(-1.650641779e-07 2.128149265e-20 -0.002012663517)
(-4.318960904e-07 -1.080771498e-21 -0.002012676406)
(-6.810497934e-07 -4.703683219e-20 -0.00201270282)
(-9.319673538e-07 1.104741477e-20 -0.002012741648)
(-1.175405718e-06 4.765294193e-20 -0.00201279188)
(-1.407662182e-06 7.294211332e-20 -0.002012852396)
(-1.627622323e-06 1.466904619e-19 -0.002012922149)
(-1.834499389e-06 2.108375521e-19 -0.002013000136)
(-2.027514638e-06 2.717575256e-19 -0.002013085385)
(-2.205966885e-06 2.98123147e-19 -0.002013176964)
(-2.369315147e-06 2.930443498e-19 -0.00201327399)
(-2.517129038e-06 2.962823158e-19 -0.002013375642)
(-2.649068999e-06 3.058001128e-19 -0.002013481162)
(-2.764875627e-06 2.93378085e-19 -0.002013589855)
(-2.864370498e-06 2.862604458e-19 -0.002013701096)
(-2.947479391e-06 2.809741725e-19 -0.002013814322)
(-3.014217406e-06 2.588073109e-19 -0.002013929032)
(-3.064675537e-06 2.219130158e-19 -0.002014044781)
(-3.099039597e-06 1.895414471e-19 -0.002014161167)
(-3.117584517e-06 1.697707754e-19 -0.002014277831)
(-3.120649764e-06 1.519120485e-19 -0.002014394443)
(-3.108658564e-06 1.355358694e-19 -0.002014510692)
(-3.082117779e-06 1.141311949e-19 -0.00201462627)
(-3.041590875e-06 1.008523734e-19 -0.002014740866)
(-2.987723361e-06 8.829953525e-20 -0.002014854157)
(-2.921249125e-06 8.319503884e-20 -0.002014965806)
(-2.842942298e-06 7.858566067e-20 -0.002015075456)
(-2.753617613e-06 8.004523163e-20 -0.002015182732)
(-2.654164701e-06 8.144769651e-20 -0.002015287245)
(-2.545528281e-06 8.275297503e-20 -0.002015388598)
(-2.428691145e-06 8.397570424e-20 -0.002015486396)
(-2.304672808e-06 8.018289762e-20 -0.002015580253)
(-2.174541707e-06 7.655407427e-20 -0.002015669803)
(-2.039403786e-06 6.818523881e-20 -0.002015754707)
(-1.900361743e-06 6.001316751e-20 -0.002015834665)
(-1.758540738e-06 5.133406846e-20 -0.002015909418)
(-1.615068811e-06 5.002250969e-20 -0.002015978757)
(-1.471055532e-06 4.803544284e-20 -0.002016042525)
(-1.327591186e-06 4.956433554e-20 -0.002016100623)
(-1.185727909e-06 5.06251532e-20 -0.002016153009)
(-1.046470535e-06 4.78146668e-20 -0.002016199701)
(-9.107594313e-07 4.735031614e-20 -0.002016240774)
(-7.794599794e-07 5.25072116e-20 -0.002016276362)
(-6.533597018e-07 5.724557012e-20 -0.00201630665)
(-5.3315875e-07 6.159342967e-20 -0.00201633187)
(-4.194514295e-07 6.549632067e-20 -0.002016352294)
(-3.127190261e-07 6.892451801e-20 -0.002016368226)
(-2.133857737e-07 7.184985575e-20 -0.002016379991)
(-1.219654183e-07 7.299234896e-20 -0.002016387937)
(-3.906625474e-08 7.377682565e-20 -0.002016392439)
(-1.297574825e-07 9.580055342e-20 -0.002017095916)
(-3.389072839e-07 2.111114017e-19 -0.002017104173)
(-5.330740862e-07 1.665274988e-19 -0.002017120456)
(-7.278670555e-07 1.485922703e-19 -0.0020171445)
(-9.158076646e-07 1.430668036e-19 -0.002017175697)
(-1.093814235e-06 1.445996635e-19 -0.002017213381)
(-1.260843747e-06 1.504779807e-19 -0.002017256946)
(-1.416149196e-06 1.585768035e-19 -0.002017305815)
(-1.55905079e-06 1.680522578e-19 -0.00201735943)
(-1.689036993e-06 1.782859585e-19 -0.002017417255)
(-1.805717677e-06 1.904539861e-19 -0.002017478775)
(-1.90879271e-06 1.860861711e-19 -0.002017543507)
(-1.998110166e-06 1.972784761e-19 -0.002017610995)
(-2.073619144e-06 1.952602771e-19 -0.00201768081)
(-2.13535041e-06 1.801941149e-19 -0.002017752544)
(-2.18346493e-06 1.688397758e-19 -0.002017825816)
(-2.218205436e-06 1.607044447e-19 -0.002017900262)
(-2.239880187e-06 1.554719511e-19 -0.00201797553)
(-2.248893694e-06 1.423034937e-19 -0.00201805128)
(-2.245698506e-06 1.31067798e-19 -0.002018127178)
(-2.230811499e-06 1.12556888e-19 -0.002018202895)
(-2.204840823e-06 8.639936983e-20 -0.002018278101)
(-2.168447439e-06 6.927673147e-20 -0.002018352464)
(-2.122320792e-06 5.287769531e-20 -0.002018425658)
(-2.06718118e-06 3.060364002e-20 -0.002018497356)
(-2.003800681e-06 2.586070142e-20 -0.002018567238)
(-1.932981409e-06 2.507316169e-20 -0.002018634996)
(-1.855543269e-06 2.352426265e-20 -0.002018700333)
(-1.77233289e-06 2.168463975e-20 -0.002018762969)
(-1.684200495e-06 1.949867593e-20 -0.002018822647)
(-1.591991747e-06 1.712993961e-20 -0.002018879137)
(-1.496564239e-06 1.466144864e-20 -0.002018932238)
(-1.398755129e-06 1.660312515e-20 -0.00201898178)
(-1.299388914e-06 1.39046612e-20 -0.002019027634)
(-1.199269282e-06 1.435448842e-20 -0.002019069704)
(-1.099158963e-06 1.437317202e-20 -0.002019107933)
(-9.997959511e-07 1.720727317e-20 -0.002019142303)
(-9.018742344e-07 2.280761021e-20 -0.002019172833)
(-8.060393944e-07 3.085189327e-20 -0.002019199579)
(-7.128878237e-07 3.841740316e-20 -0.002019222629)
(-6.229662224e-07 4.55953591e-20 -0.002019242103)
(-5.36768004e-07 4.914616312e-20 -0.00201925815)
(-4.547232079e-07 5.23243926e-20 -0.002019270941)
(-3.772006045e-07 5.223366864e-20 -0.002019280669)
(-3.045183863e-07 5.514290504e-20 -0.002019287546)
(-2.369491645e-07 5.497329761e-20 -0.002019291788)
(-1.746874433e-07 5.47185854e-20 -0.002019293577)
(-1.178394774e-07 5.429781634e-20 -0.002019293094)
(-6.652918582e-08 5.570286185e-20 -0.002019290983)
(-2.113236429e-08 5.689313773e-20 -0.002019288919)
(-9.660022981e-08 4.42908467e-20 -0.002020972138)
(-2.524761677e-07 6.38348803e-20 -0.002020977243)
(-3.973239373e-07 6.619223974e-20 -0.002020986913)
(-5.42123452e-07 6.501289308e-20 -0.002021001238)
(-6.810464233e-07 6.152683928e-20 -0.002021019873)
(-8.117742786e-07 5.617089239e-20 -0.00202104243)
(-9.334605996e-07 4.817794548e-20 -0.002021068564)
(-1.045512322e-06 3.612555064e-20 -0.002021097946)
(-1.147413838e-06 1.834893589e-20 -0.00202113025)
(-1.238815146e-06 -6.820182719e-21 -0.002021165157)
(-1.3194747e-06 -6.15444853e-21 -0.002021202359)
(-1.389240323e-06 -1.154722185e-20 -0.002021241549)
(-1.448107382e-06 -2.094916435e-20 -0.00202128243)
(-1.496176803e-06 -3.477889026e-20 -0.002021324709)
(-1.533602201e-06 -4.973991616e-20 -0.002021368096)
(-1.560620777e-06 -5.550423541e-20 -0.002021412302)
(-1.577576164e-06 -5.328921238e-20 -0.002021457044)
(-1.584856385e-06 -3.303366675e-20 -0.00202150204)
(-1.582896585e-06 -1.509461232e-20 -0.002021547009)
(-1.572196547e-06 -7.199728413e-21 -0.002021591675)
(-1.553316503e-06 -6.953628296e-23 -0.002021635762)
(-1.526852964e-06 -2.051659707e-21 -0.002021679001)
(-1.49341885e-06 -5.028319917e-21 -0.002021721132)
(-1.453654527e-06 -1.52874009e-21 -0.002021761908)
(-1.408220947e-06 7.507436064e-22 -0.002021801092)
(-1.357777867e-06 2.208515163e-21 -0.002021838464)
(-1.303010165e-06 3.699429132e-21 -0.002021873823)
(-1.24460847e-06 6.104956003e-21 -0.002021906987)
(-1.18324384e-06 8.489019025e-21 -0.002021937798)
(-1.119584063e-06 1.107135081e-20 -0.002021966123)
(-1.054279724e-06 1.394399084e-20 -0.002021991853)
(-9.879686669e-07 2.142865299e-20 -0.002022014907)
(-9.212536561e-07 2.899228627e-20 -0.002022035231)
(-8.547157083e-07 4.103020373e-20 -0.002022052796)
(-7.889174279e-07 5.355904092e-20 -0.002022067599)
(-7.243678909e-07 6.258615379e-20 -0.002022079664)
(-6.615500102e-07 6.5988379e-20 -0.002022089033)
(-6.009215987e-07 6.630540149e-20 -0.002022095776)
(-5.428859204e-07 6.444443388e-20 -0.002022099977)
(-4.87802626e-07 6.014710066e-20 -0.00202210174)
(-4.360086924e-07 6.008050655e-20 -0.002022101185)
(-3.877977916e-07 5.743350567e-20 -0.002022098443)
(-3.433931293e-07 5.257846566e-20 -0.002022093662)
(-3.029439449e-07 4.84202823e-20 -0.002022086981)
(-2.666661601e-07 4.449453213e-20 -0.002022078498)
(-2.353820826e-07 4.342466393e-20 -0.002022068365)
(-2.101123564e-07 4.260874485e-20 -0.002022057426)
(-1.850610573e-07 4.09504197e-20 -0.002022047114)
(-1.387579743e-07 3.982004759e-20 -0.002022038563)
(-5.224054067e-08 3.908327496e-20 -0.002022032839)
(-7.042479517e-08 4.500389798e-20 -0.002024520416)
(-1.837449668e-07 6.7114811e-20 -0.002024523569)
(-2.885340872e-07 7.227218575e-20 -0.002024529305)
(-3.930359682e-07 7.406880508e-20 -0.002024537805)
(-4.92935458e-07 7.377441521e-20 -0.00202454886)
(-5.865261952e-07 7.086416929e-20 -0.002024562239)
(-6.731332062e-07 6.481372208e-20 -0.002024577731)
(-7.523104148e-07 5.433408184e-20 -0.002024595128)
(-8.237247647e-07 3.831022998e-20 -0.002024614225)
(-8.871178022e-07 -3.552436571e-21 -0.00202463481)
(-9.423705658e-07 -4.594641078e-20 -0.002024656678)
(-9.894624538e-07 -7.362854035e-20 -0.002024679617)
(-1.028438429e-06 -1.030740891e-19 -0.002024703414)
(-1.059449938e-06 -1.201762916e-19 -0.002024727857)
(-1.082727055e-06 -1.258497376e-19 -0.002024752737)
(-1.0985413e-06 -1.337964369e-19 -0.00202477784)
(-1.107223154e-06 -1.322137644e-19 -0.002024802954)
(-1.109165521e-06 -1.337622824e-19 -0.002024827873)
(-1.104798569e-06 -1.28564944e-19 -0.002024852392)
(-1.094587393e-06 -1.258878315e-19 -0.002024876312)
(-1.079039683e-06 -1.171629195e-19 -0.002024899442)
(-1.058672367e-06 -1.017314454e-19 -0.002024921603)
(-1.034000139e-06 -8.845071298e-20 -0.002024942625)
(-1.00557552e-06 -6.96816678e-20 -0.002024962354)
(-9.739618118e-07 -5.19616836e-20 -0.002024980647)
(-9.397058891e-07 -4.611410575e-20 -0.002024997379)
(-9.033526195e-07 -4.013671594e-20 -0.002025012439)
(-8.654501595e-07 -3.44980559e-20 -0.002025025738)
(-8.265275331e-07 -3.486663398e-20 -0.002025037202)
(-7.871003651e-07 -3.506197762e-20 -0.002025046776)
(-7.47669241e-07 -3.511153627e-20 -0.002025054426)
(-7.087026281e-07 -3.500269642e-20 -0.002025060133)
(-6.706594313e-07 -4.414366783e-20 -0.002025063898)
(-6.339657622e-07 -5.281317312e-20 -0.002025065735)
(-5.990152016e-07 -5.664678435e-20 -0.002025065675)
(-5.661890078e-07 -6.027490476e-20 -0.002025063765)
(-5.358295915e-07 -5.973434244e-20 -0.002025060063)
(-5.08243916e-07 -5.91726343e-20 -0.002025054638)
(-4.83718872e-07 -5.871936683e-20 -0.002025047571)
(-4.625030656e-07 -5.82410964e-20 -0.002025038952)
(-4.44781123e-07 -5.786395823e-20 -0.002025028882)
(-4.306639331e-07 -5.748723954e-20 -0.002025017452)
(-4.204828827e-07 -5.724491759e-20 -0.002025004696)
(-4.153994824e-07 -5.720462353e-20 -0.002024990706)
(-4.155457148e-07 -6.023871045e-20 -0.002024976493)
(-4.091693036e-07 -6.028138653e-20 -0.002024963657)
(-3.756344552e-07 -6.280455677e-20 -0.0020249536)
(-3.063821173e-07 -6.523791881e-20 -0.002024947508)
(-2.046718605e-07 -6.770822322e-20 -0.002024945824)
(-7.229043214e-08 -7.03198358e-20 -0.002024946534)
(-5.149985739e-08 -8.67146094e-21 -0.002027764183)
(-1.344898399e-07 1.883277706e-19 -0.002027766095)
(-2.114191755e-07 1.602711177e-19 -0.002027769439)
(-2.880350707e-07 1.473838444e-19 -0.002027774371)
(-3.610755958e-07 1.42860217e-19 -0.002027780765)
(-4.292780221e-07 1.438032598e-19 -0.00202778847)
(-4.921697997e-07 1.491651488e-19 -0.002027797347)
(-5.494317606e-07 1.589853553e-19 -0.002027807249)
(-6.008434246e-07 1.486022061e-19 -0.002027818035)
(-6.462582633e-07 1.477803671e-19 -0.002027829558)
(-6.856107914e-07 1.135469418e-19 -0.002027841669)
(-7.189590318e-07 6.999941526e-20 -0.00202785422)
(-7.464074296e-07 3.43586986e-20 -0.00202786706)
(-7.68112783e-07 2.844586122e-21 -0.002027880041)
(-7.843029167e-07 -2.436134093e-20 -0.002027893015)
(-7.952592139e-07 -4.860077434e-20 -0.00202790584)
(-8.013074464e-07 -5.925294563e-20 -0.002027918376)
(-8.028039156e-07 -7.884695708e-20 -0.002027930488)
(-8.001279041e-07 -8.640566786e-20 -0.002027942048)
(-7.936819169e-07 -9.344866667e-20 -0.002027952936)
(-7.838925863e-07 -8.185774861e-20 -0.002027963039)
(-7.711970511e-07 -6.282654577e-20 -0.002027972259)
(-7.560415281e-07 -4.409996342e-20 -0.002027980505)
(-7.388851162e-07 -4.645779403e-20 -0.002027987698)
(-7.201736269e-07 -4.784865497e-20 -0.002027993771)
(-7.003616736e-07 -5.598759208e-20 -0.002027998669)
(-6.798877154e-07 -6.385691704e-20 -0.002028002352)
(-6.591805489e-07 -7.753944072e-20 -0.00202800479)
(-6.38656824e-07 -9.118943663e-20 -0.002028005968)
(-6.187133544e-07 -9.93937901e-20 -0.002028005879)
(-5.997381387e-07 -1.083138343e-19 -0.00202800453)
(-5.820865913e-07 -1.180207604e-19 -0.00202800194)
(-5.661095501e-07 -1.284107479e-19 -0.002027998134)
(-5.521253201e-07 -1.397143203e-19 -0.002027993149)
(-5.404219839e-07 -1.520070926e-19 -0.002027987027)
(-5.312791157e-07 -1.607652841e-19 -0.00202797982)
(-5.249365211e-07 -1.704104092e-19 -0.002027971584)
(-5.216059709e-07 -1.722846847e-19 -0.002027962383)
(-5.214344266e-07 -1.753523214e-19 -0.002027952289)
(-5.244914719e-07 -1.723214108e-19 -0.002027941358)
(-5.311537229e-07 -1.708464031e-19 -0.002027929574)
(-5.427932427e-07 -1.673716806e-19 -0.002027916981)
(-5.59136372e-07 -1.617407145e-19 -0.002027904756)
(-5.649777439e-07 -1.571641165e-19 -0.002027894722)
(-5.39402353e-07 -1.533353525e-19 -0.002027888532)
(-4.76369059e-07 -1.525773102e-19 -0.002027887517)
(-3.790770435e-07 -1.52167996e-19 -0.002027891604)
(-2.574522264e-07 -1.523872734e-19 -0.002027898684)
(-1.383472719e-07 -1.519695156e-19 -0.002027905881)
(-4.224012332e-08 -1.524055569e-19 -0.002027910893)
(-3.919446316e-08 1.449420336e-19 -0.00203086639)
(-1.022054401e-07 3.392704664e-19 -0.002030867346)
(-1.604188437e-07 3.303878888e-19 -0.002030868898)
(-2.184225324e-07 2.147539054e-19 -0.002030871162)
(-2.737708281e-07 1.388319403e-19 -0.002030874068)
(-3.255052254e-07 8.328124242e-20 -0.002030877522)
(-3.732908968e-07 4.03217647e-20 -0.002030881427)
(-4.169082977e-07 6.914612794e-21 -0.00203088569)
(-4.561904401e-07 -1.769224403e-20 -0.002030890208)
(-4.910841965e-07 -1.669501977e-20 -0.002030894882)
(-5.215827522e-07 -1.434834124e-20 -0.002030899611)
(-5.477399042e-07 -1.174239273e-20 -0.002030904292)
(-5.696789738e-07 -9.577958345e-21 -0.002030908827)
(-5.875694149e-07 -7.355389988e-21 -0.002030913119)
(-6.016195919e-07 -5.793649071e-21 -0.002030917072)
(-6.120721698e-07 -4.776801906e-21 -0.002030920598)
(-6.192013499e-07 -1.605084307e-20 -0.002030923613)
(-6.233198675e-07 -2.719709038e-20 -0.00203092604)
(-6.247670768e-07 -3.879971179e-20 -0.002030927812)
(-6.238840025e-07 -4.057437946e-20 -0.002030928866)
(-6.210085779e-07 -4.37089364e-20 -0.002030929147)
(-6.165026808e-07 -3.850449022e-20 -0.002030928613)
(-6.107390122e-07 -3.407542205e-20 -0.002030927228)
(-6.040782505e-07 -3.741885392e-20 -0.002030924966)
(-5.968796942e-07 -4.106459426e-20 -0.002030921812)
(-5.894942904e-07 -4.469310094e-20 -0.00203091776)
(-5.822650523e-07 -4.854479012e-20 -0.002030912814)
(-5.755235253e-07 -5.257358842e-20 -0.002030906984)
(-5.695863003e-07 -5.105268326e-20 -0.002030900291)
(-5.647567816e-07 -5.016513799e-20 -0.002030892763)
(-5.61316646e-07 -4.948179852e-20 -0.002030884435)
(-5.59536401e-07 -4.895086758e-20 -0.002030875346)
(-5.59658929e-07 -4.362684088e-20 -0.002030865543)
(-5.619057653e-07 -3.845522853e-20 -0.002030855075)
(-5.664848535e-07 -3.779687502e-20 -0.002030843997)
(-5.735617442e-07 -3.688085259e-20 -0.002030832368)
(-5.83237997e-07 -3.989554415e-20 -0.002030820255)
(-5.955344224e-07 -4.264473859e-20 -0.002030807706)
(-6.108415957e-07 -4.503513525e-20 -0.002030794678)
(-6.306801082e-07 -4.723569436e-20 -0.002030781193)
(-6.545232106e-07 -4.908674685e-20 -0.002030768568)
(-6.650697817e-07 -5.063438499e-20 -0.002030758778)
(-6.408700147e-07 -5.200969493e-20 -0.002030753587)
(-5.77026321e-07 -4.968280446e-20 -0.002030754429)
(-4.777048344e-07 -4.70160936e-20 -0.002030760957)
(-3.589926849e-07 -4.579152504e-20 -0.002030770858)
(-2.471416372e-07 -4.326780745e-20 -0.00203078103)
(-1.549168021e-07 -4.075947393e-20 -0.002030789084)
(-8.128171853e-08 -3.977020046e-20 -0.002030794113)
(-2.464460518e-08 -3.865633722e-20 -0.002030796636)
(-3.163982224e-08 1.943426105e-19 -0.002033843396)
(-8.262217875e-08 2.206558879e-19 -0.002033843545)
(-1.299867828e-07 2.427219164e-19 -0.002033843541)
(-1.773373076e-07 1.416167479e-19 -0.002033843493)
(-2.226812009e-07 7.029404322e-20 -0.002033843377)
(-2.653161819e-07 1.363540414e-20 -0.002033843145)
(-3.050072334e-07 -3.496921012e-20 -0.002033842739)
(-3.416296279e-07 -7.903955056e-20 -0.002033842107)
(-3.750983505e-07 -9.513354965e-20 -0.002033841186)
(-4.053754631e-07 -1.128187845e-19 -0.002033839915)
(-4.324959783e-07 -9.328033298e-20 -0.002033838232)
(-4.565387887e-07 -6.154518788e-20 -0.002033836078)
(-4.776214291e-07 -3.534041882e-20 -0.002033833392)
(-4.959055525e-07 1.830166762e-21 -0.002033830121)
(-5.115897864e-07 3.54128613e-20 -0.002033826212)
(-5.248927832e-07 6.667767524e-20 -0.002033821619)
(-5.360453228e-07 7.232446621e-20 -0.002033816301)
(-5.45296889e-07 7.84605391e-20 -0.002033810223)
(-5.529239461e-07 7.470514733e-20 -0.002033803357)
(-5.592259687e-07 7.18291634e-20 -0.002033795684)
(-5.644827849e-07 5.200633e-20 -0.002033787192)
(-5.689715714e-07 3.379940043e-20 -0.002033777875)
(-5.729913998e-07 1.70738898e-20 -0.002033767738)
(-5.768180907e-07 9.113574407e-21 -0.002033756791)
(-5.8073319e-07 1.630618333e-21 -0.002033745054)
(-5.850022869e-07 1.421196558e-21 -0.002033732554)
(-5.89880845e-07 1.2407385e-21 -0.002033719324)
(-5.956121367e-07 7.777294081e-21 -0.002033705404)
(-6.02424927e-07 1.430155635e-20 -0.002033690839)
(-6.105316403e-07 1.517103496e-20 -0.00203367568)
(-6.201253722e-07 1.648219534e-20 -0.002033659983)
(-6.313876216e-07 1.82811573e-20 -0.002033643806)
(-6.444726123e-07 2.064000456e-20 -0.002033627212)
(-6.59508936e-07 2.351250673e-20 -0.002033610268)
(-6.765451282e-07 2.682427593e-20 -0.002033593053)
(-6.955509548e-07 3.049526351e-20 -0.00203357562)
(-7.169332868e-07 3.443983504e-20 -0.002033557921)
(-7.42318236e-07 3.439621652e-20 -0.002033539964)
(-7.709802223e-07 3.48083879e-20 -0.002033523223)
(-7.838585354e-07 3.188272141e-20 -0.002033509825)
(-7.587737487e-07 2.960200997e-20 -0.002033501595)
(-6.915380446e-07 2.791729168e-20 -0.002033499966)
(-5.868660834e-07 2.316410339e-20 -0.00203350435)
(-4.644094212e-07 1.966246568e-20 -0.002033512252)
(-3.508055394e-07 1.699577705e-20 -0.002033520452)
(-2.55713111e-07 1.504244102e-20 -0.002033526587)
(-1.77352836e-07 1.206043273e-20 -0.002033530067)
(-1.131638184e-07 1.098101616e-20 -0.002033531386)
(-6.095138255e-08 1.034166102e-20 -0.002033531196)
(-1.86185247e-08 1.00392618e-20 -0.00203353055)
(-2.74559897e-08 -2.984047488e-20 -0.002036768464)
(-7.165125983e-08 -1.467593187e-19 -0.002036767922)
(-1.127396733e-07 -7.933907954e-20 -0.002036766589)
(-1.540261228e-07 -5.014840641e-20 -0.002036764584)
(-1.938883485e-07 -3.495745191e-20 -0.002036761923)
(-2.318013221e-07 -2.513319239e-20 -0.002036758593)
(-2.675985115e-07 -1.78826553e-20 -0.002036754582)
(-3.011984458e-07 -1.159758331e-20 -0.002036749867)
(-3.325871198e-07 -4.965475624e-21 -0.002036744429)
(-3.61772423e-07 2.390665067e-21 -0.002036738242)
(-3.887924412e-07 1.078062099e-20 -0.002036731282)
(-4.137371685e-07 2.006501948e-20 -0.002036723524)
(-4.367285719e-07 2.990523084e-20 -0.002036714945)
(-4.57913535e-07 4.005674188e-20 -0.002036705526)
(-4.774600932e-07 5.024476319e-20 -0.002036695252)
(-4.955548554e-07 6.027542631e-20 -0.002036684113)
(-5.124030606e-07 7.035042429e-20 -0.002036672103)
(-5.282224146e-07 8.001240954e-20 -0.00203665922)
(-5.432294102e-07 8.934769517e-20 -0.002036645468)
(-5.576434194e-07 8.843647847e-20 -0.002036630859)
(-5.716960389e-07 8.781708512e-20 -0.002036615411)
(-5.856096504e-07 7.862818032e-20 -0.002036599147)
(-5.995979858e-07 7.024111567e-20 -0.002036582096)
(-6.138756023e-07 6.262621349e-20 -0.002036564293)
(-6.286439969e-07 5.557098527e-20 -0.002036545778)
(-6.440952979e-07 4.889705177e-20 -0.002036526597)
(-6.604098865e-07 4.243322874e-20 -0.002036506799)
(-6.777495349e-07 3.581260498e-20 -0.00203648644)
(-6.962648764e-07 2.913283941e-20 -0.002036465575)
(-7.160862122e-07 2.22212453e-20 -0.002036444265)
(-7.373329689e-07 1.504231155e-20 -0.002036422573)
(-7.600951572e-07 7.577385841e-21 -0.002036400567)
(-7.843746751e-07 5.197975683e-21 -0.002036378328)
(-8.101010177e-07 7.471828243e-21 -0.002036355909)
(-8.376833622e-07 9.01824148e-21 -0.002036333247)
(-8.688711924e-07 9.880082455e-21 -0.002036310336)
(-9.027737131e-07 1.000252882e-20 -0.002036288822)
(-9.186325876e-07 9.415001577e-21 -0.002036271051)
(-8.933977449e-07 8.178878941e-21 -0.002036258982)
(-8.234625233e-07 6.211353357e-21 -0.002036254085)
(-7.13975776e-07 3.513779694e-21 -0.002036255475)
(-5.867236515e-07 1.288108373e-22 -0.002036260356)
(-4.689849343e-07 -3.82100623e-21 -0.002036265267)
(-3.691114443e-07 -8.27578231e-21 -0.002036267736)
(-2.851570625e-07 -1.316590254e-20 -0.002036267321)
(-2.146520418e-07 -1.521089005e-20 -0.002036264541)
(-1.554262917e-07 -1.455202603e-20 -0.002036260048)
(-1.046329485e-07 -1.452260789e-20 -0.002036254917)
(-5.952936986e-08 -1.356079556e-20 -0.002036250344)
(-1.828992139e-08 -1.308774935e-20 -0.002036247391)
(-2.55898722e-08 -8.531709543e-20 -0.002039631884)
(-6.688423402e-08 -3.02460644e-19 -0.002039630799)
(-1.055258934e-07 -3.356450772e-19 -0.002039628401)
(-1.446014641e-07 -2.627611182e-19 -0.002039624826)
(-1.82686113e-07 -2.39683115e-19 -0.002039620121)
(-2.19338148e-07 -1.606535227e-19 -0.002039614319)
(-2.54475787e-07 -1.107816251e-19 -0.002039607443)
(-2.88079805e-07 -7.652149442e-20 -0.002039599513)
(-3.201393412e-07 -5.160463341e-20 -0.002039590539)
(-3.506983781e-07 -3.257730761e-20 -0.002039580536)
(-3.798367297e-07 -1.758463926e-20 -0.002039569517)
(-4.076476732e-07 -5.574502536e-21 -0.002039557491)
(-4.342346166e-07 4.242513845e-21 -0.002039544472)
(-4.597210641e-07 1.192257358e-20 -0.002039530475)
(-4.84249608e-07 1.772981912e-20 -0.002039515516)
(-5.079844454e-07 2.209873039e-20 -0.002039499614)
(-5.310996475e-07 3.806072929e-20 -0.002039482792)
(-5.537662606e-07 5.262498234e-20 -0.002039465076)
(-5.761506713e-07 6.614513761e-20 -0.002039446497)
(-5.984224174e-07 7.874546618e-20 -0.002039427091)
(-6.207581491e-07 9.058989924e-20 -0.002039406892)
(-6.43320305e-07 9.228576847e-20 -0.002039385942)
(-6.662688752e-07 9.422003121e-20 -0.002039364285)
(-6.897642903e-07 9.664039992e-20 -0.002039341967)
(-7.139376796e-07 9.963849487e-20 -0.002039319038)
(-7.389202429e-07 1.032550171e-19 -0.002039295548)
(-7.648247204e-07 1.0736915e-19 -0.002039271551)
(-7.917594003e-07 1.050728347e-19 -0.0020392471)
(-8.198166394e-07 1.033615599e-19 -0.002039222249)
(-8.490657951e-07 1.020704257e-19 -0.00203919706)
(-8.794852769e-07 1.010474429e-19 -0.002039171603)
(-9.109732963e-07 1.001887233e-19 -0.002039145922)
(-9.439602776e-07 9.923225505e-20 -0.002039119928)
(-9.803015817e-07 9.81323257e-20 -0.002039093593)
(-1.01902298e-06 9.707675923e-20 -0.002039068698)
(-1.038026326e-06 9.608578892e-20 -0.002039047824)
(-1.013308724e-06 9.513390176e-20 -0.002039033153)
(-9.415047277e-07 9.414916065e-20 -0.002039026312)
(-8.281405816e-07 9.321006107e-20 -0.002039026173)
(-6.968652425e-07 9.26343182e-20 -0.002039029575)
(-5.758859682e-07 9.304558506e-20 -0.002039032698)
(-4.728357943e-07 9.375285329e-20 -0.002039032854)
(-3.856644897e-07 9.437988688e-20 -0.002039029639)
(-3.119541736e-07 9.438913904e-20 -0.002039023577)
(-2.495425556e-07 9.42343051e-20 -0.002039015322)
(-1.955752381e-07 9.401837552e-20 -0.002039006023)
(-1.47429596e-07 9.54457526e-20 -0.002038996901)
(-1.034791636e-07 9.693460485e-20 -0.00203898886)
(-6.170265357e-08 9.854415832e-20 -0.002038982977)
(-1.973513258e-08 1.003138822e-19 -0.002038979978)
(-2.543362791e-08 -4.670036436e-20 -0.002042469308)
(-6.645268878e-08 -1.593215339e-19 -0.002042467802)
(-1.049160994e-07 -2.356222572e-19 -0.002042464581)
(-1.440672473e-07 -1.540826754e-19 -0.0020424598)
(-1.825419166e-07 -1.030628027e-19 -0.002042453537)
(-2.199661203e-07 -7.218172494e-20 -0.002042445861)
(-2.562974943e-07 -5.095164728e-20 -0.002042436826)
(-2.915667072e-07 -3.483202869e-20 -0.002042426483)
(-3.25804961e-07 -2.101170989e-20 -0.00204241488)
(-3.590417795e-07 -8.107138479e-21 -0.002042402057)
(-3.913479588e-07 4.308152701e-21 -0.002042388057)
(-4.2281545e-07 1.649137638e-20 -0.002042372923)
(-4.535483689e-07 4.752634349e-20 -0.002042356696)
(-4.836615302e-07 6.15351115e-20 -0.002042339418)
(-5.13278218e-07 4.84343182e-20 -0.002042321131)
(-5.425272071e-07 3.909360397e-20 -0.002042301875)
(-5.715357187e-07 3.18448607e-20 -0.002042281697)
(-6.004199473e-07 3.812862585e-20 -0.002042260642)
(-6.293110057e-07 4.391616606e-20 -0.002042238757)
(-6.583574108e-07 4.901940016e-20 -0.002042216088)
(-6.876795747e-07 5.32919052e-20 -0.002042192683)
(-7.173875937e-07 5.70060844e-20 -0.002042168592)
(-7.476085646e-07 5.977530912e-20 -0.002042143863)
(-7.784399308e-07 7.034468333e-20 -0.002042118546)
(-8.099769934e-07 7.965555595e-20 -0.002042092691)
(-8.423132515e-07 9.58895791e-20 -0.002042066346)
(-8.75522189e-07 1.110661059e-19 -0.002042039561)
(-9.096669246e-07 1.253863594e-19 -0.002042012389)
(-9.447136742e-07 1.391287188e-19 -0.002041984892)
(-9.805568593e-07 1.525361369e-19 -0.002041957105)
(-1.0176438e-06 1.658248301e-19 -0.002041928925)
(-1.057910484e-06 1.792490573e-19 -0.002041900298)
(-1.100405513e-06 1.872705015e-19 -0.002041873089)
(-1.122327361e-06 1.848697712e-19 -0.002041850116)
(-1.098655446e-06 1.83279021e-19 -0.002041833829)
(-1.025674178e-06 1.823975268e-19 -0.002041826078)
(-9.091885479e-07 1.822171009e-19 -0.002041825558)
(-7.746854084e-07 1.827875936e-19 -0.002041828729)
(-6.514922243e-07 1.840354899e-19 -0.002041831355)
(-5.467216768e-07 1.854206451e-19 -0.002041830504)
(-4.582335081e-07 1.874995806e-19 -0.002041825808)
(-3.836843708e-07 1.862332068e-19 -0.002041817823)
(-3.209464874e-07 1.860180097e-19 -0.002041807212)
(-2.671073906e-07 1.866939476e-19 -0.002041795174)
(-2.194640449e-07 1.89747958e-19 -0.002041783049)
(-1.764264659e-07 1.915838525e-19 -0.002041771766)
(-1.36127616e-07 1.90450979e-19 -0.002041762389)
(-9.680770865e-08 1.882056442e-19 -0.0020417556)
(-5.774640819e-08 1.862584966e-19 -0.002041751361)
(-1.833271681e-08 1.845968692e-19 -0.002041749449)
(-2.635468778e-08 4.377550378e-20 -0.002045272679)
(-6.893886223e-08 5.148481636e-20 -0.002045270829)
(-1.090667886e-07 1.666316836e-20 -0.002045266916)
(-1.500713584e-07 1.032736099e-19 -0.002045261118)
(-1.905800527e-07 1.619847887e-19 -0.002045253546)
(-2.30270663e-07 8.041940899e-20 -0.00204524429)
(-2.691327995e-07 1.720270829e-20 -0.002045233433)
(-3.071934587e-07 -3.749325856e-20 -0.00204522105)
(-3.445149664e-07 -5.492925543e-20 -0.002045207219)
(-3.811603456e-07 -4.82146986e-20 -0.002045192007)
(-4.17182914e-07 -2.347135288e-20 -0.002045175477)
(-4.526550244e-07 -5.084073957e-21 -0.002045157693)
(-4.876699166e-07 7.576007624e-21 -0.002045138718)
(-5.223274022e-07 3.41917122e-20 -0.002045118612)
(-5.567281789e-07 4.022814627e-20 -0.002045097435)
(-5.909651812e-07 4.36206095e-20 -0.002045075246)
(-6.251313307e-07 4.515096572e-20 -0.002045052103)
(-6.593320041e-07 5.787690764e-20 -0.002045028064)
(-6.936902294e-07 6.895506113e-20 -0.002045003183)
(-7.283065591e-07 7.896104478e-20 -0.002044977514)
(-7.632569798e-07 8.839450926e-20 -0.002044951112)
(-7.98639887e-07 9.727820882e-20 -0.002044924028)
(-8.345439031e-07 1.057783342e-19 -0.002044896315)
(-8.710379555e-07 1.134561839e-19 -0.002044868023)
(-9.082055649e-07 1.205228386e-19 -0.002044839199)
(-9.461052201e-07 1.268977237e-19 -0.002044809898)
(-9.846993393e-07 1.327143712e-19 -0.002044780181)
(-1.023881798e-06 1.380273773e-19 -0.002044750086)
(-1.064106264e-06 1.429278363e-19 -0.002044719501)
(-1.107349051e-06 1.406547325e-19 -0.002044688354)
(-1.152788678e-06 1.383018661e-19 -0.002044658539)
(-1.177589823e-06 1.357677995e-19 -0.002044633098)
(-1.155667236e-06 1.386805586e-19 -0.00204461475)
(-1.082346993e-06 1.413726416e-19 -0.002044605565)
(-9.635634788e-07 1.436056867e-19 -0.002044604152)
(-8.263029277e-07 1.454219231e-19 -0.002044606632)
(-7.011020226e-07 1.467483143e-19 -0.00204460837)
(-5.949402207e-07 1.475098189e-19 -0.002044606189)
(-5.055805631e-07 1.475225095e-19 -0.002044599758)
(-4.307192766e-07 1.513478535e-19 -0.002044589681)
(-3.682968129e-07 1.538473878e-19 -0.002044576632)
(-3.153883311e-07 1.52132935e-19 -0.002044561818)
(-2.691476576e-07 1.521693427e-19 -0.002044546726)
(-2.279706158e-07 1.519250956e-19 -0.002044532382)
(-1.900132345e-07 1.512288449e-19 -0.002044519901)
(-1.533920572e-07 1.501482945e-19 -0.002044510023)
(-1.174465407e-07 1.48738834e-19 -0.002044502704)
(-8.217280593e-08 1.469838967e-19 -0.002044497712)
(-4.788605306e-08 1.462973852e-19 -0.002044494778)
(-1.47445064e-08 1.452463872e-19 -0.002044493593)
(-2.790830006e-08 1.173431863e-19 -0.002048057386)
(-7.298930791e-08 2.363549683e-19 -0.002048055219)
(-1.154882296e-07 2.913400953e-19 -0.002048050659)
(-1.590219119e-07 2.517215762e-19 -0.002048043914)
(-2.022060748e-07 2.330352727e-19 -0.002048035114)
(-2.447124433e-07 2.297627548e-19 -0.002048024371)
(-2.865534225e-07 2.400157587e-19 -0.002048011793)
(-3.277663505e-07 1.95828975e-19 -0.002047997477)
(-3.684043252e-07 1.663067972e-19 -0.002047981515)
(-4.085462164e-07 1.441213748e-19 -0.002047963995)
(-4.482550403e-07 1.257325726e-19 -0.002047945003)
(-4.875985619e-07 1.315935959e-19 -0.002047924618)
(-5.266524557e-07 1.175784206e-19 -0.002047902917)
(-5.654964028e-07 1.203121289e-19 -0.002047879974)
(-6.042132306e-07 1.345262835e-19 -0.002047855862)
(-6.428884401e-07 1.456230558e-19 -0.002047830652)
(-6.816078025e-07 1.551689421e-19 -0.002047804411)
(-7.204586868e-07 1.504559039e-19 -0.002047777201)
(-7.595328162e-07 1.459072343e-19 -0.002047749087)
(-7.9890986e-07 1.414656051e-19 -0.002047720132)
(-8.386596814e-07 1.483101581e-19 -0.002047690395)
(-8.788578598e-07 1.552637905e-19 -0.002047659931)
(-9.195828327e-07 1.624048719e-19 -0.002047628797)
(-9.608916026e-07 1.712441052e-19 -0.002047597054)
(-1.002743999e-06 1.802052348e-19 -0.00204756477)
(-1.04503593e-06 1.808560768e-19 -0.002047531991)
(-1.088214809e-06 1.73580799e-19 -0.002047498612)
(-1.134259942e-06 1.667268084e-19 -0.002047464546)
(-1.18256518e-06 1.602295279e-19 -0.002047431693)
(-1.210784563e-06 1.54174088e-19 -0.002047403327)
(-1.191741195e-06 1.482277632e-19 -0.002047382448)
(-1.119355292e-06 1.421512657e-19 -0.002047371345)
(-9.995418957e-07 1.355319377e-19 -0.002047368626)
(-8.601259278e-07 1.410015704e-19 -0.0020473701)
(-7.328709681e-07 1.461883989e-19 -0.002047370717)
(-6.252692478e-07 1.513219971e-19 -0.002047366997)
(-5.350445151e-07 1.566897995e-19 -0.002047358619)
(-4.598361625e-07 1.574364629e-19 -0.002047346263)
(-3.976612774e-07 1.540235789e-19 -0.002047330619)
(-3.456899746e-07 1.516207106e-19 -0.002047312864)
(-3.008543249e-07 1.491935627e-19 -0.002047294642)
(-2.614440468e-07 1.506888021e-19 -0.002047277104)
(-2.256881778e-07 1.513625991e-19 -0.002047261429)
(-1.915227595e-07 1.512564186e-19 -0.002047248489)
(-1.581364114e-07 1.480064311e-19 -0.002047238276)
(-1.254545869e-07 1.455753797e-19 -0.002047230542)
(-9.381519966e-08 1.445580642e-19 -0.002047225011)
(-6.384022275e-08 1.46590399e-19 -0.002047221377)
(-3.609924075e-08 1.480215734e-19 -0.002047219327)
(-1.063778788e-08 1.489277539e-19 -0.002047218562)
(-2.965701276e-08 7.17293696e-20 -0.002050812365)
(-7.759573979e-08 1.526355368e-19 -0.002050809889)
(-1.228678546e-07 2.463500552e-19 -0.002050804672)
(-1.693228024e-07 2.192616111e-19 -0.002050796955)
(-2.155105217e-07 2.29179574e-19 -0.00205078689)
(-2.610885712e-07 2.448220843e-19 -0.002050774613)
(-3.060792362e-07 2.685071364e-19 -0.00205076025)
(-3.50548029e-07 3.002054483e-19 -0.002050743917)
(-3.94552272e-07 3.029634593e-19 -0.002050725724)
(-4.381621297e-07 2.870234084e-19 -0.002050705774)
(-4.814449429e-07 2.820765818e-19 -0.00205068417)
(-5.244695229e-07 2.616999742e-19 -0.002050661007)
(-5.673093733e-07 2.494875818e-19 -0.002050636377)
(-6.100402677e-07 2.260699718e-19 -0.002050610368)
(-6.52738652e-07 2.266382294e-19 -0.002050583063)
(-6.95481937e-07 2.306554722e-19 -0.002050554544)
(-7.383484687e-07 2.370394098e-19 -0.002050524888)
(-7.814132005e-07 2.318287585e-19 -0.00205049417)
(-8.247433132e-07 2.156526954e-19 -0.002050462461)
(-8.684154094e-07 2.017342695e-19 -0.002050429834)
(-9.125110177e-07 1.889720068e-19 -0.002050396355)
(-9.570718703e-07 1.877332704e-19 -0.002050362097)
(-1.002061475e-06 1.866516805e-19 -0.002050327141)
(-1.047388918e-06 1.852072803e-19 -0.002050291545)
(-1.093470837e-06 1.838305142e-19 -0.002050255215)
(-1.142270398e-06 1.824856048e-19 -0.002050218056)
(-1.193439867e-06 1.814982351e-19 -0.002050181978)
(-1.225424477e-06 1.806959846e-19 -0.002050150487)
(-1.209994701e-06 1.800922966e-19 -0.002050126867)
(-1.139479792e-06 1.867546257e-19 -0.002050113637)
(-1.019699697e-06 1.93542097e-19 -0.00205010951)
(-8.785410957e-07 2.006361604e-19 -0.002050110016)
(-7.489062547e-07 2.017644447e-19 -0.002050109663)
(-6.394924975e-07 2.03478043e-19 -0.002050104594)
(-5.481385718e-07 2.059758313e-19 -0.002050094421)
(-4.723717922e-07 2.091634351e-19 -0.002050079886)
(-4.10165173e-07 2.130691686e-19 -0.002050061716)
(-3.58853972e-07 2.178014812e-19 -0.002050041014)
(-3.152308204e-07 2.234733849e-19 -0.002050019559)
(-2.774219832e-07 2.25141002e-19 -0.00204999869)
(-2.437365728e-07 2.251397019e-19 -0.002049979654)
(-2.119274225e-07 2.302099784e-19 -0.002049963513)
(-1.809623559e-07 2.328610954e-19 -0.002049950341)
(-1.506832549e-07 2.356854045e-19 -0.002049939884)
(-1.213508152e-07 2.387299454e-19 -0.002049931852)
(-9.353926389e-08 2.419268851e-19 -0.002049925931)
(-6.791807933e-08 2.436815352e-19 -0.002049921793)
(-4.496770068e-08 2.472185201e-19 -0.002049919125)
(-2.476955324e-08 2.489702266e-19 -0.002049917653)
(-6.864156967e-09 2.509127041e-19 -0.002049917141)
(-3.137408303e-08 1.30283954e-20 -0.002053539473)
(-8.208018292e-08 -2.530695546e-20 -0.00205353669)
(-1.29979776e-07 -8.286602342e-20 -0.00205353081)
(-1.79195409e-07 -6.586990725e-20 -0.002053522116)
(-2.282044156e-07 -7.003700798e-20 -0.002053510779)
(-2.766617312e-07 -3.459923455e-20 -0.002053496958)
(-3.246023293e-07 -2.127337458e-20 -0.002053480794)
(-3.721044039e-07 4.22425638e-20 -0.002053462421)
(-4.192360785e-07 8.550329409e-20 -0.002053441965)
(-4.660630055e-07 1.167204937e-19 -0.002053419545)
(-5.126531037e-07 1.398925369e-19 -0.002053395279)
(-5.590772386e-07 1.367615336e-19 -0.002053369276)
(-6.0540781e-07 1.326985359e-19 -0.002053341642)
(-6.517191393e-07 1.474959891e-19 -0.002053312479)
(-6.980863408e-07 1.606268235e-19 -0.002053281883)
(-7.445836059e-07 1.738887047e-19 -0.002053249946)
(-7.912844558e-07 1.881991416e-19 -0.002053216758)
(-8.382578579e-07 2.050069278e-19 -0.002053182404)
(-8.855557637e-07 2.001965415e-19 -0.002053146967)
(-9.332248655e-07 2.119239499e-19 -0.002053110535)
(-9.812529296e-07 2.144516028e-19 -0.002053073207)
(-1.029536584e-06 2.193888146e-19 -0.002053035057)
(-1.078466292e-06 2.259569658e-19 -0.002052996001)
(-1.130000395e-06 2.129688743e-19 -0.002052955948)
(-1.184023247e-06 2.018757857e-19 -0.002052916874)
(-1.219743211e-06 1.926912435e-19 -0.002052882524)
(-1.208023633e-06 1.932384913e-19 -0.002052856467)
(-1.139767889e-06 1.945386781e-19 -0.002052841474)
(-1.020639237e-06 1.963016391e-19 -0.002052836426)
(-8.779724661e-07 1.984454492e-19 -0.00205283658)
(-7.456854419e-07 2.00888882e-19 -0.00205283596)
(-6.341510103e-07 2.035483455e-19 -0.002052830262)
(-5.414249377e-07 2.062340864e-19 -0.00205281893)
(-4.649410339e-07 2.094602245e-19 -0.002052802774)
(-4.026069714e-07 2.124327232e-19 -0.002052782577)
(-3.51883144e-07 2.14953422e-19 -0.002052759364)
(-3.094428268e-07 2.167015405e-19 -0.002052734999)
(-2.732395661e-07 2.225595036e-19 -0.002052711084)
(-2.41706577e-07 2.331540886e-19 -0.002052688978)
(-2.12450255e-07 2.412698386e-19 -0.002052669962)
(-1.841206233e-07 2.493944174e-19 -0.002052654248)
(-1.564494027e-07 2.556699303e-19 -0.002052641563)
(-1.296245874e-07 2.621932409e-19 -0.002052631588)
(-1.04169139e-07 2.690597169e-19 -0.00205262398)
(-8.074977451e-08 2.763308421e-19 -0.002052618378)
(-5.991143451e-08 2.79818755e-19 -0.002052614431)
(-4.191302453e-08 2.836541543e-19 -0.002052611822)
(-2.671565303e-08 2.854197728e-19 -0.002052610278)
(-1.404394299e-08 2.873370029e-19 -0.002052609555)
(-3.317076394e-09 2.894239941e-19 -0.002052609422)
(-3.286458214e-08 3.390438001e-20 -0.002056227313)
(-8.60055954e-08 3.35557753e-20 -0.002056224242)
(-1.36267559e-07 1.799320021e-20 -0.002056217734)
(-1.879650388e-07 3.189153908e-22 -0.00205620811)
(-2.395019411e-07 -1.680349128e-20 -0.002056195563)
(-2.905353451e-07 2.310528342e-20 -0.002056180268)
(-3.411159079e-07 5.462028876e-20 -0.002056162382)
(-3.913356529e-07 7.923479334e-20 -0.002056142055)
(-4.412710398e-07 9.785201365e-20 -0.002056119426)
(-4.909807229e-07 1.115140852e-19 -0.00205609463)
(-5.405352754e-07 9.499576821e-20 -0.002056067798)
(-5.900111688e-07 9.901792507e-20 -0.002056039052)
(-6.394833977e-07 9.872357562e-20 -0.002056008507)
(-6.890249378e-07 9.427017442e-20 -0.002055976277)
(-7.387081254e-07 8.764903154e-20 -0.002055942469)
(-7.886067383e-07 7.833427818e-20 -0.002055907189)
(-8.387935169e-07 6.625129481e-20 -0.002055870539)
(-8.893142019e-07 6.608527704e-20 -0.002055832627)
(-9.401169345e-07 9.000018458e-20 -0.002055793567)
(-9.910806152e-07 1.089285012e-19 -0.002055753448)
(-1.042625638e-06 1.242509118e-19 -0.002055712196)
(-1.09674355e-06 1.36653541e-19 -0.002055669734)
(-1.153453708e-06 1.467985913e-19 -0.002055628231)
(-1.192284074e-06 1.554291059e-19 -0.002055591674)
(-1.18346169e-06 1.624915764e-19 -0.002055563892)
(-1.117068077e-06 1.683301012e-19 -0.002055547923)
(-9.985917866e-07 1.731974674e-19 -0.002055542827)
(-8.544998743e-07 1.770688342e-19 -0.002055543555)
(-7.194747624e-07 1.799412898e-19 -0.002055543617)
(-6.056369265e-07 1.819651242e-19 -0.002055538207)
(-5.113207713e-07 1.831492203e-19 -0.002055526519)
(-4.339436609e-07 1.907186475e-19 -0.002055509417)
(-3.713822032e-07 1.972631047e-19 -0.002055487766)
(-3.212006111e-07 2.026176429e-19 -0.002055462522)
(-2.799931883e-07 2.071470418e-19 -0.002055435546)
(-2.454263876e-07 2.108995381e-19 -0.002055408776)
(-2.161329611e-07 2.139152428e-19 -0.002055383746)
(-1.89746357e-07 2.16196461e-19 -0.002055361975)
(-1.644688469e-07 2.201326032e-19 -0.002055343895)
(-1.398424194e-07 2.23601156e-19 -0.002055329237)
(-1.159585134e-07 2.294633659e-19 -0.002055317645)
(-9.327981657e-08 2.349935229e-19 -0.002055308746)
(-7.247919292e-08 2.402005516e-19 -0.002055302144)
(-5.416042872e-08 2.451181034e-19 -0.002055297448)
(-3.864882201e-08 2.497671328e-19 -0.002055294294)
(-2.597167574e-08 2.542988777e-19 -0.002055292365)
(-1.598992064e-08 2.590848311e-19 -0.002055291381)
(-8.51654591e-09 2.614724387e-19 -0.002055291082)
(-3.28448565e-09 2.636227318e-19 -0.002055291215)
(2.589462796e-10 2.655388965e-19 -0.002055291526)
(-3.400553437e-08 6.108941396e-20 -0.00205887107)
(-8.898083299e-08 1.1067661e-19 -0.002058867751)
(-1.409859199e-07 1.462358537e-19 -0.002058860692)
(-1.945349583e-07 1.821076254e-19 -0.002058850261)
(-2.479882289e-07 2.211662703e-19 -0.002058836663)
(-3.009940459e-07 2.100333211e-19 -0.002058820083)
(-3.536159096e-07 2.089231893e-19 -0.002058800696)
(-4.059691945e-07 2.136005782e-19 -0.002058778659)
(-4.58127991e-07 2.226767868e-19 -0.002058754127)
(-5.101421681e-07 2.358312123e-19 -0.002058727245)
(-5.621022497e-07 2.527335061e-19 -0.002058698149)
(-6.141012206e-07 2.481609181e-19 -0.00205866697)
(-6.66212513e-07 2.482371557e-19 -0.002058633833)
(-7.185003031e-07 2.111197557e-19 -0.002058598863)
(-7.710237444e-07 1.974286855e-19 -0.002058562179)
(-8.238139495e-07 1.861074028e-19 -0.002058523906)
(-8.768223772e-07 1.762543259e-19 -0.002058484179)
(-9.299585037e-07 1.660696025e-19 -0.002058443105)
(-9.837070329e-07 1.807197154e-19 -0.002058400612)
(-1.040117341e-06 1.809220115e-19 -0.002058356658)
(-1.099177899e-06 1.810868637e-19 -0.002058313827)
(-1.139799836e-06 1.812739223e-19 -0.002058276356)
(-1.13199737e-06 1.813913634e-19 -0.00205824829)
(-1.06617458e-06 1.91731447e-19 -0.002058232933)
(-9.476590571e-07 2.016760597e-19 -0.002058229436)
(-8.019940689e-07 2.112704019e-19 -0.002058232371)
(-6.64468786e-07 2.204893997e-19 -0.00205823466)
(-5.485565119e-07 2.294744004e-19 -0.002058230967)
(-4.527025859e-07 2.38239693e-19 -0.002058220214)
(-3.74438775e-07 2.387188881e-19 -0.002058203317)
(-3.116897638e-07 2.393929147e-19 -0.00205818124)
(-2.621093104e-07 2.398758851e-19 -0.002058154907)
(-2.223339222e-07 2.471627248e-19 -0.002058126084)
(-1.896198188e-07 2.4766796e-19 -0.00205809707)
(-1.626892495e-07 2.477754121e-19 -0.002058069693)
(-1.394371998e-07 2.473045628e-19 -0.002058045726)
(-1.176602668e-07 2.462001362e-19 -0.002058025921)
(-9.662926764e-08 2.444209439e-19 -0.00205801004)
(-7.629241158e-08 2.418250293e-19 -0.00205799768)
(-5.700440738e-08 2.416251369e-19 -0.002057988428)
(-3.940950148e-08 2.408589592e-19 -0.002057981845)
(-2.417310345e-08 2.423805126e-19 -0.002057977483)
(-1.171745852e-08 2.434545699e-19 -0.002057974922)
(-2.13703798e-09 2.440903416e-19 -0.002057973783)
(4.696581264e-09 2.442909629e-19 -0.002057973734)
(8.973897884e-09 2.465200376e-19 -0.002057974465)
(1.085030534e-08 2.48588536e-19 -0.002057975677)
(1.045260779e-08 2.522411997e-19 -0.002057977077)
(8.001564895e-09 2.55734081e-19 -0.002057978378)
(4.029605754e-09 2.573455212e-19 -0.002057979294)
(-3.466101036e-08 5.830027744e-20 -0.002061459072)
(-9.071305721e-08 1.026056135e-19 -0.002061455562)
(-1.437630409e-07 1.314148585e-19 -0.002061448063)
(-1.984196842e-07 1.573814032e-19 -0.002061436979)
(-2.530576277e-07 1.811405193e-19 -0.002061422533)
(-3.073079418e-07 2.041479561e-19 -0.00206140492)
(-3.612522867e-07 2.266403118e-19 -0.002061384319)
(-4.150069586e-07 2.063217984e-19 -0.002061360898)
(-4.68635904e-07 1.905591651e-19 -0.002061334822)
(-5.222372108e-07 1.798706897e-19 -0.002061306238)
(-5.759113126e-07 2.064317598e-19 -0.002061275292)
(-6.297263983e-07 2.348201372e-19 -0.002061242125)
(-6.837382133e-07 2.403231313e-19 -0.002061206876)
(-7.379727197e-07 2.274644439e-19 -0.002061169685)
(-7.923814433e-07 2.189407523e-19 -0.002061130706)
(-8.469082411e-07 2.141878503e-19 -0.00206109006)
(-9.021581545e-07 2.127715816e-19 -0.002061047649)
(-9.603627412e-07 2.148820995e-19 -0.002061003503)
(-1.021251585e-06 2.054285503e-19 -0.002060960981)
(-1.061534646e-06 1.983620456e-19 -0.002060924567)
(-1.051598713e-06 2.052967462e-19 -0.002060898429)
(-9.839858721e-07 2.128849399e-19 -0.002060886105)
(-8.639590738e-07 2.209758342e-19 -0.002060886583)
(-7.163990215e-07 2.294664079e-19 -0.00206089394)
(-5.76841424e-07 2.382830521e-19 -0.002060900457)
(-4.594257203e-07 2.473765598e-19 -0.002060900261)
(-3.625428751e-07 2.566746473e-19 -0.002060892028)
(-2.836554256e-07 2.661795977e-19 -0.002060876768)
(-2.208411216e-07 2.759308164e-19 -0.002060855547)
(-1.719666038e-07 2.862285151e-19 -0.002060829303)
(-1.338253608e-07 2.969210754e-19 -0.002060799652)
(-1.032486233e-07 3.010556547e-19 -0.002060769177)
(-7.889171851e-08 3.057959473e-19 -0.002060740119)
(-5.903264167e-08 3.053740767e-19 -0.002060714543)
(-4.115559492e-08 3.054520691e-19 -0.002060693624)
(-2.418849802e-08 3.058698738e-19 -0.002060677219)
(-7.93419611e-09 3.065582888e-19 -0.002060664883)
(7.382626698e-09 3.047954064e-19 -0.002060656158)
(2.118685617e-08 2.99705043e-19 -0.002060650567)
(3.277886867e-08 2.943556462e-19 -0.002060647609)
(4.16384592e-08 2.91049892e-19 -0.002060646796)
(4.75824678e-08 2.87408902e-19 -0.002060647684)
(5.070393401e-08 2.833302221e-19 -0.002060649874)
(5.120387807e-08 2.809191313e-19 -0.002060653003)
(4.927109695e-08 2.780261952e-19 -0.002060656718)
(4.504731215e-08 2.725549847e-19 -0.002060660673)
(3.862910852e-08 2.688644307e-19 -0.002060664531)
(3.010207953e-08 2.644089734e-19 -0.002060667959)
(1.967876092e-08 2.611958251e-19 -0.002060670637)
(7.925557066e-09 2.575849528e-19 -0.002060672256)
(-3.474736767e-08 5.734337172e-20 -0.002063982227)
(-9.094695443e-08 9.992359865e-20 -0.002063978579)
(-1.441665339e-07 1.302938754e-19 -0.002063970754)
(-1.990250248e-07 1.632752731e-19 -0.002063959183)
(-2.539137608e-07 1.237724302e-19 -0.002063944097)
(-3.085045725e-07 1.611079904e-19 -0.002063925702)
(-3.628760386e-07 2.042383594e-19 -0.002063904182)
(-4.171332551e-07 1.75146852e-19 -0.002063879717)
(-4.713735107e-07 1.211295511e-19 -0.002063852474)
(-5.256882145e-07 7.580148894e-20 -0.002063822613)
(-5.801267345e-07 6.267875356e-20 -0.002063790289)
(-6.347186811e-07 7.355479622e-20 -0.002063755663)
(-6.894488063e-07 5.726293699e-20 -0.002063718916)
(-7.443533753e-07 6.068718781e-20 -0.002063680162)
(-8.002514237e-07 8.068044198e-20 -0.002063639311)
(-8.597603435e-07 9.636526967e-20 -0.002063597049)
(-9.220012804e-07 1.085023081e-19 -0.002063557493)
(-9.591021314e-07 1.169444764e-19 -0.002063525218)
(-9.425962495e-07 1.368748951e-19 -0.002063504423)
(-8.697770096e-07 1.540559708e-19 -0.002063498832)
(-7.460475695e-07 1.689936125e-19 -0.002063506765)
(-5.963109931e-07 1.949270944e-19 -0.002063521583)
(-4.557765846e-07 2.187299605e-19 -0.00206353489)
(-3.378545798e-07 2.290155088e-19 -0.002063540381)
(-2.407931579e-07 2.387619015e-19 -0.002063536618)
(-1.620731681e-07 2.48317972e-19 -0.002063524758)
(-9.98084317e-08 2.578464452e-19 -0.002063506027)
(-5.205220981e-08 2.67405968e-19 -0.002063481416)
(-1.590837957e-08 2.770024978e-19 -0.002063452374)
(1.214926976e-08 2.867399731e-19 -0.00206342162)
(3.370776228e-08 2.967376326e-19 -0.002063391896)
(5.004050205e-08 3.072473192e-19 -0.00206336563)
(6.37363773e-08 3.097304964e-19 -0.002063344502)
(7.629910132e-08 3.129250523e-19 -0.002063328573)
(8.810873039e-08 3.168888331e-19 -0.00206331736)
(9.908241499e-08 3.159049445e-19 -0.002063310356)
(1.087444161e-07 3.183709259e-19 -0.002063307044)
(1.16396885e-07 3.215727573e-19 -0.002063306876)
(1.214226196e-07 3.252740954e-19 -0.002063309303)
(1.235097119e-07 3.294497401e-19 -0.002063313806)
(1.226723148e-07 3.313530273e-19 -0.002063319916)
(1.191093096e-07 3.381905015e-19 -0.002063327202)
(1.130399267e-07 3.414770621e-19 -0.00206333525)
(1.046342084e-07 3.431586945e-19 -0.002063343654)
(9.402013889e-08 3.455238922e-19 -0.002063352011)
(8.129363885e-08 3.44321004e-19 -0.002063359927)
(6.651818633e-08 3.415820415e-19 -0.002063367019)
(4.977255662e-08 3.348669051e-19 -0.002063372916)
(3.131822468e-08 3.282119935e-19 -0.002063377266)
(1.179700957e-08 3.258840293e-19 -0.002063379729)
(-3.427399715e-08 1.508397971e-20 -0.002066430018)
(-8.972352395e-08 -2.040672483e-20 -0.002066426276)
(-1.422896984e-07 -7.427331231e-20 -0.002066418238)
(-1.965500695e-07 -3.041035422e-20 -0.002066406361)
(-2.509029093e-07 -4.507927167e-21 -0.002066390881)
(-3.050295772e-07 1.037780629e-20 -0.002066372008)
(-3.590157409e-07 2.062133725e-20 -0.00206634993)
(-4.129720633e-07 7.283005565e-20 -0.00206632482)
(-4.669846379e-07 8.152681127e-20 -0.002066296858)
(-5.211149448e-07 9.003194901e-20 -0.002066266258)
(-5.754529551e-07 6.525116887e-20 -0.002066233226)
(-6.303175457e-07 4.289122349e-20 -0.002066197774)
(-6.869395816e-07 4.685205017e-20 -0.002066159984)
(-7.476479381e-07 7.247983111e-20 -0.002066122544)
(-8.06563836e-07 9.538130773e-20 -0.002066089748)
(-8.331844884e-07 1.163655533e-19 -0.002066065861)
(-8.050558192e-07 1.526512504e-19 -0.002066055083)
(-7.236223612e-07 1.709112054e-19 -0.002066061264)
(-5.939935826e-07 1.882555584e-19 -0.002066081116)
(-4.424706574e-07 2.054463488e-19 -0.002066106939)
(-3.032382285e-07 2.084258647e-19 -0.002066129726)
(-1.868482231e-07 2.115659974e-19 -0.002066143017)
(-9.11928338e-08 2.149233692e-19 -0.002066145561)
(-1.390290121e-08 2.186097575e-19 -0.002066138739)
(4.681476127e-08 2.221770481e-19 -0.002066123973)
(9.280431712e-08 2.256283863e-19 -0.002066102376)
(1.265769916e-07 2.289971274e-19 -0.0020660753)
(1.516598226e-07 2.32205905e-19 -0.002066045433)
(1.700209313e-07 2.35093595e-19 -0.002066015993)
(1.826326017e-07 2.377543344e-19 -0.002065989828)
(1.919284241e-07 2.395989707e-19 -0.002065969159)
(1.998549028e-07 2.403350837e-19 -0.002065954406)
(2.069778499e-07 2.395918917e-19 -0.00206594508)
(2.133424882e-07 2.456487122e-19 -0.002065940626)
(2.186040603e-07 2.505620442e-19 -0.002065940491)
(2.221164604e-07 2.548299619e-19 -0.00206594409)
(2.23205976e-07 2.582725413e-19 -0.002065950816)
(2.214453783e-07 2.647933185e-19 -0.002065960086)
(2.167417023e-07 2.710621101e-19 -0.002065971362)
(2.09239333e-07 2.771874313e-19 -0.002065984147)
(1.991562939e-07 2.802655009e-19 -0.00206599797)
(1.866832424e-07 2.830430628e-19 -0.002066012369)
(1.719662675e-07 2.860214958e-19 -0.002066026885)
(1.551178301e-07 2.863863228e-19 -0.002066041062)
(1.362249911e-07 2.867404776e-19 -0.002066054455)
(1.153615308e-07 2.901288847e-19 -0.002066066632)
(9.260291891e-08 2.938732142e-19 -0.002066077176)
(6.807084294e-08 2.979980874e-19 -0.002066085692)
(4.209252368e-08 3.000137425e-19 -0.0020660918)
(1.536911677e-08 3.020716226e-19 -0.002066095142)
(-3.347355417e-08 2.47908696e-20 -0.002068794341)
(-8.758826248e-08 8.025443304e-21 -0.002068790684)
(-1.388532813e-07 -2.440772883e-20 -0.002068782733)
(-1.918094436e-07 -6.306440686e-20 -0.002068770953)
(-2.449095147e-07 -2.671606709e-20 -0.002068755585)
(-2.978567544e-07 -6.501183993e-20 -0.002068736854)
(-3.508131039e-07 -1.081610606e-19 -0.002068715016)
(-4.040654764e-07 -7.733034729e-20 -0.002068690301)
(-4.579488324e-07 -2.056027491e-20 -0.002068662762)
(-5.131899418e-07 2.672065796e-20 -0.002068632502)
(-5.720684421e-07 3.991053141e-20 -0.002068601741)
(-6.34977182e-07 5.352992805e-20 -0.00206857435)
(-6.81978121e-07 9.317663245e-20 -0.00206855426)
(-6.866801908e-07 1.329549462e-19 -0.002068545217)
(-6.417932204e-07 1.523318047e-19 -0.002068551352)
(-5.487726819e-07 1.732116031e-19 -0.002068575309)
(-4.113268833e-07 1.941928026e-19 -0.002068611758)
(-2.594311696e-07 2.151966023e-19 -0.002068651781)
(-1.253345488e-07 2.197644121e-19 -0.002068686024)
(-1.378941533e-08 2.248284256e-19 -0.002068708375)
(7.791437442e-08 2.303585726e-19 -0.002068718268)
(1.51789808e-07 2.241488057e-19 -0.00206871742)
(2.094089378e-07 2.193304542e-19 -0.00206870747)
(2.524760266e-07 2.148149373e-19 -0.002068689693)
(2.831751408e-07 2.111173677e-19 -0.002068665423)
(3.048286255e-07 2.077798642e-19 -0.002068637229)
(3.197515324e-07 2.042653286e-19 -0.002068608677)
(3.286388898e-07 1.999716357e-19 -0.002068583046)
(3.334750119e-07 1.945361981e-19 -0.00206856309)
(3.36615493e-07 1.984867345e-19 -0.002068549746)
(3.389284035e-07 2.016635127e-19 -0.002068542587)
(3.406138803e-07 2.040355891e-19 -0.002068541005)
(3.414679348e-07 2.054890387e-19 -0.002068544414)
(3.409143947e-07 2.058430639e-19 -0.002068552206)
(3.382310444e-07 2.047817488e-19 -0.00206856374)
(3.328654418e-07 2.10025062e-19 -0.002068578378)
(3.246098122e-07 2.10193927e-19 -0.002068595517)
(3.135535735e-07 2.122221805e-19 -0.002068614603)
(2.999108479e-07 2.13352436e-19 -0.002068635109)
(2.838851602e-07 2.108935886e-19 -0.002068656524)
(2.65633305e-07 2.109085966e-19 -0.002068678339)
(2.452735653e-07 2.016383521e-19 -0.002068700049)
(2.228935916e-07 1.966220285e-19 -0.002068721155)
(1.985608496e-07 1.930892994e-19 -0.00206874117)
(1.723483611e-07 1.883227316e-19 -0.002068759618)
(1.443546636e-07 1.900368256e-19 -0.002068776045)
(1.146979437e-07 1.933443837e-19 -0.002068790017)
(8.353013521e-08 1.960318614e-19 -0.002068801121)
(5.119188706e-08 1.999228301e-19 -0.002068808962)
(1.838266277e-08 2.006674552e-19 -0.002068813161)
(4.375406661e-07 2.20597001e-19 -0.002071178626)
(4.237034933e-07 2.208300178e-19 -0.002071203734)
(4.072837357e-07 2.173062097e-19 -0.002071230748)
(3.884941475e-07 2.161487174e-19 -0.002071259117)
(3.675105641e-07 2.173683029e-19 -0.002071288296)
(3.444632956e-07 2.183163417e-19 -0.002071317742)
(3.194443022e-07 2.188277979e-19 -0.002071346916)
(2.925175734e-07 2.191211968e-19 -0.002071375285)
(2.637384239e-07 2.190583367e-19 -0.002071402332)
(2.331830858e-07 2.212226766e-19 -0.002071427555)
(2.009640288e-07 2.23155398e-19 -0.002071450474)
(1.672180062e-07 2.246618719e-19 -0.002071470629)
(1.320729184e-07 2.236546508e-19 -0.002071487586)
(9.566469459e-08 2.248317586e-19 -0.002071500926)
(5.832161758e-08 2.25461985e-19 -0.002071510248)
(2.073525742e-08 2.257219895e-19 -0.00207151517)
)
;

boundaryField
{
    front_top
    {
        type            wedge;
    }
    front_middle
    {
        type            wedge;
    }
    front_bottom
    {
        type            wedge;
    }
    back_top
    {
        type            wedge;
    }
    back_middle
    {
        type            wedge;
    }
    back_bottom
    {
        type            wedge;
    }
    axis_top
    {
        type            symmetryPlane;
    }
    axis_middle
    {
        type            symmetryPlane;
    }
    axis_bottom
    {
        type            symmetryPlane;
    }
    wall_top
    {
        type            slip;
    }
    wall_middle
    {
        type            noSlip;
    }
    wall_bottom
    {
        type            noSlip;
    }
    inlet
    {
        type            fixedValue;
        value           uniform (0 0 -0.002);
    }
    outlet
    {
        type            zeroGradient;
    }
    procBoundary11to10
    {
        type            processor;
        value           nonuniform List<vector> 
51
(
(-3.140393674e-08 3.958384042e-20 -0.002071077891)
(-8.244328288e-08 4.941396968e-20 -0.002071074195)
(-1.314462104e-07 4.387266378e-20 -0.002071066387)
(-1.827437109e-07 -6.584398395e-20 -0.002071054882)
(-2.351673461e-07 -8.171570604e-20 -0.002071039839)
(-2.8860371e-07 -1.068580214e-19 -0.002071021436)
(-3.436776995e-07 -1.393051668e-19 -0.002071001187)
(-4.025710859e-07 -1.781195372e-19 -0.002070981883)
(-4.661969005e-07 -1.454840473e-19 -0.002070966474)
(-5.192828058e-07 -1.26595825e-19 -0.002070957951)
(-5.383222714e-07 -8.776099325e-20 -0.002070959353)
(-5.146926321e-07 -5.831164021e-20 -0.002070974335)
(-4.495183518e-07 -1.058794482e-20 -0.002071006676)
(-3.426690732e-07 3.127627541e-20 -0.002071054431)
(-2.006328466e-07 9.039068266e-20 -0.00207111062)
(-5.529818334e-08 1.443353953e-19 -0.002071165804)
(6.845309312e-08 1.751896628e-19 -0.002071211182)
(1.712780811e-07 2.041628688e-19 -0.002071241648)
(2.55958246e-07 2.150677525e-19 -0.002071257964)
(3.240130733e-07 2.106637852e-19 -0.00207126229)
(3.767153729e-07 2.077248153e-19 -0.002071256477)
(4.155547217e-07 2.058931028e-19 -0.002071241959)
(4.423706253e-07 2.050746848e-19 -0.002071220108)
(4.600828568e-07 2.056060913e-19 -0.002071193366)
(4.712277262e-07 2.067716734e-19 -0.002071165475)
(4.763815667e-07 2.081794788e-19 -0.002071140055)
(4.769698333e-07 2.096347303e-19 -0.002071120288)
(4.755291704e-07 2.111140946e-19 -0.002071107722)
(4.732487342e-07 2.126836114e-19 -0.002071102106)
(4.704844017e-07 2.1438141e-19 -0.002071102793)
(4.67193875e-07 2.160892621e-19 -0.002071109164)
(4.629237833e-07 2.176691123e-19 -0.002071120597)
(4.569549329e-07 2.189825742e-19 -0.002071136431)
(4.486165426e-07 2.199694826e-19 -0.00207115599)
(4.486165426e-07 2.199694826e-19 -0.00207115599)
(5.13245714e-07 2.411559598e-19 -0.002073775056)
(4.926999091e-07 2.457065968e-19 -0.002073809838)
(4.700010266e-07 2.501848588e-19 -0.002073845929)
(4.452842866e-07 2.504606571e-19 -0.00207388276)
(4.186471401e-07 2.50400767e-19 -0.002073919763)
(3.901546051e-07 2.535430772e-19 -0.002073956377)
(3.59850078e-07 2.564810056e-19 -0.00207399205)
(3.277840469e-07 2.625182671e-19 -0.002074026244)
(2.940398714e-07 2.685541061e-19 -0.002074058442)
(2.587381983e-07 2.743833916e-19 -0.002074088147)
(2.220180334e-07 2.803241968e-19 -0.002074114888)
(1.84010961e-07 2.836183455e-19 -0.002074138213)
(1.448230403e-07 2.897433526e-19 -0.002074157692)
(1.04567369e-07 2.9619736e-19 -0.002074172912)
(6.355614862e-08 3.004020683e-19 -0.002074183475)
(2.245770235e-08 3.026549039e-19 -0.002074188999)
)
;
    }
}


// ************************************************************************* //
