/*--------------------------------*- C++ -*----------------------------------*\
  =========                 |
  \\      /  F ield         | OpenFOAM: The Open Source CFD Toolbox
   \\    /   O peration     | Website:  https://openfoam.org
    \\  /    A nd           | Version:  7
     \\/     M anipulation  |
\*---------------------------------------------------------------------------*/
FoamFile
{
    version     2.0;
    format      ascii;
    class       volVectorField;
    location    "0.0003";
    object      grad(generalizedNewtonian:nu);
}
// * * * * * * * * * * * * * * * * * * * * * * * * * * * * * * * * * * * * * //

dimensions      [0 1 -1 0 0 0 0];

internalField   nonuniform List<vector> 
1166
(
(-209466.115 0 1226925.619)
(-437153.6796 0 1223288.12)
(-202741.2181 3.091326197e-07 1193672.338)
(-424879.0767 0 1189924.295)
(-687994.7169 0 1184025.505)
(-955842.4761 -4.783784015e-08 1174163.228)
(-1197848.647 -3.825549727e-08 1161825.977)
(-1430910.451 0 1146593.801)
(-1650921.464 2.799936073e-08 1128745.522)
(-1854741.046 -2.49501226e-08 1108915.413)
(-2042689.114 0 1087120.743)
(-2214778.635 2.082238729e-08 1063086.692)
(-2369499.076 0 1037628.269)
(-2508204.337 0 1010410.228)
(-2629431.662 0 982290.2614)
(-2734169.007 0 952983.2512)
(-2822124.013 0 922915.6056)
(-2893764.5 0 891966.4128)
(-2949792.208 -7.27474002e-09 860607.0977)
(-2990413.725 -7.050614076e-09 828703.3872)
(-3017085.545 0 796733.0014)
(-3029171.585 0 764430.2768)
(-3029010.063 -6.536246209e-09 732287.7254)
(-3016299.989 0 700275.1936)
(-2992704.238 0 668612.2962)
(-2959733.266 0 637469.1233)
(-2916909.151 0 606797.9298)
(-2866821.974 0 576867.0777)
(-2809463.792 0 547649.3277)
(-2745949.821 0 519288.2384)
(-2678429.603 0 491881.1922)
(-2605894.676 0 465396.6057)
(-2530378.103 0 439945.4629)
(-2453421.915 0 415581.2819)
(-2373982.849 0 392252.0792)
(-2293893.496 0 369989.4901)
(-2213767.086 0 348806.785)
(-2133405.706 -1.419748872e-09 328695.5305)
(-2054253.299 -1.418652116e-09 309616.1114)
(-1975983.258 0 291591.7361)
(-1899102.067 0 274574.4186)
(-1824581.198 -1.421295763e-09 258510.4517)
(-1751453.923 0 243391.0043)
(-1680661.516 0 229160.4607)
(-1612529.16 0 215772.2419)
(-1546533.559 0 203227.799)
(-1483410.037 -7.213854307e-10 191421.8126)
(-1422484.671 7.246602762e-10 180373.7453)
(-1364041.345 -7.282813645e-10 170004.7236)
(-1307831.698 7.322386616e-10 160254.9221)
(-1256162.283 7.365233097e-10 151163.8031)
(-1217291.609 0 142557.3895)
(-195427.6447 -3.139469288e-07 1162033.131)
(-411196.0382 0 1158389.315)
(-666417.7839 0 1152528.884)
(-926973.7065 -4.858284776e-08 1142651.705)
(-1162409.77 3.885127326e-08 1130276.067)
(-1386946.36 0 1115258.413)
(-1598602.229 0 1097868.162)
(-1796754.604 0 1077837.365)
(-1977944.446 -2.298746896e-08 1056044.698)
(-2143027.254 0 1032583.231)
(-2292750.781 0 1007298.387)
(-2425403.151 1.8464912e-08 980869.126)
(-2542138.646 0 952972.2557)
(-2641966.451 0 924234.7512)
(-2725643.848 0 894395.3488)
(-2793480.48 7.650774805e-09 864041.2984)
(-2845935.844 0 833016.4965)
(-2884008.623 0 801788.4172)
(-2907364.379 0 770144.3141)
(-2917958.455 0 738542.4076)
(-2915684.811 0 706984.6488)
(-2902211.155 0 675692.6289)
(-2878318.767 0 644780.5847)
(-2844316.251 0 614283.6217)
(-2802650.763 0 584442.2339)
(-2752630.197 0 555259.151)
(-2696241.192 0 526869.614)
(-2635025.669 0 499379.8301)
(-2568352.195 2.970901372e-09 472772.4893)
(-2498463.305 0 447142.2093)
(-2425793.512 0 422572.3052)
(-2350587.635 0 399017.0349)
(-2274587.522 0 376485.934)
(-2197294.985 0 355041.6853)
(-2119775.628 0 334647.9543)
(-2043250.804 1.441859479e-09 315275.3925)
(-1966871.07 1.440745643e-09 296959.2227)
(-1891911.797 0 279644.867)
(-1818706.182 -1.441585063e-09 263290.3534)
(-1746829.579 0 247894.044)
(-1677299.441 0 233357.7118)
(-1609596.821 0 219737.5163)
(-1544214.334 0 206938.765)
(-1481571.785 -1.459314281e-09 194886.696)
(-1420963.075 0 183611.1442)
(-1363080.057 0 172996.6994)
(-1307237.347 -7.396233304e-10 163079.4495)
(-1253405.349 -7.436422569e-10 153781.401)
(-1204311.067 0 145050.5658)
(-1167249.695 -7.526694223e-10 136850.76)
(-189288.9907 0 1130148.843)
(-399623.2304 0 1126657.091)
(-646755.0532 0 1121214.15)
(-897903.2568 0 1111745.777)
(-1125491.086 3.945632809e-08 1099407.329)
(-1343942.527 0 1084176.968)
(-1548699.916 0 1066834.45)
(-1738598.092 -2.573330092e-08 1047343.615)
(-1914705.79 0 1025619.873)
(-2074335.467 0 1002408.387)
(-2217821.115 0 977725.5937)
(-2345838.135 -1.875247746e-08 951477.0839)
(-2457068.584 1.773656622e-08 924168.3504)
(-2552515.449 8.441648895e-09 895621.2759)
(-2632003.557 0 866407.915)
(-2696234.855 0 836420.8707)
(-2745713.738 0 806073.0416)
(-2780409.229 7.271931148e-09 775210.8654)
(-2801878.186 0 744259.1036)
(-2810211.684 0 713256.3615)
(-2807023.906 0 682451.6785)
(-2792461.877 0 651834.2195)
(-2767566.694 0 621597.0527)
(-2734352.162 0 591920.5163)
(-2692288.368 0 562839.2489)
(-2643593.147 0 534486.0223)
(-2588716.433 0 506947.8356)
(-2528221.728 -3.042874094e-09 480256.7709)
(-2464212.049 -3.017169051e-09 454481.3625)
(-2396160.826 2.995283452e-09 429728.4604)
(-2325523.349 0 405970.3453)
(-2253534.377 -2.961713951e-09 383196.5629)
(-2179667.88 1.474750674e-09 361494.6179)
(-2105530.471 1.47001948e-09 340813.9219)
(-2031346.335 1.466568578e-09 321168.7612)
(-1957267.517 0 302563.3996)
(-1884582.489 -1.463183263e-09 284924.8999)
(-1812628.943 -1.463109703e-09 268314.0243)
(-1742155.436 -1.464035756e-09 252635.9869)
(-1673817.397 0 237813.2794)
(-1606972.485 0 223917.7924)
(-1542531.431 0 210827.9217)
(-1480139.943 0 198564.0223)
(-1419924.551 7.410205409e-10 187050.4586)
(-1362350.359 0 176205.1137)
(-1306803.615 -7.474071873e-10 166074.2237)
(-1253728.344 0 156537.8739)
(-1202372.913 7.552234563e-10 147648.4165)
(-1155261.382 0 139323.8212)
(-1119599.747 0 131438.3508)
(-182746.1735 0 1099295.03)
(-387897.1219 0 1095719.638)
(-627876.562 0 1090012.899)
(-870941.8051 0 1080368.549)
(-1090630.186 0 1068081.911)
(-1300931.183 0 1053414.311)
(-1499610.024 0 1036259.014)
(-1683960.601 0 1016955.221)
(-1852833.979 -2.370904075e-08 995882.0191)
(-2007203.197 0 972958.0733)
(-2145604.084 0 948488.1024)
(-2267841.81 0 922706.3104)
(-2374707.229 0 895595.0678)
(-2465632.241 0 867664.4378)
(-2541499.9 0 838855.8732)
(-2602311.532 7.890931009e-09 809515.2961)
(-2648331.496 0 779553.4048)
(-2680722.497 0 749361.7861)
(-2699782.219 0 719016.9067)
(-2706975.653 0 688743.3988)
(-2702068.208 -6.846405767e-09 658563.621)
(-2686589.981 0 628669.5902)
(-2662030.29 0 599233.0715)
(-2628212.164 0 570320.16)
(-2587425.378 0 542048.0454)
(-2539248.343 0 514526.0008)
(-2485305.824 0 487796.7407)
(-2427089.727 0 461913.0026)
(-2364338.143 0 437011.5678)
(-2298891.342 0 413052.2127)
(-2230747.799 0 390091.07)
(-2160660.208 0 368148.1019)
(-2090171.153 0 347192.3696)
(-2018524.319 0 327293.8805)
(-1947012.242 0 308404.5765)
(-1876449.713 0 290471.1994)
(-1806289.384 0 273567.2317)
(-1737657.615 0 257568.5552)
(-1670238.227 0 242507.8246)
(-1604415.127 0 228330.2916)
(-1540940.43 0 214960.9331)
(-1479072.925 0 202445.048)
(-1419492.866 0 190663.7014)
(-1362070.337 0 179610.4272)
(-1306746.706 0 169256.8222)
(-1253959.414 0 159503.9041)
(-1203084.914 0 150411.4252)
(-1154260.892 0 141856.2576)
(-1109177.962 0 133887.8374)
(-1074921.004 0 126356.2049)
(-176497.4592 0 1068342.974)
(-375742.7281 0 1064951.867)
(-607769.5557 0 1059266.374)
(-842504.8582 0 1049742.935)
(-1056487.913 0 1037476.033)
(-1261098.856 0 1022939.716)
(-1452205.936 0 1006136.87)
(-1629869.693 -2.654106324e-08 987284.3973)
(-1794023.203 0 966369.2485)
(-1941978.095 0 943846.2711)
(-2074897.906 0 919769.3585)
(-2192578.883 0 894246.3975)
(-2294648.613 0 867746.556)
(-2381928.973 0 840250.1689)
(-2453924.533 0 812039.687)
(-2511198.374 0 783093.2684)
(-2554514.966 0 753773.9598)
(-2584375.077 0 724195.9804)
(-2601889.866 0 694556.4023)
(-2607016.153 0 664912.0684)
(-2601303.613 0 635453.4983)
(-2585463.27 0 606323.7978)
(-2560163.985 0 577648.4596)
(-2527250.668 0 549518.7921)
(-2486429.952 0 522070.9055)
(-2439647.158 0 495330.872)
(-2387197.174 0 469413.2141)
(-2330052.72 0 444398.7008)
(-2269941.764 0 420290.6229)
(-2206097.296 0 397149.8941)
(-2140199.71 0 374985.5612)
(-2073136.625 0 353783.7206)
(-2004642.366 0 333625.3586)
(-1936214.609 0 314415.259)
(-1867571.308 0 296250.2614)
(-1799413.872 0 279053.5738)
(-1732667.911 1.509112245e-09 262759.5584)
(-1666528.702 0 247421.9159)
(-1602025.13 0 232938.2765)
(-1539293.597 0 219316.6359)
(-1478190.175 0 206535.1888)
(-1419357.99 0 194476.1255)
(-1362200.449 0 183203.6322)
(-1307274.421 0 172599.1155)
(-1254537.797 0 162649.9845)
(-1203857.034 -7.708681248e-10 153348.6062)
(-1155495.139 0 144588.8992)
(-1108669.884 0 136429.337)
(-1065692.954 0 128744.4309)
(-1032774.929 0 121547.2941)
(-170797.8742 0 1037518.767)
(-364794.0189 0 1034184.617)
(-589838.8925 0 1028625.539)
(-816682.4012 0 1019405.014)
(-1023085.136 0 1007646.829)
(-1220657.482 0 993374.4573)
(-1406696.002 0 976701.139)
(-1578455.898 -1.34772017e-08 958084.103)
(-1735559.065 0 937545.5462)
(-1879051.647 0 915194.3972)
(-2006674.286 0 891480.084)
(-2119452.809 0 866550.8408)
(-2217790.153 0 840497.3573)
(-2300735.698 0 813535.4859)
(-2369125.388 0 785720.3113)
(-2423314.185 0 757387.2988)
(-2463994.693 0 728686.4449)
(-2491902.167 0 699783.0231)
(-2507196.428 0 670770.8005)
(-2511363.794 7.222339244e-09 641817.8305)
(-2504515.954 7.061312677e-09 613099.8057)
(-2488013.808 0 584742.2979)
(-2463205.459 0 556826.5138)
(-2430032.59 0 529517.7859)
(-2390546.839 0 502841.4929)
(-2344334.518 0 476927.6453)
(-2293229.172 0 451843.0467)
(-2238333.599 0 427622.3771)
(-2179372.648 0 404334.1173)
(-2118181.863 0 381926.602)
(-2054508.005 0 360556.6094)
(-1989415.666 0 340155.2951)
(-1924082.918 0 320676.2118)
(-1857885.82 0 302237.2166)
(-1792155.276 0 284723.6925)
(-1727010.675 0 268178.9171)
(-1662496.321 0 252559.6221)
(-1599525.346 0 237758.139)
(-1537602.316 0 223889.037)
(-1477464.792 0 210824.7002)
(-1419238.52 0 198515.2046)
(-1362618.989 0 186991.7908)
(-1308228.723 0 176119.2452)
(-1255566.076 0 165973.9013)
(-1205115.67 0 156433.1686)
(-1156799.839 0 147495.6752)
(-1110360.092 0 139143.3087)
(-1065777.721 0 131266.7197)
(-1024506.013 0 123940.1847)
(-993044.8517 0 116990.592)
(-164935.3599 0 1007696.091)
(-353475.8291 0 1004427.54)
(-571414.2421 0 998926.4511)
(-791109.8057 0 989843.6178)
(-991823.9906 0 978138.7473)
(-1182995.314 0 964103.9955)
(-1361676.133 0 947792.5722)
(-1527611.782 0 929377.66)
(-1679957.962 0 909060.1226)
(-1817266.675 0 887232.5809)
(-1940758.123 -2.125095688e-08 863974.9977)
(-2049362.551 0 839489.9958)
(-2142959.452 -9.433767976e-09 813895.3331)
(-2222255.382 0 787333.0609)
(-2287205.153 0 760107.731)
(-2338671.03 0 732401.8441)
(-2376991.226 0 704344.4295)
(-2402538.799 0 676069.8244)
(-2416473.657 7.521649285e-09 647721.2521)
(-2419080.508 0 619508.97)
(-2411804.329 0 591519.1343)
(-2395105.604 0 563932.9168)
(-2369849.267 6.90215664e-09 536830.2705)
(-2337689.578 0 510276.2915)
(-2298301.682 -3.347637325e-09 484419.508)
(-2253767.125 0 459262.1613)
(-2204099.686 0 435022.7342)
(-2150311.118 0 411625.3168)
(-2093784.944 0 389048.0473)
(-2034170.797 0 367481.6409)
(-1973050.428 0 346808.4342)
(-1910535.631 -1.575283619e-09 327135.991)
(-1847143.417 0 308431.8665)
(-1784048.81 0 290612.4025)
(-1720710.675 0 273811.1706)
(-1658106.174 0 257897.6836)
(-1596485.881 0 242823.7644)
(-1535775.857 0 228667.1556)
(-1476866.212 0 215284.5094)
(-1419156.085 0 202759.1833)
(-1363227.084 7.811683971e-10 190966.6464)
(-1309276.038 0 179854.0712)
(-1256954.54 0 169470.3502)
(-1206827.857 0 159674.5229)
(-1158477.396 0 150553.1931)
(-1112280.076 0 141971.1906)
(-1067907.157 0 133938.7506)
(-1025080.113 0 126424.6875)
(-985705.3626 0 119345.9216)
(-955668.4408 0 112723.8237)
(-159631.5357 0 978208.9197)
(-343145.6369 0 975024.609)
(-554509.4492 0 969568.0846)
(-766505.0637 0 960608.4595)
(-960173.7588 0 949126.2172)
(-1145275.507 0 935230.5551)
(-1318937.633 0 919076.0069)
(-1478842.233 0 901010.7466)
(-1625239.717 0 881221.323)
(-1758838.003 0 859843.2181)
(-1877034.615 -1.079095553e-08 837070.2627)
(-1980939.859 0 812973.1269)
(-2070833.007 -9.580685828e-09 787792.3738)
(-2146366.446 0 761805.3389)
(-2208519.395 0 735220.0208)
(-2257217.172 0 708124.3063)
(-2293054.862 0 680697.7839)
(-2316847.317 0 653056.7751)
(-2329056.751 0 625447.6317)
(-2331015.309 0 597935.2739)
(-2322829.973 0 570738.2167)
(-2305861.98 0 543914.7103)
(-2281117.503 0 517570.2153)
(-2248836.39 0 491834.7115)
(-2210841.849 0 466707.441)
(-2167066.341 0 442441.7911)
(-2119044.802 0 418924.1723)
(-2067048.562 0 396274.6821)
(-2011828.348 3.259542846e-09 374539.2173)
(-1954824.136 0 353648.3435)
(-1895544.32 0 333764.3209)
(-1835357.933 0 314785.4211)
(-1774686.444 1.593219647e-09 296726.0121)
(-1713619.157 0 279644.2523)
(-1653246.765 0 263404.1006)
(-1592953.177 0 248109.2861)
(-1533664.088 0 233656.5809)
(-1475843.733 1.580643539e-09 219997.6143)
(-1419065.039 0 207199.3047)
(-1364093.835 0 195096.2084)
(-1310436.446 0 183787.4296)
(-1258591.042 0 173143.6594)
(-1208718.661 -7.977094165e-10 163126.4452)
(-1160532.588 0 153779.381)
(-1114491.9 0 144963.1934)
(-1070148.9 0 136758.2457)
(-1027748.411 0 129019.2295)
(-986764.5915 0 121800.4907)
(-948927.6305 0 115036.4257)
(-919956.4314 0 108645.3035)
(-154228.5411 0 949114.2028)
(-332450.8205 0 945983.0663)
(-537054.0904 0 940549.8702)
(-742539.2898 -2.706654606e-08 931714.2109)
(-930705.9811 0 920389.6103)
(-1109477.232 0 906781.2364)
(-1276561.3 0 891071.6929)
(-1431768.145 0 873431.0116)
(-1573817.751 0 854059.839)
(-1701367.062 0 833067.3616)
(-1815427.205 0 810626.2295)
(-1915150.19 0 786959.1176)
(-2001015.558 -9.729891698e-09 762350.0521)
(-2073686.446 0 737017.2565)
(-2132659.981 -8.864642256e-09 711003.7669)
(-2178762.642 0 684539.8943)
(-2212447.893 0 657712.9787)
(-2234358.663 0 630807.6867)
(-2245521.267 0 603865.5591)
(-2246227.402 7.565055458e-09 577142.6228)
(-2237906.57 0 550626.0765)
(-2220730.853 3.624261772e-09 524606.9395)
(-2195834.881 0 499073.8519)
(-2164527.525 0 474046.4574)
(-2126995.977 0 449812.7646)
(-2084902.582 0 426252.7467)
(-2037881.634 0 403548.5194)
(-1987499.263 0 381655.2396)
(-1934462.794 0 360623.5241)
(-1878913.436 -1.643146888e-09 340537.5188)
(-1822269.128 0 321278.5796)
(-1764125.906 0 303027.3296)
(-1705621.026 0 285666.3397)
(-1647307.329 -1.61284097e-09 269164.1016)
(-1588876.15 0 253596.3389)
(-1531388.288 -1.606581656e-09 238800.0924)
(-1474474.186 0 224934.3251)
(-1418789.323 0 211852.9223)
(-1364667.726 0 199485.0074)
(-1311691.995 0 187915.9941)
(-1260550.837 0 176975.9882)
(-1210815.496 0 166774.1902)
(-1162939.735 -1.620265265e-09 157172.7909)
(-1116969.447 0 148162.1711)
(-1072691.091 0 139751.7841)
(-1030395.749 0 131805.6759)
(-989645.3207 0 124415.7535)
(-950534.9705 0 117438.3595)
(-914243.6954 0 110958.6743)
(-886412.4796 8.386565436e-10 104818.4969)
(-149260.8477 0 920351.1344)
(-322595.4353 0 917315.9426)
(-521026.5641 0 911982.1488)
(-719336.8621 0 903380.6806)
(-901081.959 0 892409.8926)
(-1074671.845 0 879155.0662)
(-1237227.289 0 863816.18)
(-1386562.115 0 846516.9869)
(-1522782.241 1.300626008e-08 827417.6334)
(-1646548.68 0 806760.9005)
(-1755640.997 0 784729.7191)
(-1851486.529 0 761634.7802)
(-1934412.473 0 737688.3758)
(-2003483.894 -9.406047099e-09 712881.6127)
(-2059758.514 0 687502.0843)
(-2103313.17 0 661605.6643)
(-2134974.304 0 635516.8106)
(-2155441.573 0 609250.539)
(-2165186.903 0 583102.0438)
(-2165372.401 -7.682870678e-09 557035.1596)
(-2156319.419 7.511576276e-09 531371.5893)
(-2139381.864 -3.68070461e-09 506008.2314)
(-2114757.879 0 481237.221)
(-2083719.647 0 457098.6638)
(-2047605.653 0 433569.6399)
(-2006093.609 0 410838.2749)
(-1960934.294 0 388790.9416)
(-1912001.173 1.695250383e-09 367690.0237)
(-1860517.622 0 347423.1001)
(-1807291.341 0 327968.1413)
(-1752257.894 0 309487.1971)
(-1696743.602 0 291808.02)
(-1640391.61 0 275122.4271)
(-1584048.07 1.637958726e-09 259282.0058)
(-1528238.657 0 244210.9432)
(-1472743.309 0 230061.0462)
(-1418503.335 0 216642.4972)
(-1365027.63 -1.630259556e-09 204081.4075)
(-1312879.686 -8.156457019e-10 192234.2165)
(-1262345.072 0 181048.2151)
(-1213077.909 0 170597.5881)
(-1165666.41 0 160717.5269)
(-1119736.187 8.227493216e-10 151525.322)
(-1075676.654 0 142866.5895)
(-1033308.165 0 134757.8945)
(-992604.4609 8.3279313e-10 127172.6094)
(-953720.5865 0 120013.0147)
(-916127.8657 0 113359.2019)
(-881424.7579 4.232131749e-10 107072.3423)
(-854765.6128 0 101210.5819)
(-144332.6975 1.803968433e-07 892489.7467)
(-312663.1932 0 889562.1546)
(-504883.611 0 884349.0152)
(-697455.1587 -2.791615897e-08 875952.7762)
(-874137.2409 -2.23243052e-08 865250.3326)
(-1041661.594 0 852236.8342)
(-1197835.414 0 837097.6974)
(-1342402.518 0 820017.4166)
(-1474436.595 1.320881479e-08 801298.4651)
(-1592715.368 0 781076.9329)
(-1698448.135 0 759594.9587)
(-1790940.304 0 737140.4936)
(-1869878.48 0 713656.5504)
(-1936177.321 -9.552533416e-09 689482.2211)
(-1989528.874 0 664635.9622)
(-2030942.565 0 639481.1399)
(-2060770.91 0 614003.9725)
(-2079670.193 -8.228885868e-09 588532.2225)
(-2088508.936 0 563010.7314)
(-2087766.176 0 537793.333)
(-2078639.569 0 512768.5906)
(-2061323.123 0 488249.9193)
(-2037387.25 0 464163.9644)
(-2007184.098 0 440811.9871)
(-1971437.367 0 418112.1596)
(-1931470.61 0 396012.8123)
(-1887271.366 0 374813.766)
(-1840367.853 1.721651589e-09 354323.9131)
(-1790518.168 0 334785.4625)
(-1738863.916 -1.694724906e-09 316092.1667)
(-1686240 0 298184.0629)
(-1632431.659 0 281245.4756)
(-1578610.104 0 265073.4653)
(-1524318.603 0 249827.2791)
(-1470435.952 1.659562667e-09 235385.489)
(-1417522.08 0 221698.198)
(-1365160.812 8.278659293e-10 208864.468)
(-1314139.909 0 196691.3721)
(-1264047.335 0 185317.7371)
(-1215399.122 -8.294086511e-10 174590.0922)
(-1168350.258 0 164488.8173)
(-1122702.86 0 155058.3575)
(-1078902.875 0 146145.2822)
(-1036547.468 0 137858.097)
(-995997.2207 0 130029.6074)
(-956973.727 -8.457627438e-10 122731.1403)
(-919572.8294 0 115878.4411)
(-883641.1012 8.546076001e-10 109438.8656)
(-850265.8174 8.596082823e-10 103446.0295)
(-824595.2688 0 97751.56501)
(-139858.969 0 865360.0444)
(-303614.3928 0 862504.177)
(-490081.4047 0 857347.3152)
(-676025.8271 5.670182831e-08 849090.4153)
(-846563.7464 -4.534395013e-08 838460.1492)
(-1008926.143 0 825574.1699)
(-1160684.45 0 810730.1046)
(-1300025.898 0 793998.7165)
(-1426948.599 -1.341452363e-08 775705.8266)
(-1542021.86 0 756107.8293)
(-1643500.45 0 735189.5229)
(-1732041.245 0 713164.6938)
(-1808192.792 0 690328.4186)
(-1871222.404 0 666660.9686)
(-1922338.466 0 642562.6646)
(-1961538.308 0 617992.831)
(-1989648.585 0 593307.9094)
(-2007241.46 8.357039271e-09 568437.6566)
(-2014973.067 -8.125874728e-09 543761.7373)
(-2013811.929 3.962017122e-09 519166.6503)
(-2004073.895 0 494980.5076)
(-1987192.211 3.796241092e-09 471105.2981)
(-1963443.465 0 447912.8874)
(-1934050.061 0 425200.4008)
(-1899252.273 0 403204.3277)
(-1860030.848 -3.570971212e-09 381962.1381)
(-1817629.033 0 361372.4654)
(-1771831.159 -1.748463908e-09 341692.9285)
(-1724102.857 0 322723.9879)
(-1674224.714 0 304715.3646)
(-1623198.918 0 287531.6959)
(-1571783.33 0 271120.2636)
(-1519598.963 -1.694811055e-09 255621.2827)
(-1467744.368 0 240832.2135)
(-1415959.017 -1.685408037e-09 226963.3748)
(-1364897.798 1.682817546e-09 213838.5707)
(-1314881.603 8.407587848e-10 201414.865)
(-1265630.166 1.681433033e-09 189777.4088)
(-1217813.176 0 178740.876)
(-1171060.439 0 168451.4348)
(-1125869.775 0 158742.591)
(-1082207.329 0 149639.1475)
(-1040014.097 0 141133.3199)
(-999560.5472 0 133081.7282)
(-960521.5884 0 125600.8653)
(-923223.2105 0 118524.1662)
(-887318.9857 0 111954.9425)
(-852854.3229 -4.339584599e-10 105754.9037)
(-820811.3414 -4.364977403e-10 99972.77033)
(-796083.3981 -8.784526706e-10 94515.56324)
(-135305.7904 0 838400.6267)
(-294254.8419 0 835574.5053)
(-474875.0468 0 830427.4376)
(-655258.4613 0 822285.5698)
(-820894.0393 0 811950.9684)
(-977905.2866 0 799376.5042)
(-1123987.938 0 784884.5661)
(-1259045.352 0 768630.0812)
(-1382615.236 0 750932.7266)
(-1492724.125 0 731712.453)
(-1590510.288 0 711274.7945)
(-1676091.796 0 689904.6075)
(-1748596.663 1.035031684e-08 667531.0569)
(-1809290.278 0 644598.374)
(-1857811.681 0 621038.4963)
(-1895152.928 0 597243.5089)
(-1921573.286 0 573121.8951)
(-1937902.275 0 549105.4875)
(-1944859.175 -4.126212002e-09 525050.1309)
(-1942888.307 0 501307.1055)
(-1933195.334 0 477751.4408)
(-1916228.41 0 454788.7631)
(-1893189.538 0 432205.8816)
(-1864114.215 0 410312.5379)
(-1830463.101 0 388967.6087)
(-1792498.121 0 368431.5467)
(-1750989.865 0 348659.5236)
(-1707085.162 0 329541.9803)
(-1660614.619 0 311356.2608)
(-1612888.829 0 293867.5341)
(-1563708.506 0 277334.1327)
(-1513864.516 0 261577.8491)
(-1463931.069 0 246546.1151)
(-1413783.972 0 232406.8365)
(-1364344.239 0 218946.5159)
(-1315212.925 0 206338.3237)
(-1267000.147 0 194405.0273)
(-1219879.513 0 183142.8402)
(-1173732.846 0 172598.6059)
(-1129098.162 0 162602.1174)
(-1085638.903 0 153304.5511)
(-1043821.474 0 144520.9122)
(-1003324.589 0 136315.4152)
(-964321.7236 0 128612.0637)
(-927015.6789 0 121357.8927)
(-891102.0279 0 114608.4163)
(-856760.9805 0 108213.3639)
(-823593.9581 0 102287.1341)
(-792872.8977 0 96672.19148)
(-769137.0652 0 91445.69576)
(-131060.094 0 811748.5378)
(-285557.5453 6.457335601e-08 809037.9636)
(-460818.0484 0 804005.2942)
(-635405.5509 0 796101.3697)
(-795495.2084 2.338364287e-08 786003.7741)
(-947655.7947 0 773834.9387)
(-1089871.906 0 759886.0062)
(-1220460.403 0 744129.9725)
(-1338849.455 0 726779.1931)
(-1445650.6 0 708023.9203)
(-1540036.268 0 688150.0684)
(-1621761.134 1.111358449e-08 667167.5068)
(-1691860.578 0 645500.4762)
(-1749599.659 0 623045.0536)
(-1796155.928 0 600226.9567)
(-1831448.932 9.209633083e-09 576966.0024)
(-1856525.273 0 553651.6755)
(-1871783.221 4.309682355e-09 530281.8913)
(-1877772.01 0 507049.776)
(-1875472.162 0 483946.9925)
(-1865480.343 0 461322.9569)
(-1848918.954 0 438988.7206)
(-1825895.057 0 417261.861)
(-1797793.182 0 395957.5082)
(-1764803.129 0 375452.1969)
(-1728186.495 0 355512.1989)
(-1688014.348 0 336405.3109)
(-1645181.705 -1.803347766e-09 318073.5298)
(-1600678.638 1.78811377e-09 300408.5482)
(-1554318.775 0 283668.3318)
(-1507239.46 0 267602.9272)
(-1459126.539 0 252432.8594)
(-1410860.57 0 238000.8608)
(-1362906.438 -1.742402915e-09 224311.7708)
(-1315085.645 0 211440.7427)
(-1268129.785 0 199186.575)
(-1221695.891 1.734299999e-09 187731.9527)
(-1176378.265 0 176884.6594)
(-1132143.744 0 166691.9664)
(-1089086.579 0 157148.4119)
(-1047587.058 0 148107.2041)
(-1007272.288 0 139704.3295)
(-968515.6918 0 131737.9817)
(-931065.7054 8.783260141e-10 124340.7119)
(-895191.4344 0 117363.7017)
(-860734.3068 0 110830.8434)
(-827648.9901 0 104718.1608)
(-795897.0484 0 98956.74496)
(-766304.8889 0 93602.57032)
(-743443.3696 0 88503.93105)
(-126996.9071 -1.918998201e-07 785844.0568)
(-276964.425 0 783275.0472)
(-446844.8019 0 778362.094)
(-616278.1753 2.969622854e-08 770675.5083)
(-772024.6551 0 760947.5565)
(-919687.3911 0 749122.3587)
(-1056621.873 0 735365.7683)
(-1182639.913 0 719980.0404)
(-1297766.637 0 703189.4322)
(-1400302.218 0 684884.2388)
(-1490940.95 0 665450.3073)
(-1570234.948 0 645206.5146)
(-1637027.51 0 624001.3313)
(-1692687.604 0 602277.6236)
(-1736897.806 0 580031.3699)
(-1770661.134 0 557520.2243)
(-1794438.514 0 534965.294)
(-1808612.924 0 512244.3911)
(-1813884.085 -4.255732843e-09 489726.7343)
(-1811218.386 0 467398.631)
(-1801281.022 0 445456.8847)
(-1784533.206 3.976381235e-09 423950.4282)
(-1762129.444 0 402807.435)
(-1734400.924 3.842824107e-09 382381.5279)
(-1702596.565 0 362427.6641)
(-1666745.008 0 343289.7525)
(-1628136.299 0 324728.8312)
(-1586725.338 0 307042.1376)
(-1543427.988 0 290094.4723)
(-1499023.032 -1.802788778e-09 273851.3349)
(-1453266.93 0 258466.5391)
(-1407212.281 0 243712.5111)
(-1360703.155 0 229857.1402)
(-1314455.65 0 216680.9298)
(-1268595.221 0 204220.0996)
(-1223173.676 0 192506.7685)
(-1178776.266 8.806546724e-10 181358.2651)
(-1135082.217 0 170961.1007)
(-1092690.329 0 161106.0773)
(-1051334.757 0 151901.1772)
(-1011284.269 0 143248.21)
(-972718.2793 0 135085.4594)
(-935342.004 0 127481.5365)
(-899507.7571 0 120274.4051)
(-864952.9251 -8.956268319e-10 113591.0817)
(-831913.2562 0 107257.2041)
(-800130.0944 0 101378.666)
(-769586.1128 0 95828.70031)
(-741117.5673 0 90642.76244)
(-719085.2312 -9.201372175e-10 85754.30069)
(-123304.3698 0 760696.334)
(-269062.5822 0 758255.4749)
(-433935.5198 4.106888863e-08 753495.2041)
(-598288.12 0 746051.958)
(-748912.3652 0 736467.1979)
(-891498.4934 0 724962.3771)
(-1024809.008 0 711545.3843)
(-1147343.871 0 696626.6787)
(-1257636.472 0 680054.9417)
(-1356738.217 0 662309.8313)
(-1444833.703 0 643647.9836)
(-1520443.641 0 623840.3613)
(-1584987.009 0 603367.6276)
(-1638080.245 0 582262.7624)
(-1680519.136 0 560706.7872)
(-1712837.454 0 539067.9729)
(-1735108.991 0 517037.0522)
(-1748206.12 0 495147.8849)
(-1752955.272 0 473199.6072)
(-1749947.472 0 451691.4619)
(-1739965.473 0 430327.3493)
(-1723379.933 0 409481.4081)
(-1701253.51 0 389105.9031)
(-1674413.509 0 369272.2494)
(-1643131.985 0 350143.0608)
(-1608618.076 0 331513.3582)
(-1570903.186 -1.878230616e-09 313736.1752)
(-1531161.947 0 296528.7963)
(-1489345.705 0 280220.6991)
(-1446241.31 0 264591.0749)
(-1402290.532 0 249661.5575)
(-1357645.279 0 235562.944)
(-1313152.746 0 222078.6218)
(-1268494.513 0 209431.3302)
(-1224385.635 0 197395.2416)
(-1180723.124 0 186069.0368)
(-1137783.379 0 175408.338)
(-1096001.317 0 165291.1438)
(-1055081.458 8.948907397e-10 155866.4789)
(-1015516.408 0 146917.7816)
(-976999.3756 0 138603.5937)
(-939846.9092 0 130740.3848)
(-903971.6295 -9.026845202e-10 123375.484)
(-869402.513 0 116482.4473)
(-836303.2729 0 109972.5864)
(-804453.4266 0 103929.1592)
(-773979.5773 0 98189.27907)
(-744532.4636 0 92874.01271)
(-717191.901 -4.643309592e-10 87826.12628)
(-696062.9821 0 83142.43186)
(-119742.731 1.979235112e-07 735937.2221)
(-261311.2559 0 733550.4626)
(-421213.8581 0 729030.5978)
(-580517.785 0 721900.7408)
(-727157.0811 0 712573.2209)
(-865792.6185 0 701517.8324)
(-994340.5232 0 688494.5079)
(-1112165.8 0 673858.9422)
(-1219596.626 0 657831.7147)
(-1315852.594 0 640777.6085)
(-1400032.518 0 622454.8826)
(-1473299.109 0 603334.8747)
(-1535098.796 0 583445.9072)
(-1586148.346 0 562989.4444)
(-1627021.36 0 542333.2549)
(-1657464.943 0 521129.174)
(-1678484.763 0 499946.4536)
(-1690680.151 0 478576.011)
(-1694806.449 0 457545.4943)
(-1691505.634 0 436529.2618)
(-1681220.462 0 415981.7527)
(-1665067.577 0 395659.7907)
(-1643402.191 0 376022.9371)
(-1617195.322 0 356816.7215)
(-1586853.913 0 338267.7848)
(-1553067.421 1.928916386e-09 320411.8723)
(-1516817.673 0 303113.7727)
(-1478094.168 0 286662.9432)
(-1437943.636 0 270776.3163)
(-1396188.777 1.859377902e-09 255738.9036)
(-1353752.187 0 241339.5669)
(-1310853.081 0 227695.5894)
(-1267710.462 0 214805.2795)
(-1224944.607 9.125419282e-10 202480.6403)
(-1182285.17 1.820799433e-09 190947.6081)
(-1140410.334 0 179958.0875)
(-1099080.411 0 169682.5598)
(-1058726.317 0 159976.0555)
(-1019531.546 -9.088274202e-10 150826.0285)
(-981314.2641 0 142284.5605)
(-944417.7806 0 134163.514)
(-908591.9932 0 126627.2723)
(-874167.8291 9.167425779e-10 119480.5819)
(-840911.8937 4.600022805e-10 112838.4596)
(-809043.3807 0 106571.2395)
(-778432.8967 0 100706.5063)
(-749017.8515 0 95208.77924)
(-720759.141 0 90028.58409)
(-694408.7905 0 85208.92946)
(-674007.5577 0 80632.33696)
(-116319.6557 0 712106.2236)
(-254310.1474 0 709753.5228)
(-409820.8165 0 705294.2446)
(-564220.2497 0 698373.0877)
(-706237.8803 0 689290.5726)
(-840225.6978 0 678308.3134)
(-964931.2248 0 665751.9661)
(-1079777.842 0 651785.2187)
(-1183447.709 0 636347.7748)
(-1275913.322 0 619643.8788)
(-1357726.916 0 601995.3358)
(-1428001.79 0 583387.5683)
(-1487596.831 0 564129.7957)
(-1536997.874 0 544546.7536)
(-1575640.773 0 524266.163)
(-1604678.293 0 503869.6706)
(-1624464.224 0 483156.4664)
(-1635913.662 0 462707.1505)
(-1639478.72 0 442177.5869)
(-1635690.086 0 422037.6684)
(-1625478.829 0 402005.4932)
(-1609364.586 0 382580.5249)
(-1588313.913 0 363425.108)
(-1562581.164 0 344978.7242)
(-1533266.525 0 326963.8118)
(-1500515.525 0 309717.5307)
(-1465184.946 0 293093.0406)
(-1427934.106 0 277118.4032)
(-1388789.355 0 261919.587)
(-1348701.069 0 247254.0734)
(-1307622.736 0 233452.4417)
(-1266382.886 0 220235.8685)
(-1224779.94 0 207777.4129)
(-1183319.21 0 195971.7353)
(-1142443.609 0 184750.6068)
(-1101910.375 0 174243.9801)
(-1062319.941 0 164225.865)
(-1023444.236 0 154907.5423)
(-985728.5407 0 146071.7077)
(-948953.5981 0 137795.999)
(-913285.3962 0 130019.3103)
(-878958.352 0 122679.8975)
(-845721.4683 0 115854.2185)
(-813831.1785 0 109363.2712)
(-783095.9257 0 103359.8041)
(-753679.3834 0 97652.32567)
(-725361.2531 0 92363.56737)
(-698146.6808 0 87354.35096)
(-672776.7512 0 82693.08951)
(-653094.3693 0 78280.2581)
(-112963.7883 2.04136281e-07 688929.8321)
(-246991.1728 0 686619.9279)
(-398053.9702 0 682009.1927)
(-547903.3051 0 675207.4673)
(-685763.2651 0 666541.6912)
(-816474.0258 0 655977.5312)
(-937808.6677 0 643908.236)
(-1048364.627 -1.64758583e-08 630170.293)
(-1148598.281 0 615221.1441)
(-1238585.136 0 599227.7527)
(-1316969.404 0 581992.1207)
(-1384947.191 0 564049.2151)
(-1442792.337 0 545634.6417)
(-1489608.963 0 526355.3267)
(-1526697.179 0 506858.6929)
(-1554151.219 0 486896.8449)
(-1573125.887 0 467067.8217)
(-1583790.835 0 447163.7795)
(-1586755.051 0 427446.1129)
(-1582742.476 0 407844.899)
(-1572410.861 0 388689.8261)
(-1556645.378 -2.114967269e-09 369782.4504)
(-1535766.748 -2.077120651e-09 351491.2624)
(-1510836.314 2.043930581e-09 333515.5824)
(-1482078.8 0 316296.0723)
(-1450515.455 0 299495.6325)
(-1416254.346 0 283515.8859)
(-1380124.796 1.948213428e-09 268080.9408)
(-1342301.529 0 253338.4238)
(-1303324.767 0 239318.8038)
(-1263934.088 0 225874.949)
(-1223903.587 -9.48125146e-10 213224.7927)
(-1183982.328 0 201090.7855)
(-1143982.303 0 189731.0011)
(-1104460.291 0 178920.3741)
(-1065493.346 0 168721.6376)
(-1027185.386 0 159149.3805)
(-989940.7995 -9.367623776e-10 150051.5459)
(-953479.9284 0 141587.3609)
(-918178.8877 0 133526.2585)
(-883839.3502 0 126042.8456)
(-850760.711 0 118961.4705)
(-818764.335 9.455188994e-10 112333.4986)
(-787960.0975 -9.488832753e-10 106117.1767)
(-758463.884 0 100259.43)
(-730053.3971 0 94803.33922)
(-702847.6017 0 89627.21444)
(-676589.4292 4.835351163e-10 84837.39454)
(-652175.5361 0 80277.12036)
(-633332.314 4.894048089e-10 76051.55021)
(-109765.3728 0 666322.0323)
(-239920.6765 7.084705887e-08 664111.7434)
(-387016.304 0 659652.145)
(-533213.5935 3.208177207e-08 653087.3445)
(-667151.0833 0 644771.2358)
(-793538.9258 0 634517.9349)
(-910749.5753 0 622660.2955)
(-1018506.47 0 609432.6061)
(-1116153.766 0 595091.997)
(-1202299.98 0 579340.5842)
(-1278382.663 0 562818.687)
(-1344478.292 0 545691.9155)
(-1399356.768 5.766383471e-09 527527.7148)
(-1444561.635 0 508990.1379)
(-1479791.571 0 489976.1913)
(-1506239.13 5.052203087e-09 470872.5882)
(-1524301.891 0 451750.9234)
(-1534166.611 0 432481.5294)
(-1536600.225 4.597602381e-09 413424.2311)
(-1532391.631 0 394466.4472)
(-1522102.402 0 375920.7492)
(-1506452.783 0 357691.8169)
(-1486066.271 0 339919.1255)
(-1461512.298 0 322710.9441)
(-1433706.707 0 305942.1542)
(-1402801.431 0 289910.7129)
(-1369757.798 0 274311.1575)
(-1334545.898 0 259500.4425)
(-1298103.46 0 245186.9332)
(-1260466.317 1.947609562e-09 231664.6415)
(-1222222.933 9.678256549e-10 218748.9694)
(-1183721.986 9.628909089e-10 206446.4456)
(-1144963.299 0 194858.0338)
(-1106564.513 0 183747.2369)
(-1068340.598 0 173374.771)
(-1030861.693 0 163482.5271)
(-993952.6338 0 154234.8947)
(-957933.8852 0 145498.6978)
(-922908.5565 0 137255.9951)
(-888760.0148 0 129552.3212)
(-855811.7274 -9.549771723e-10 122232.5146)
(-823844.1127 0 115444.8198)
(-793108.7093 0 108981.3295)
(-763437.2647 0 103001.8956)
(-734988.5557 0 97328.1608)
(-707610.3563 0 92039.30735)
(-681372.2908 0 87056.58123)
(-656088.2216 -4.910655198e-10 82389.24797)
(-632518.3045 0 78015.29284)
(-614222.9366 0 73889.04191)
(-106787.7752 0 644300.0145)
(-233322.2583 0 642262.0423)
(-376367.9654 0 638031.8901)
(-518549.8981 0 631632.8581)
(-648594.6712 0 623431.6894)
(-771545.2571 0 613711.1449)
(-885962.926 0 602406.6671)
(-990389.1093 0 589696.4567)
(-1084133.767 0 575553.4173)
(-1168215.341 0 560498.4471)
(-1242242.48 0 544744.8656)
(-1305081.597 0 527809.3787)
(-1358220.269 0 510384.078)
(-1401447.269 0 492450.5631)
(-1435544.799 0 474164.7136)
(-1461023.764 0 455911.4832)
(-1477826.061 0 437240.9524)
(-1486880.975 0 418755.4311)
(-1488813.054 0 400137.7972)
(-1484316.345 0 381961.6669)
(-1474071.117 0 363840.9938)
(-1458564.75 0 346298.7524)
(-1438675.475 0 329009.157)
(-1414743.07 0 312374.7845)
(-1387583.053 0 296195.8669)
(-1357649.191 0 280618.7027)
(-1325311.849 0 265679.3817)
(-1291366.216 0 251223.9785)
(-1255888.909 0 237550.9949)
(-1219692.602 0 224348.5301)
(-1182655.581 9.828981883e-10 211931.7368)
(-1145457.923 0 200027.9462)
(-1108029.499 0 188787.3177)
(-1070760.357 0 178148.5308)
(-1034073.024 0 168030.1375)
(-997770.7736 0 158572.9899)
(-962345.4037 0 149538.6065)
(-927568.4014 0 141144.4172)
(-893799.8129 0 133155.8731)
(-860883.0833 0 125694.0182)
(-829032.8817 0 118663.6028)
(-798297.5064 0 112044.1983)
(-768583.1032 0 105866.3657)
(-740067.3648 0 100010.5396)
(-712565.0141 0 94581.75226)
(-686232.0873 0 89404.01435)
(-660902.464 0 84626.69239)
(-636548.3691 0 80071.87817)
(-613818.1159 -5.016313682e-10 75865.42001)
(-596165.6248 0 71846.98866)
(-104157.0419 2.13823004e-07 622704.9633)
(-227243.2344 0 620902.6488)
(-366390.6294 0 617043.5666)
(-504832.3395 0 611131.6224)
(-631869.7671 0 603271.8556)
(-751456.213 0 593930.069)
(-861877.9026 0 582826.9079)
(-962872.4788 -1.725767462e-08 570462.6897)
(-1054591.297 0 557033.7968)
(-1136157.713 0 542664.1379)
(-1206862.91 0 527043.3113)
(-1267941.563 0 510819.63)
(-1319118.756 0 494015.5918)
(-1360834.04 -5.66127254e-09 476683.2197)
(-1393762.32 0 459252.4415)
(-1417640.912 0 441247.0827)
(-1433504.116 0 423357.0894)
(-1441768.211 0 405207.2903)
(-1443279.896 0 387458.0487)
(-1438571.048 0 369655.092)
(-1428214.15 0 352380.725)
(-1413002.115 0 335222.9757)
(-1393359.655 -2.17568467e-09 318718.3844)
(-1370137.108 0 302463.7063)
(-1343615.561 0 286941.0177)
(-1314596.279 2.083869135e-09 271794.4272)
(-1283181.867 -2.060712297e-09 257345.5583)
(-1250156.068 0 243432.546)
(-1215932.328 -2.023421787e-09 230137.4545)
(-1180679.507 0 217514.8522)
(-1145035.807 0 205371.5869)
(-1108892.286 9.931158041e-10 193965.8541)
(-1072885.496 0 183003.4619)
(-1036888.427 0 172757.2148)
(-1001401.98 0 162993.4378)
(-966423.2192 0 153802.1431)
(-932087.8384 0 145155.5956)
(-898671.1578 0 136944.7808)
(-865972.5087 0 129297.8277)
(-834342.1163 0 122000.7261)
(-803589.4664 0 115243.9098)
(-773963.1448 0 108815.1911)
(-745312.4289 0 102838.0802)
(-717778.1683 0 97189.04275)
(-691253.5319 0 91897.99748)
(-665797.3475 0 86934.06396)
(-641425.9066 0 82261.81963)
(-617886.4043 5.064799387e-10 77900.60206)
(-595969.7583 0 73776.14258)
(-578977.7771 0 69927.68149)
(-101903.4327 0 603168.5044)
(-222017.2715 0 601286.8052)
(-357678.3981 0 597347.3538)
(-492141.7048 0 591590.0173)
(-615259.2379 0 583862.8997)
(-731237.394 0 574556.0888)
(-838946.6203 0 564076.6786)
(-937788.6008 0 552361.6337)
(-1026421.294 -7.950066649e-09 539373.5496)
(-1104776.661 0 525172.5604)
(-1173672.508 0 510239.5884)
(-1232636.201 0 494591.4042)
(-1281941.4 0 478256.5983)
(-1322337.133 0 461705.5777)
(-1353358.1 0 444456.7955)
(-1376246.476 5.291941425e-09 427186.7211)
(-1391079.756 0 409673.6352)
(-1398883.844 0 392310.5423)
(-1399994.389 0 375013.085)
(-1395066.503 2.34807445e-09 357955.8875)
(-1384784.436 -2.295722663e-09 341132.8683)
(-1369660.304 0 324726.547)
(-1350498.921 0 308634.4517)
(-1327625.818 0 293129.2013)
(-1301896.358 0 277957.3108)
(-1273423.332 0 263479.8858)
(-1243064.178 0 249348.3434)
(-1210980.284 0 236000.1945)
(-1177875.14 0 223091.634)
(-1143727.998 0 210873.1056)
(-1109078.004 0 199198.3112)
(-1074234.1 0 188081.9164)
(-1039241.703 0 177605.8361)
(-1004622.987 0 167566.6602)
(-970246.4041 0 158205.6437)
(-936572.1974 0 149250.5739)
(-903413.3967 0 140905.9435)
(-871094.3918 0 132978.0078)
(-839563.8065 0 125534.974)
(-808928.3588 0 118544.9253)
(-779357.0869 0 111931.4131)
(-750685.7821 0 105780.7899)
(-723115.4214 0 99922.17278)
(-696478.2156 0 94502.78215)
(-670933.3674 -5.067437268e-10 89327.30143)
(-646372.6859 0 84553.73613)
(-622833.59 0 80005.5928)
(-600109.3288 0 75787.35126)
(-578938.0646 -5.17377467e-10 71785.51537)
(-562521.6699 0 68056.63435)
(-876073.6946 0 136802.1748)
(-844766.9454 0 129198.2929)
(-814401.2913 0 121932.39)
(-784813.7006 -1.013950784e-09 115193.7294)
(-756246.948 0 108789.31)
(-728571.0025 0 102811.7754)
(-701889.7862 0 97176.34296)
(-676205.3813 0 91878.40196)
(-651488.571 0 86922.48056)
(-627827.4196 0 82240.98104)
(-605050.9552 0 77883.14498)
(-583128.8096 0 73745.41979)
(-562668.3821 0 69910.02732)
(-546789.7723 0 66251.06814)
)
;

boundaryField
{
    front_top
    {
        type            wedge;
    }
    front_middle
    {
        type            wedge;
    }
    front_bottom
    {
        type            wedge;
    }
    back_top
    {
        type            wedge;
    }
    back_middle
    {
        type            wedge;
    }
    back_bottom
    {
        type            wedge;
    }
    axis_top
    {
        type            symmetryPlane;
    }
    axis_middle
    {
        type            symmetryPlane;
    }
    axis_bottom
    {
        type            symmetryPlane;
    }
    wall_top
    {
        type            extrapolatedCalculated;
        value           nonuniform List<vector> 
24
(
(-1202263.828 0 142557.3895)
(-1153180.965 -7.526694223e-10 136850.76)
(-1105563.294 0 131438.3508)
(-1061957.672 0 126356.2049)
(-1019800.525 0 121547.2941)
(-980888.5468 0 116990.592)
(-944204.0129 0 112723.8237)
(-908481.0444 0 108645.3035)
(-875787.6476 8.386565436e-10 104818.4969)
(-844416.9075 0 101210.5819)
(-814490.8908 0 97751.56501)
(-786676.8516 -8.784526706e-10 94515.56324)
(-759846.8811 0 91445.69576)
(-734459.1041 0 88503.93105)
(-710709.5726 -9.201372175e-10 85754.30069)
(-687821.8809 0 83142.43186)
(-665951.9043 0 80632.33696)
(-645560.1161 0 78280.2581)
(-626072.1863 4.894048089e-10 76051.55021)
(-606920.7695 0 73889.04191)
(-589332.9278 0 71846.98866)
(-572481.3353 0 69927.68149)
(-556045.6872 0 68056.63435)
(-540541.3251 0 66251.06814)
)
;
    }
    wall_middle
    {
        type            extrapolatedCalculated;
        value           nonuniform 0();
    }
    wall_bottom
    {
        type            extrapolatedCalculated;
        value           nonuniform 0();
    }
    inlet
    {
        type            extrapolatedCalculated;
        value           nonuniform 0();
    }
    outlet
    {
        type            extrapolatedCalculated;
        value           nonuniform 0();
    }
    procBoundary8to7
    {
        type            processor;
        value           nonuniform List<vector> 
51
(
(-99142.67754 -2.2053486e-07 584256.2062)
(-215831.509 0 582336.817)
(-348197.0829 4.647337568e-08 578241.4532)
(-479368.1533 0 572503.2178)
(-599343.9666 0 565356.3568)
(-713096.5088 0 556632.5729)
(-818081.241 1.997471216e-08 546633.6358)
(-913255.1319 0 535023.0148)
(-998987.1607 -8.073877753e-09 522324.7317)
(-1075506.101 -7.42733373e-09 508764.2551)
(-1142016.24 0 494307.6869)
(-1198855.794 6.485422231e-09 479058.8032)
(-1246780.972 0 463481.8971)
(-1285060.093 0 447144.3742)
(-1314961.504 0 430625.1781)
(-1336727.329 0 413914.7262)
(-1350868.018 0 397017.9866)
(-1358090.281 0 380316.3285)
(-1358787.155 2.445383862e-09 363474.8504)
(-1353672.895 0 347040.1288)
(-1343387.506 4.662950627e-09 330654.8145)
(-1328469.503 0 314793.4243)
(-1309636.86 2.243978923e-09 299183.1416)
(-1287303.454 0 284128.3401)
(-1262069.012 0 269509.7174)
(-1234405.589 0 255383.7638)
(-1204729.949 0 241874.9314)
(-1173761.937 0 228815.3604)
(-1141461.523 0 216464.8173)
(-1108521.155 0 204501.355)
(-1074908.028 2.05907779e-09 193276.3626)
(-1041205.406 0 182484.9645)
(-1007350.735 0 172326.996)
(-973762.2726 0 162682.1795)
(-940663.8269 0 153548.1383)
(-907986.7652 0 144981.8479)
(-907986.7652 0 144981.8479)
(-849925.4877 0 132922.7643)
(-819739.5724 1.027774647e-09 125499.3246)
(-790296.8301 1.028425161e-09 118542.408)
(-761809.6534 0 111935.2998)
(-734135.7027 0 105804.5029)
(-707468.5624 0 99943.53886)
(-681659.8412 0 94530.44351)
(-656866.6961 0 89360.55881)
(-632997.2993 -1.045300569e-09 84580.71136)
(-610123.4514 5.250229399e-10 80035.35559)
(-588116.7334 5.276464511e-10 75809.67332)
(-566918.1654 0 71808.10189)
(-547144.7076 0 68076.02257)
(-531793.4289 -2.684767592e-10 64541.45988)
)
;
    }
    procBoundary8to9
    {
        type            processor;
        value           nonuniform List<vector> 
51
(
(-216585.3509 0 1261034.493)
(-450582.1239 0 1257020.153)
(-708316.8593 0 1217531.581)
(-708316.8593 0 1217531.581)
(-985678.8267 0 1207247.362)
(-1236452.839 0 1193908.991)
(-1477146.496 0 1178344.531)
(-1703001.518 0 1160468.355)
(-1914188.651 0 1140359.852)
(-2109647.899 -2.228785799e-08 1118025.452)
(-2287774.588 0 1094046.412)
(-2449737.099 0 1068005.05)
(-2593297.72 0 1040701.42)
(-2719675.043 0 1012112.931)
(-2828924.505 0 982391.457)
(-2921399.18 0 951914.1745)
(-2997099.51 -7.417927686e-09 920574.4512)
(-3056579.144 0 888681.2991)
(-3100658.94 0 856382.682)
(-3129491.267 0 823712.6894)
(-3144851.915 -6.582781278e-09 791105.3635)
(-3145811.231 0 758249.0972)
(-3134915.595 0 725665.341)
(-3112166.726 6.194481153e-09 693290.0004)
(-3078806.603 0 661343.4446)
(-3036874.455 0 630010.2406)
(-2985542.594 0 599224.1821)
(-2927239.27 0 569199.2723)
(-2862985.252 0 540065.5091)
(-2792785.825 0 511781.9162)
(-2718833.136 0 484498.0996)
(-2641155.143 2.842031722e-09 458172.6565)
(-2560655.613 0 432929.0766)
(-2479195.603 0 408792.5445)
(-2395944.222 0 385706.2691)
(-2312142.078 0 363714.6165)
(-2229275.912 0 342814.2096)
(-2146302.702 0 322989.0027)
(-2064569.673 0 304219.1887)
(-1984788.92 0 286470.7071)
(-1906327.662 1.39950045e-09 269745.9446)
(-1830260.197 0 253965.551)
(-1756252.405 0 239116.811)
(-1684506.959 0 225157.4708)
(-1615802.043 0 212028.6354)
(-1549312.618 7.103231156e-10 199727.1319)
(-1485636.129 0 188170.7177)
(-1424539.967 0 177316.5787)
(-1365320.906 0 167156.9363)
(-1311434.184 0 157618.245)
(-1270763.154 0 148646.2055)
)
;
    }
}


// ************************************************************************* //
