/*--------------------------------*- C++ -*----------------------------------*\
  =========                 |
  \\      /  F ield         | OpenFOAM: The Open Source CFD Toolbox
   \\    /   O peration     | Website:  https://openfoam.org
    \\  /    A nd           | Version:  7
     \\/     M anipulation  |
\*---------------------------------------------------------------------------*/
FoamFile
{
    version     2.0;
    format      ascii;
    class       volVectorField;
    location    "0.0003";
    object      U;
}
// * * * * * * * * * * * * * * * * * * * * * * * * * * * * * * * * * * * * * //

dimensions      [0 1 -1 0 0 0 0];

internalField   nonuniform List<vector> 
1166
(
(1.931995251e-08 8.544326427e-20 -0.002115088582)
(5.04632498e-08 1.937834234e-19 -0.002115092029)
(7.968804432e-08 3.44414072e-19 -0.002115099437)
(1.094012651e-07 1.423482725e-19 -0.002115110391)
(1.384784406e-07 5.291052607e-22 -0.002115124619)
(1.666049596e-07 1.059862815e-19 -0.002115141879)
(1.936555715e-07 1.835913446e-19 -0.002115161942)
(2.195555459e-07 2.663541768e-19 -0.002115184594)
(2.44226551e-07 2.101077934e-19 -0.002115209624)
(2.675976203e-07 1.77579191e-19 -0.002115236832)
(2.896085664e-07 1.563168144e-19 -0.002115266029)
(3.102091573e-07 1.419677907e-19 -0.002115297032)
(3.293567885e-07 1.347687117e-19 -0.002115329669)
(3.470120208e-07 1.426668953e-19 -0.002115363776)
(3.631404165e-07 1.547692227e-19 -0.00211539919)
(3.777052157e-07 1.679428879e-19 -0.00211543576)
(3.906907736e-07 1.814038038e-19 -0.002115473338)
(4.020825672e-07 1.954525104e-19 -0.002115511787)
(2.003644906e-08 6.842988069e-20 -0.002116507204)
(5.232912152e-08 1.287755562e-19 -0.002116510421)
(8.260748568e-08 1.74462848e-19 -0.002116517346)
(1.133489273e-07 2.370338904e-19 -0.002116527585)
(1.433736151e-07 3.005704718e-19 -0.002116540884)
(1.723496076e-07 2.205395424e-19 -0.002116557021)
(2.001602181e-07 1.550816711e-19 -0.002116575787)
(2.267339304e-07 8.896001745e-20 -0.00211659699)
(2.519950767e-07 9.341810113e-20 -0.002116620438)
(2.758799909e-07 8.407238216e-20 -0.002116645953)
(2.983326579e-07 6.955657833e-20 -0.00211667336)
(3.193040715e-07 6.164355832e-20 -0.002116702494)
(3.387516316e-07 4.964192427e-20 -0.002116733192)
(3.566335795e-07 8.114870197e-20 -0.002116765302)
(3.729209135e-07 1.036049015e-19 -0.002116798675)
(3.875894256e-07 1.193207466e-19 -0.002116833173)
(4.006181828e-07 1.2988213e-19 -0.002116868666)
(4.119901573e-07 1.36099835e-19 -0.002116905023)
(4.216894463e-07 1.384152723e-19 -0.002116942125)
(4.296951441e-07 1.382228998e-19 -0.002116979856)
(4.359972137e-07 1.351673292e-19 -0.002117018106)
(4.405985359e-07 1.30047003e-19 -0.002117056772)
(4.434937725e-07 1.234506813e-19 -0.002117095754)
(4.446599921e-07 1.154670562e-19 -0.002117134954)
(4.440913108e-07 1.057657883e-19 -0.002117174278)
(4.418105806e-07 1.176507275e-19 -0.002117213638)
(4.378397402e-07 1.277588129e-19 -0.002117252947)
(4.321906583e-07 1.474515263e-19 -0.002117292122)
(4.249095028e-07 1.662514929e-19 -0.00211733108)
(4.160759296e-07 1.751384511e-19 -0.00211736974)
(4.057579988e-07 1.836476647e-19 -0.002117408019)
(3.940128772e-07 1.918531253e-19 -0.002117445828)
(3.808982062e-07 1.998226584e-19 -0.002117483072)
(3.665039065e-07 2.078958059e-19 -0.002117519652)
(3.509311273e-07 2.162388551e-19 -0.002117555466)
(3.342505518e-07 2.253331579e-19 -0.002117590399)
(3.165003105e-07 2.36174983e-19 -0.00211762432)
(2.977345756e-07 2.357302088e-19 -0.002117657091)
(2.780343421e-07 2.371822641e-19 -0.002117688566)
(2.574585233e-07 2.398823301e-19 -0.002117718586)
(2.360384227e-07 2.435335265e-19 -0.002117746975)
(2.138204929e-07 2.48000452e-19 -0.002117773549)
(1.908752643e-07 2.532331461e-19 -0.002117798113)
(1.672548878e-07 2.592363684e-19 -0.002117820458)
(1.429898996e-07 2.661475874e-19 -0.002117840362)
(1.181260532e-07 2.685936994e-19 -0.002117857592)
(9.271349205e-08 2.720056671e-19 -0.002117871906)
(6.678384186e-08 2.71366293e-19 -0.00211788305)
(4.051199487e-08 2.720047087e-19 -0.002117890754)
(1.441248993e-08 2.698622883e-19 -0.002117894744)
(2.062883022e-08 2.238038883e-20 -0.002117884227)
(5.386788373e-08 -1.673307489e-20 -0.002117887239)
(8.501005036e-08 -1.213454481e-19 -0.002117893734)
(1.165976044e-07 1.671755591e-19 -0.002117903345)
(1.474063819e-07 3.794514549e-19 -0.002117915835)
(1.770946855e-07 3.126825369e-19 -0.002117931003)
(2.055534576e-07 2.801065314e-19 -0.002117948659)
(2.327111234e-07 2.566712151e-19 -0.002117968626)
(2.584904145e-07 2.341095321e-19 -0.002117990729)
(2.828272543e-07 1.904057906e-19 -0.002118014802)
(3.056655557e-07 1.357431535e-19 -0.002118040683)
(3.269531214e-07 1.269397647e-19 -0.002118068219)
(3.466491004e-07 1.060180215e-19 -0.002118097262)
(3.647193854e-07 1.267154609e-19 -0.00211812767)
(3.81138589e-07 1.393713889e-19 -0.002118159311)
(3.958850261e-07 1.466296779e-19 -0.002118192056)
(4.089299294e-07 1.499335428e-19 -0.002118225782)
(4.202548105e-07 1.501434513e-19 -0.002118260373)
(4.29849117e-07 1.477645018e-19 -0.002118295718)
(4.376910253e-07 1.438010477e-19 -0.002118331711)
(4.437754595e-07 1.374989693e-19 -0.002118368252)
(4.481059891e-07 1.287666843e-19 -0.002118405247)
(4.506588095e-07 1.174038231e-19 -0.0021184426)
(4.514209053e-07 1.162824817e-19 -0.002118480219)
(4.50415934e-07 1.145083448e-19 -0.00211851802)
(4.476757965e-07 1.197813907e-19 -0.002118555923)
(4.432224939e-07 1.257911195e-19 -0.002118593849)
(4.370875643e-07 1.432938758e-19 -0.002118631717)
(4.293412331e-07 1.603076298e-19 -0.002118669451)
(4.200669985e-07 1.782320062e-19 -0.002118706973)
(4.093306104e-07 1.961254828e-19 -0.002118744201)
(3.971819534e-07 2.056519133e-19 -0.002118781043)
(3.837010944e-07 2.073781275e-19 -0.002118817405)
(3.689968811e-07 2.097699954e-19 -0.002118853191)
(3.53148539e-07 2.128135274e-19 -0.002118888291)
(3.361931517e-07 2.162414853e-19 -0.002118922584)
(3.181767051e-07 2.198467085e-19 -0.002118955933)
(2.991819033e-07 2.235641414e-19 -0.002118988202)
(2.792771916e-07 2.276235756e-19 -0.002119019238)
(2.584955345e-07 2.319974723e-19 -0.002119048874)
(2.3687792e-07 2.36661053e-19 -0.00211907693)
(2.144962538e-07 2.415961766e-19 -0.00211910322)
(1.914110536e-07 2.467801275e-19 -0.002119127544)
(1.676534391e-07 2.464533476e-19 -0.002119149687)
(1.43268036e-07 2.460087946e-19 -0.002119169424)
(1.183192109e-07 2.453246646e-19 -0.002119186521)
(9.283105499e-08 2.44337465e-19 -0.002119200732)
(6.683124305e-08 2.42951956e-19 -0.002119211796)
(4.052591167e-08 2.423900831e-19 -0.00211921945)
(1.441042296e-08 2.399365805e-19 -0.002119223415)
(2.110807961e-08 7.685398261e-20 -0.00211922157)
(5.511329734e-08 1.499118341e-19 -0.002119224408)
(8.695835682e-08 1.935991297e-19 -0.002119230542)
(1.192402655e-07 2.338422494e-19 -0.002119239624)
(1.507004962e-07 2.709673372e-19 -0.002119251435)
(1.809934161e-07 3.034801912e-19 -0.002119265788)
(2.100050423e-07 3.428520663e-19 -0.002119282509)
(2.37656441e-07 3.957475791e-19 -0.002119301432)
(2.638728538e-07 3.742372733e-19 -0.002119322393)
(2.885857607e-07 3.764151224e-19 -0.00211934524)
(3.117391125e-07 3.970208937e-19 -0.002119369823)
(3.332869688e-07 3.532880916e-19 -0.002119396002)
(3.531917438e-07 3.276912086e-19 -0.002119423641)
(3.714166418e-07 2.880109679e-19 -0.002119452612)
(3.879330175e-07 2.600626593e-19 -0.002119482789)
(4.0271588e-07 2.402434144e-19 -0.002119514056)
(4.157377488e-07 2.258891886e-19 -0.002119546295)
(4.269867274e-07 2.1520148e-19 -0.002119579403)
(4.364481876e-07 2.048639133e-19 -0.00211961328)
(4.441051884e-07 2.007515346e-19 -0.002119647825)
(4.499545199e-07 1.9616454e-19 -0.002119682946)
(4.539891366e-07 1.924773918e-19 -0.002119718555)
(4.561825451e-07 1.871680415e-19 -0.002119754564)
(4.565470465e-07 1.841916861e-19 -0.002119790888)
(4.551314149e-07 1.756073463e-19 -0.002119827454)
(4.519700316e-07 1.775077468e-19 -0.002119864187)
(4.470826397e-07 1.755410242e-19 -0.002119901009)
(4.40525408e-07 1.707228357e-19 -0.002119937847)
(4.323926765e-07 1.651162719e-19 -0.002119974629)
(4.227598754e-07 1.687945474e-19 -0.002120011276)
(4.116758427e-07 1.719958267e-19 -0.002120047704)
(3.992088857e-07 1.720711571e-19 -0.002120083821)
(3.854681677e-07 1.739263724e-19 -0.002120119536)
(3.705420154e-07 1.721890648e-19 -0.002120154748)
(3.544698893e-07 1.827349882e-19 -0.002120189339)
(3.372924779e-07 1.909507796e-19 -0.00212022318)
(3.190914148e-07 1.899543061e-19 -0.00212025614)
(2.999420993e-07 1.869051876e-19 -0.002120288073)
(2.798800653e-07 1.947346253e-19 -0.00212031882)
(2.589429711e-07 2.010339135e-19 -0.002120348208)
(2.372031096e-07 2.066105033e-19 -0.002120376057)
(2.147279954e-07 2.121429206e-19 -0.002120402176)
(1.915492292e-07 2.168255316e-19 -0.002120426358)
(1.677078529e-07 2.247973364e-19 -0.002120448383)
(1.432741966e-07 2.26422668e-19 -0.002120468026)
(1.182893272e-07 2.285609541e-19 -0.002120485049)
(9.276698749e-08 2.312379485e-19 -0.0021204992)
(6.676847434e-08 2.345198019e-19 -0.002120510222)
(4.048681013e-08 2.33574462e-19 -0.002120517847)
(1.438925754e-08 2.364688992e-19 -0.002120521793)
(2.149881803e-08 2.127353691e-19 -0.002120521169)
(5.612849411e-08 5.306790717e-19 -0.002120523863)
(8.854752623e-08 5.148382784e-19 -0.002120529696)
(1.213985665e-07 3.442644379e-19 -0.002120538337)
(1.533943236e-07 2.567366849e-19 -0.002120549579)
(1.841829427e-07 2.169055002e-19 -0.002120563244)
(2.136462163e-07 2.025557498e-19 -0.002120579171)
(2.416978054e-07 2.042551947e-19 -0.002120597205)
(2.682655187e-07 2.196844085e-19 -0.002120617195)
(2.932841159e-07 2.514672675e-19 -0.002120639002)
(3.166985209e-07 2.973896386e-19 -0.002120662487)
(3.384594517e-07 2.940634996e-19 -0.002120687519)
(3.585263971e-07 3.039488535e-19 -0.002120713973)
(3.768602076e-07 2.75983799e-19 -0.00212074173)
(3.934299556e-07 2.565903454e-19 -0.002120770674)
(4.082052405e-07 2.447507992e-19 -0.002120800697)
(4.211666593e-07 2.383227393e-19 -0.002120831693)
(4.323147374e-07 2.36183623e-19 -0.002120863566)
(4.416183184e-07 2.190949196e-19 -0.002120896224)
(4.490577544e-07 2.231259084e-19 -0.002120929572)
(4.546382222e-07 2.290736109e-19 -0.002120963524)
(4.583514942e-07 2.367947886e-19 -0.002120997998)
(4.601895781e-07 2.463233735e-19 -0.002121032912)
(4.601853604e-07 2.430422019e-19 -0.002121068194)
(4.583932205e-07 2.386403752e-19 -0.002121103776)
(4.548427614e-07 2.359806915e-19 -0.002121139585)
(4.495752821e-07 2.298610761e-19 -0.002121175546)
(4.426764532e-07 2.075716092e-19 -0.002121211594)
(4.342343456e-07 2.021330567e-19 -0.002121247657)
(4.243023962e-07 1.941783277e-19 -0.002121283653)
(4.129400766e-07 1.843003018e-19 -0.002121319495)
(4.002528856e-07 1.824994644e-19 -0.002121355097)
(3.863372233e-07 1.885326879e-19 -0.002121390363)
(3.712348497e-07 1.931639569e-19 -0.002121425184)
(3.54982394e-07 1.947909012e-19 -0.002121459435)
(3.376593997e-07 1.962014143e-19 -0.002121492989)
(3.193465043e-07 1.95523378e-19 -0.002121525711)
(3.000822698e-07 1.943761663e-19 -0.002121557446)
(2.799025763e-07 1.899106165e-19 -0.002121588028)
(2.58879486e-07 1.830422019e-19 -0.002121617285)
(2.370851656e-07 1.66002727e-19 -0.002121645033)
(2.145527352e-07 1.564456991e-19 -0.002121671073)
(1.913212201e-07 1.540921158e-19 -0.002121695191)
(1.674629e-07 1.531789664e-19 -0.00212171717)
(1.430263991e-07 1.582249913e-19 -0.00212173678)
(1.180375338e-07 1.651621381e-19 -0.002121753775)
(9.254254566e-08 1.699821024e-19 -0.002121767906)
(6.659280452e-08 1.728886031e-19 -0.002121778914)
(4.03571272e-08 1.748808947e-19 -0.002121786527)
(1.432911357e-08 1.760923481e-19 -0.002121790466)
(2.181674275e-08 2.264759816e-20 -0.002121784809)
(5.695381359e-08 5.526829887e-21 -0.002121787379)
(8.983820407e-08 -3.754718884e-20 -0.002121792954)
(1.231491817e-07 -9.523026911e-20 -0.002121801219)
(1.555734994e-07 -1.678436267e-19 -0.002121811976)
(1.867507919e-07 -1.11691122e-19 -0.002121825057)
(2.165712345e-07 -9.672436896e-20 -0.00212184031)
(2.449494789e-07 -1.184491696e-19 -0.002121857594)
(2.718081067e-07 -8.779833665e-20 -0.002121876769)
(2.970757424e-07 -2.869349858e-20 -0.0021218977)
(3.206857096e-07 -1.036458244e-20 -0.002121920262)
(3.425959184e-07 4.557282541e-20 -0.002121944328)
(3.627698798e-07 7.542804787e-20 -0.002121969786)
(3.811609986e-07 1.143095895e-19 -0.002121996522)
(3.977385448e-07 1.393759329e-19 -0.002122024431)
(4.124708736e-07 1.555709232e-19 -0.002122053417)
(4.253447029e-07 1.658654339e-19 -0.002122083381)
(4.363619931e-07 1.719694071e-19 -0.002122114235)
(4.454730416e-07 1.774948492e-19 -0.002122145885)
(4.526625479e-07 1.984315081e-19 -0.002122178248)
(4.579557988e-07 2.171020104e-19 -0.002122211245)
(4.613398314e-07 2.34208569e-19 -0.002122244801)
(4.628288188e-07 2.502570976e-19 -0.00212227884)
(4.624845047e-07 2.658891151e-19 -0.0021223133)
(4.603518168e-07 2.811949711e-19 -0.002122348114)
(4.56457878e-07 2.766381949e-19 -0.002122383212)
(4.508768597e-07 2.724327077e-19 -0.002122418527)
(4.4370885e-07 2.693827956e-19 -0.002122453993)
(4.35013015e-07 2.66386261e-19 -0.002122489535)
(4.248419964e-07 2.643528579e-19 -0.002122525071)
(4.132941122e-07 2.634795322e-19 -0.002122560516)
(4.004709308e-07 2.641316665e-19 -0.002122595783)
(3.864188901e-07 2.666993367e-19 -0.002122630767)
(3.711733481e-07 2.718330931e-19 -0.002122665349)
(3.548095253e-07 2.626861847e-19 -0.002122699408)
(3.37410137e-07 2.556006338e-19 -0.002122732814)
(3.19018259e-07 2.583014003e-19 -0.002122765422)
(2.996699658e-07 2.626548205e-19 -0.002122797071)
(2.794365215e-07 2.540057614e-19 -0.002122827596)
(2.583920344e-07 2.463435324e-19 -0.00212285682)
(2.365720053e-07 2.409403906e-19 -0.002122884551)
(2.140154976e-07 2.316225188e-19 -0.002122910584)
(1.907964912e-07 2.220765276e-19 -0.002122934708)
(1.669655594e-07 2.163754016e-19 -0.0021229567)
(1.425527355e-07 2.173268256e-19 -0.002122976322)
(1.176165216e-07 2.160062819e-19 -0.002122993332)
(9.219560967e-08 2.131919627e-19 -0.002123007478)
(6.631917202e-08 2.086656628e-19 -0.002123018496)
(4.017779118e-08 2.075425449e-19 -0.002123026116)
(1.425911521e-08 2.057570279e-19 -0.002123030059)
(2.206491114e-08 -2.886912047e-20 -0.002123014086)
(5.760101322e-08 -1.366554018e-19 -0.002123016547)
(9.08564859e-08 -2.57440505e-19 -0.002123021901)
(1.245356978e-07 -1.536486501e-19 -0.002123029845)
(1.573047113e-07 -1.304702223e-19 -0.00212304019)
(1.887970799e-07 -1.540400083e-20 -0.00212305278)
(2.189081647e-07 4.962378366e-20 -0.002123067469)
(2.475473443e-07 8.834407454e-20 -0.002123084126)
(2.746205299e-07 1.03888986e-19 -0.002123102616)
(3.000644988e-07 1.184517774e-19 -0.002123122811)
(3.238090242e-07 1.291577197e-19 -0.002123144597)
(3.458109651e-07 1.409994447e-19 -0.002123167856)
(3.660286006e-07 1.51526045e-19 -0.002123192483)
(3.844195511e-07 1.601933783e-19 -0.002123218371)
(4.009688667e-07 1.660729822e-19 -0.002123245427)
(4.15632458e-07 1.687558408e-19 -0.002123273557)
(4.283853401e-07 1.67860146e-19 -0.002123302673)
(4.392126272e-07 1.628697541e-19 -0.002123332688)
(4.480820906e-07 1.914763554e-19 -0.002123363512)
(4.550074196e-07 2.191247848e-19 -0.002123395076)
(4.600035461e-07 2.424005636e-19 -0.002123427308)
(4.630644082e-07 2.649646047e-19 -0.002123460133)
(4.642370733e-07 2.879006043e-19 -0.002123493492)
(4.635920688e-07 2.974265238e-19 -0.002123527322)
(4.611546904e-07 3.088783965e-19 -0.002123561558)
(4.569769191e-07 3.086275707e-19 -0.002123596132)
(4.511587178e-07 3.115618778e-19 -0.002123630985)
(4.437746929e-07 3.189702112e-19 -0.002123666047)
(4.348751647e-07 3.089441375e-19 -0.002123701239)
(4.245468851e-07 3.033480442e-19 -0.002123736482)
(4.128926127e-07 3.004698525e-19 -0.002123771692)
(3.999659858e-07 2.992674871e-19 -0.00212380677)
(3.858016214e-07 2.98999222e-19 -0.002123841604)
(3.704711605e-07 2.993297752e-19 -0.002123876077)
(3.540590224e-07 2.999290024e-19 -0.002123910068)
(3.366112336e-07 3.011033278e-19 -0.002123943436)
(3.181641111e-07 3.03120444e-19 -0.002123976028)
(2.987893564e-07 3.060605201e-19 -0.002124007686)
(2.785619723e-07 3.102688999e-19 -0.00212403824)
(2.575191371e-07 3.165949507e-19 -0.002124067504)
(2.357014919e-07 3.339550041e-19 -0.002124095282)
(2.131849231e-07 3.425329475e-19 -0.002124121369)
(1.900201022e-07 3.427618134e-19 -0.00212414555)
(1.662375247e-07 3.462824779e-19 -0.002124167595)
(1.419017595e-07 3.46880549e-19 -0.002124187267)
(1.170630443e-07 3.4451155e-19 -0.002124204321)
(9.173790581e-08 3.458027077e-19 -0.002124218501)
(6.598019706e-08 3.462783356e-19 -0.002124229544)
(3.997664363e-08 3.456095409e-19 -0.002124237182)
(1.418397143e-08 3.455178723e-19 -0.002124241131)
(2.225457026e-08 1.866958146e-19 -0.002124210499)
(5.809607121e-08 4.836147766e-19 -0.002124212872)
(9.164494991e-08 4.497685307e-19 -0.002124218039)
(1.25620009e-07 5.290038022e-19 -0.002124225711)
(1.586612201e-07 6.704756756e-19 -0.00212423571)
(1.903986111e-07 5.342797423e-19 -0.002124247885)
(2.207304699e-07 4.857372221e-19 -0.002124262099)
(2.495597546e-07 5.028583781e-19 -0.002124278221)
(2.767758234e-07 4.842596731e-19 -0.002124296131)
(3.023301435e-07 3.774155137e-19 -0.002124315706)
(3.261573672e-07 3.187596637e-19 -0.00212433684)
(3.482023985e-07 2.858095804e-19 -0.002124359426)
(3.684165147e-07 2.675159865e-19 -0.002124383365)
(3.867674611e-07 2.58648136e-19 -0.002124408559)
(4.03233207e-07 2.563483713e-19 -0.002124434919)
(4.177654018e-07 2.587909788e-19 -0.002124462348)
(4.30346959e-07 2.646713476e-19 -0.002124490768)
(4.40943102e-07 2.767020234e-19 -0.002124520098)
(4.495517172e-07 2.873413693e-19 -0.002124550262)
(4.56210767e-07 2.831201167e-19 -0.002124581194)
(4.609081768e-07 2.801855598e-19 -0.002124612827)
(4.636682716e-07 2.777035832e-19 -0.002124645095)
(4.645684783e-07 2.74998128e-19 -0.002124677945)
(4.636475895e-07 2.744462189e-19 -0.002124711314)
(4.609432217e-07 2.735312526e-19 -0.002124745135)
(4.565467111e-07 2.72116575e-19 -0.002124779353)
(4.505466128e-07 2.703967666e-19 -0.002124813903)
(4.42990949e-07 2.683917538e-19 -0.002124848712)
(4.339549288e-07 2.662851689e-19 -0.002124883702)
(4.235422455e-07 2.774543717e-19 -0.002124918795)
(4.11812873e-07 2.896248807e-19 -0.002124953898)
(3.988005158e-07 3.029930288e-19 -0.002124988905)
(3.845740728e-07 3.081670407e-19 -0.002125023705)
(3.692194631e-07 3.151387266e-19 -0.002125058181)
(3.527841741e-07 3.137293267e-19 -0.0021250922)
(3.353047583e-07 3.142465792e-19 -0.002125125616)
(3.168545676e-07 3.170346183e-19 -0.002125158276)
(2.975084649e-07 3.139255257e-19 -0.00212519002)
(2.773046173e-07 3.128275842e-19 -0.002125220667)
(2.562867263e-07 3.135609727e-19 -0.002125250029)
(2.345325308e-07 3.160072728e-19 -0.002125277908)
(2.120912344e-07 3.199137111e-19 -0.002125304097)
(1.889937124e-07 3.253144518e-19 -0.002125328371)
(1.653085834e-07 3.253838747e-19 -0.002125350502)
(1.410891272e-07 3.271002956e-19 -0.002125370252)
(1.163630137e-07 3.242758265e-19 -0.002125387371)
(9.117366165e-08 3.151913224e-19 -0.002125401603)
(6.556945354e-08 3.123330379e-19 -0.002125412685)
(3.971219853e-08 3.076187349e-19 -0.002125420345)
(1.407870065e-08 3.091815648e-19 -0.002125424304)
(2.240058064e-08 1.004995104e-19 -0.002125375432)
(5.847016044e-08 2.070575755e-19 -0.002125377734)
(9.222804792e-08 3.618662252e-19 -0.00212538275)
(1.264239921e-07 5.235386451e-19 -0.002125390194)
(1.596745491e-07 5.052543958e-19 -0.002125399899)
(1.915914685e-07 3.759734371e-19 -0.002125411726)
(2.220644404e-07 2.965712255e-19 -0.00212542554)
(2.510106167e-07 2.385540586e-19 -0.002125441211)
(2.783203444e-07 2.789907232e-19 -0.002125458633)
(3.039344377e-07 2.920383098e-19 -0.002125477693)
(3.277879093e-07 2.722943406e-19 -0.002125498288)
(3.498286069e-07 2.606406273e-19 -0.002125520318)
(3.70006977e-07 2.560464821e-19 -0.002125543689)
(3.882795009e-07 2.578446641e-19 -0.00212556831)
(4.045997923e-07 2.676525296e-19 -0.002125594093)
(4.189382523e-07 2.871649234e-19 -0.002125620951)
(4.312984227e-07 2.928569916e-19 -0.00212564881)
(4.41647447e-07 3.106641631e-19 -0.002125677594)
(4.499996059e-07 3.206332676e-19 -0.002125707241)
(4.563774726e-07 3.253735683e-19 -0.002125737689)
(4.607861916e-07 3.096760737e-19 -0.00212576887)
(4.632875408e-07 2.882184699e-19 -0.002125800732)
(4.639418235e-07 2.580443216e-19 -0.002125833221)
(4.6277446e-07 2.490624934e-19 -0.002125866271)
(4.598643516e-07 2.428690302e-19 -0.002125899827)
(4.553127546e-07 2.383226164e-19 -0.002125933832)
(4.491666665e-07 2.346201749e-19 -0.002125968214)
(4.414894692e-07 2.311228685e-19 -0.002126002899)
(4.323854612e-07 2.274061082e-19 -0.002126037816)
(4.219202116e-07 2.341446005e-19 -0.002126072876)
(4.101262281e-07 2.409503096e-19 -0.002126107977)
(3.97070379e-07 2.362068086e-19 -0.002126143016)
(3.828398856e-07 2.353004656e-19 -0.002126177881)
(3.674822526e-07 2.334464208e-19 -0.002126212445)
(3.510342624e-07 2.321759676e-19 -0.002126246569)
(3.335721274e-07 2.310397054e-19 -0.002126280108)
(3.151695408e-07 2.299816606e-19 -0.002126312906)
(2.958649927e-07 2.298058254e-19 -0.002126344793)
(2.757065973e-07 2.295729866e-19 -0.002126375585)
(2.547731523e-07 2.290972577e-19 -0.002126405094)
(2.331113755e-07 2.28222694e-19 -0.002126433118)
(2.107535931e-07 2.268029215e-19 -0.002126459439)
(1.877734018e-07 2.246832301e-19 -0.002126483839)
(1.642223537e-07 2.216873266e-19 -0.002126506084)
(1.401308882e-07 2.19504044e-19 -0.002126525931)
(1.155584323e-07 2.136780155e-19 -0.002126543132)
(9.053913138e-08 2.050654345e-19 -0.00212655743)
(6.509904354e-08 1.974947101e-19 -0.00212656856)
(3.942284335e-08 1.958906088e-19 -0.002126576251)
(1.397336283e-08 1.9333827e-19 -0.002126580226)
(2.251092913e-08 1.652324133e-19 -0.002126510142)
(5.8749515e-08 -1.48217952e-19 -0.002126512385)
(9.264421232e-08 -8.69515937e-21 -0.00212651728)
(1.269809499e-07 8.306916718e-20 -0.00212652454)
(1.603764731e-07 -5.145507272e-20 -0.002126534)
(1.924168644e-07 -7.965506966e-21 -0.002126545534)
(2.229654838e-07 -8.80651645e-21 -0.002126559016)
(2.51964014e-07 -2.1439863e-20 -0.002126574321)
(2.793149447e-07 -2.068485883e-20 -0.002126591346)
(3.049355901e-07 4.255020098e-20 -0.002126609989)
(3.287673807e-07 8.4209811e-20 -0.002126630145)
(3.507461612e-07 1.125653055e-19 -0.002126651724)
(3.708206288e-07 1.329870315e-19 -0.002126674629)
(3.889496331e-07 1.128976089e-19 -0.002126698779)
(4.050858613e-07 8.872419731e-20 -0.002126724088)
(4.192162185e-07 8.64414343e-20 -0.002126750486)
(4.31327157e-07 8.053543186e-20 -0.002126777902)
(4.414113966e-07 6.806285825e-20 -0.002126806265)
(4.49508391e-07 9.142762712e-20 -0.002126835522)
(4.556129994e-07 1.097585374e-19 -0.002126865609)
(4.597645728e-07 1.259894428e-19 -0.002126896471)
(4.620440445e-07 1.405006064e-19 -0.002126928059)
(4.62475102e-07 1.523377884e-19 -0.002126960313)
(4.611140246e-07 1.630094301e-19 -0.002126993174)
(4.580640788e-07 1.723390411e-19 -0.002127026592)
(4.533824027e-07 1.801451578e-19 -0.0021270605)
(4.471245875e-07 1.867332612e-19 -0.002127094826)
(4.393912853e-07 1.922298621e-19 -0.002127129502)
(4.302522011e-07 1.949385427e-19 -0.002127164447)
(4.19738475e-07 1.824305878e-19 -0.002127199564)
(4.079156019e-07 1.647141099e-19 -0.002127234752)
(3.948719589e-07 1.482140059e-19 -0.002127269909)
(3.806537e-07 1.491750286e-19 -0.002127304913)
(3.652977674e-07 1.474224953e-19 -0.00212733963)
(3.488844064e-07 1.445567218e-19 -0.002127373924)
(3.314851521e-07 1.383819308e-19 -0.002127407645)
(3.131382455e-07 1.372524599e-19 -0.002127440629)
(2.938971801e-07 1.412994496e-19 -0.002127472701)
(2.738388995e-07 1.50075245e-19 -0.002127503679)
(2.530089572e-07 1.556771209e-19 -0.002127533369)
(2.314442844e-07 1.584140746e-19 -0.00212756156)
(2.092226368e-07 1.585382369e-19 -0.00212758804)
(1.86392316e-07 1.563911393e-19 -0.002127612585)
(1.629820862e-07 1.528597986e-19 -0.002127634956)
(1.390617199e-07 1.468733712e-19 -0.002127654912)
(1.146745202e-07 1.484179762e-19 -0.002127672205)
(8.983172643e-08 1.55517949e-19 -0.002127686573)
(6.458942592e-08 1.60663244e-19 -0.002127697753)
(3.911923038e-08 1.638792352e-19 -0.002127705476)
(1.38611824e-08 1.625406988e-19 -0.002127709464)
(2.258423982e-08 -1.251424011e-19 -0.002127615824)
(5.893620052e-08 -4.012955144e-19 -0.002127618016)
(9.291868972e-08 -3.167954507e-19 -0.002127622807)
(1.273188954e-07 -3.460358512e-19 -0.00212762992)
(1.607790592e-07 -1.833675366e-19 -0.002127639182)
(1.92885635e-07 -8.766103392e-20 -0.00212765047)
(2.234697403e-07 -2.491070171e-20 -0.002127663676)
(2.524745389e-07 2.787812394e-20 -0.002127678685)
(2.798162036e-07 -2.924967796e-20 -0.002127695385)
(3.053870152e-07 -3.487278532e-20 -0.002127713686)
(3.291345016e-07 -7.261355353e-21 -0.002127733482)
(3.509865752e-07 7.826064602e-21 -0.00212775469)
(3.70894175e-07 1.384397126e-20 -0.002127777219)
(3.888217374e-07 1.598950951e-20 -0.002127800994)
(4.047359626e-07 1.071158342e-20 -0.002127825934)
(4.186336959e-07 -2.490027523e-21 -0.00212785198)
(4.304881718e-07 5.452092044e-21 -0.002127879059)
(4.403223494e-07 2.181153042e-21 -0.002127907117)
(4.48159072e-07 -8.665966987e-21 -0.002127936098)
(4.540135325e-07 -1.360170018e-20 -0.002127965941)
(4.579590615e-07 6.110815969e-21 -0.002127996604)
(4.600322976e-07 3.342501089e-20 -0.002128028029)
(4.602717642e-07 7.116989197e-20 -0.002128060159)
(4.587766183e-07 1.037238673e-19 -0.002128092944)
(4.556143808e-07 1.334466734e-19 -0.002128126325)
(4.508328993e-07 1.469910581e-19 -0.002128160235)
(4.445279948e-07 1.60254626e-19 -0.002128194606)
(4.367733214e-07 1.738143998e-19 -0.002128229364)
(4.275983669e-07 1.88318228e-19 -0.002128264416)
(4.170673163e-07 1.786690654e-19 -0.002128299668)
(4.052677573e-07 1.697375598e-19 -0.002128335021)
(3.9224535e-07 1.745614927e-19 -0.00212837036)
(3.780391907e-07 1.761693286e-19 -0.002128405557)
(3.627327713e-07 1.799027721e-19 -0.002128440484)
(3.463940225e-07 1.849460578e-19 -0.002128474998)
(3.290603738e-07 1.906665457e-19 -0.002128508941)
(3.107921566e-07 1.948718545e-19 -0.002128542146)
(2.916634652e-07 1.975482118e-19 -0.002128574439)
(2.717182053e-07 2.018042237e-19 -0.00212860563)
(2.509985845e-07 2.042043705e-19 -0.00212863552)
(2.295831463e-07 2.064301257e-19 -0.002128663902)
(2.075197716e-07 2.085118384e-19 -0.002128690557)
(1.848386879e-07 2.123452538e-19 -0.002128715256)
(1.616124547e-07 2.128781871e-19 -0.002128737764)
(1.378873807e-07 2.155058192e-19 -0.002128757838)
(1.13685157e-07 2.175815532e-19 -0.002128775224)
(8.904996109e-08 2.205312412e-19 -0.002128789665)
(6.402249472e-08 2.242124452e-19 -0.002128800898)
(3.875892292e-08 2.243498196e-19 -0.002128808652)
(1.372352713e-08 2.26414614e-19 -0.002128812653)
(2.261815437e-08 -1.572566664e-19 -0.002128693591)
(5.902217281e-08 1.036140952e-19 -0.00212869574)
(9.304521092e-08 -6.307987077e-20 -0.002128700446)
(1.274600075e-07 -2.034796803e-19 -0.002128707439)
(1.609046382e-07 -9.542780505e-20 -0.002128716552)
(1.930077388e-07 -3.578943942e-20 -0.00212872765)
(2.235920461e-07 -9.79545264e-21 -0.002128740634)
(2.525454088e-07 1.089310612e-19 -0.002128755401)
(2.798069489e-07 8.875102309e-20 -0.002128771837)
(3.052728512e-07 6.823204657e-20 -0.002128789853)
(3.288790694e-07 4.605992563e-20 -0.002128809356)
(3.50562135e-07 2.03480713e-20 -0.002128830259)
(3.702755992e-07 -5.731000638e-21 -0.002128852489)
(3.87981037e-07 4.757870983e-20 -0.002128875968)
(4.03656829e-07 4.668058559e-20 -0.00212890063)
(4.172945778e-07 4.786558551e-20 -0.002128926413)
(4.288905061e-07 7.989732375e-20 -0.002128953253)
(4.384813655e-07 1.128141912e-19 -0.002128981106)
(4.460685742e-07 9.944753979e-20 -0.002129009909)
(4.517092041e-07 8.92518492e-20 -0.002129039615)
(4.554600927e-07 8.207393604e-20 -0.002129070178)
(4.573442918e-07 7.589751473e-20 -0.002129101536)
(4.574502972e-07 8.716504262e-20 -0.002129133643)
(4.558569351e-07 9.677779653e-20 -0.002129166447)
(4.52606592e-07 1.044103868e-19 -0.002129199881)
(4.477854887e-07 1.123922766e-19 -0.002129233883)
(4.414676849e-07 1.182937457e-19 -0.002129268382)
(4.336844194e-07 1.21956986e-19 -0.002129303289)
(4.244992882e-07 1.219707247e-19 -0.002129338516)
(4.139977429e-07 1.427403207e-19 -0.00212937397)
(4.022248676e-07 1.609758471e-19 -0.00212940954)
(3.892227514e-07 1.788317723e-19 -0.002129445107)
(3.750781138e-07 1.853902632e-19 -0.002129480548)
(3.598541864e-07 1.929717311e-19 -0.002129515728)
(3.435869216e-07 2.130734878e-19 -0.002129550493)
(3.263448443e-07 2.355893739e-19 -0.002129584687)
(3.081980971e-07 2.508019885e-19 -0.002129618141)
(2.891886361e-07 2.587413527e-19 -0.002129650674)
(2.693672986e-07 2.610638975e-19 -0.002129682093)
(2.488093214e-07 2.600618067e-19 -0.002129712199)
(2.275602525e-07 2.553665532e-19 -0.002129740781)
(2.056551846e-07 2.530610773e-19 -0.002129767616)
(1.831672214e-07 2.520609621e-19 -0.002129792476)
(1.601443835e-07 2.510922416e-19 -0.002129815124)
(1.366131248e-07 2.512294333e-19 -0.002129835314)
(1.126276073e-07 2.493248526e-19 -0.002129852794)
(8.82171597e-08 2.451552582e-19 -0.002129867308)
(6.341172572e-08 2.425957445e-19 -0.002129878592)
(3.838790637e-08 2.361538866e-19 -0.002129886378)
(1.359049385e-08 2.340755444e-19 -0.002129890393)
(2.261724292e-08 -8.356345685e-20 -0.002129744536)
(5.90172912e-08 -2.996701901e-19 -0.002129746646)
(9.303401871e-08 -1.541972553e-19 -0.002129751276)
(1.274320457e-07 -1.041362506e-19 -0.002129758166)
(1.608177909e-07 -1.351968172e-19 -0.002129767155)
(1.928383288e-07 -2.220317775e-20 -0.002129778109)
(2.233496037e-07 5.012881639e-20 -0.002129790913)
(2.522008224e-07 9.082457937e-20 -0.002129805477)
(2.793174055e-07 1.206527199e-19 -0.0021298217)
(3.046232536e-07 1.574637559e-19 -0.002129839484)
(3.280295985e-07 1.55870739e-19 -0.002129858754)
(3.494950344e-07 1.229482706e-19 -0.00212987942)
(3.689722173e-07 1.016667748e-19 -0.002129901422)
(3.864277918e-07 1.058895016e-19 -0.00212992468)
(4.018518269e-07 1.195119233e-19 -0.002129949144)
(4.152304528e-07 1.321196333e-19 -0.002129974745)
(4.265932556e-07 1.359074335e-19 -0.002130001438)
(4.359492715e-07 1.37247696e-19 -0.002130029167)
(4.433231392e-07 1.339825245e-19 -0.002130057882)
(4.487824067e-07 1.261222888e-19 -0.002130087541)
(4.523500837e-07 1.337747986e-19 -0.002130118085)
(4.540987093e-07 1.363859701e-19 -0.002130149466)
(4.541147026e-07 1.322733823e-19 -0.002130181638)
(4.524393558e-07 1.239227965e-19 -0.002130214538)
(4.491480707e-07 1.113282572e-19 -0.002130248103)
(4.443140286e-07 1.110053641e-19 -0.002130282269)
(4.379705388e-07 1.062727365e-19 -0.002130316952)
(4.301806851e-07 1.117796439e-19 -0.002130352067)
(4.210269851e-07 1.118408263e-19 -0.002130387526)
(4.105537231e-07 1.231520776e-19 -0.002130423226)
(3.988079946e-07 1.298027524e-19 -0.002130459053)
(3.858781364e-07 1.336544723e-19 -0.00213049489)
(3.718196229e-07 1.464959174e-19 -0.002130530609)
(3.566681393e-07 1.575756074e-19 -0.002130566064)
(3.405021597e-07 1.676764368e-19 -0.002130601105)
(3.233867127e-07 1.770468081e-19 -0.002130635572)
(3.053609572e-07 1.85842391e-19 -0.002130669289)
(2.864858427e-07 1.848694064e-19 -0.002130702072)
(2.668321053e-07 1.929604194e-19 -0.002130733729)
(2.464427854e-07 1.982979991e-19 -0.002130764057)
(2.253619413e-07 2.009656387e-19 -0.002130792839)
(2.036590961e-07 1.946693469e-19 -0.002130819855)
(1.813808384e-07 1.910827408e-19 -0.002130844877)
(1.585607761e-07 1.876854268e-19 -0.002130867662)
(1.352536843e-07 1.841974036e-19 -0.002130887966)
(1.114986569e-07 1.785640791e-19 -0.002130905538)
(8.731978706e-08 1.733586794e-19 -0.002130920121)
(6.276207691e-08 1.693123237e-19 -0.002130931453)
(3.798790751e-08 1.651636482e-19 -0.002130939269)
(1.344178944e-08 1.5763474e-19 -0.002130943298)
(2.25687532e-08 -9.429558403e-20 -0.002130769706)
(5.88937352e-08 -4.211249914e-19 -0.002130771781)
(9.285389198e-08 -7.280366872e-20 -0.002130776339)
(1.271923968e-07 2.866829093e-20 -0.002130783123)
(1.604911337e-07 6.979596326e-20 -0.002130791988)
(1.923698597e-07 9.467111138e-20 -0.002130802809)
(2.227222504e-07 1.315103774e-19 -0.002130815461)
(2.514223446e-07 5.152794534e-20 -0.00213082985)
(2.783428568e-07 4.93596686e-20 -0.002130845895)
(3.034361451e-07 5.298888222e-20 -0.002130863498)
(3.266161408e-07 8.797226333e-20 -0.002130882585)
(3.478409284e-07 1.338806656e-19 -0.002130903081)
(3.670642731e-07 1.759927304e-19 -0.002130924918)
(3.842632766e-07 1.644247797e-19 -0.002130948035)
(3.99430928e-07 2.191351195e-19 -0.002130972373)
(4.125632814e-07 2.442280871e-19 -0.002130997877)
(4.236897897e-07 2.43169419e-19 -0.002131024501)
(4.328202909e-07 2.500584284e-19 -0.002131052187)
(4.40014788e-07 2.657075801e-19 -0.002131080898)
(4.453015656e-07 2.900610757e-19 -0.002131110581)
(4.487303684e-07 2.983234224e-19 -0.002131141185)
(4.503912912e-07 2.92880809e-19 -0.002131172667)
(4.503296728e-07 2.763352432e-19 -0.002131204969)
(4.486094926e-07 2.492961294e-19 -0.00213123803)
(4.453025284e-07 2.29352092e-19 -0.002131271789)
(4.404439689e-07 2.160417245e-19 -0.002131306166)
(4.340960659e-07 2.07136312e-19 -0.002131341081)
(4.263378339e-07 2.055953982e-19 -0.002131376453)
(4.172126238e-07 2.092226166e-19 -0.002131412181)
(4.067726961e-07 1.930554824e-19 -0.00213144816)
(3.951027693e-07 1.817029693e-19 -0.00213148428)
(3.822538297e-07 1.726364071e-19 -0.002131520416)
(3.682667633e-07 1.638278757e-19 -0.002131556429)
(3.532267882e-07 1.547919214e-19 -0.002131592179)
(3.371917922e-07 1.449460348e-19 -0.002131627512)
(3.201974265e-07 1.337693412e-19 -0.002131662258)
(3.023164792e-07 1.209722141e-19 -0.002131696244)
(2.836141002e-07 1.187936896e-19 -0.002131729284)
(2.641301904e-07 1.125538625e-19 -0.002131761181)
(2.439201273e-07 1.109891638e-19 -0.002131791728)
(2.230477922e-07 1.177856418e-19 -0.002131820712)
(2.015573925e-07 1.191453058e-19 -0.002131847908)
(1.794939496e-07 1.214313849e-19 -0.002131873084)
(1.569066216e-07 1.187571421e-19 -0.002131896002)
(1.338344486e-07 1.129988914e-19 -0.002131916416)
(1.103224853e-07 1.108795661e-19 -0.002131934074)
(8.639864239e-08 1.098500691e-19 -0.002131948722)
(6.209650947e-08 1.075995172e-19 -0.0021319601)
(3.75877153e-08 1.084583741e-19 -0.002131967943)
(1.329920704e-08 1.098763613e-19 -0.002131971985)
(2.248225886e-08 1.642092925e-19 -0.002131769927)
(5.86616588e-08 4.249673063e-19 -0.002131771982)
(9.247540698e-08 2.669896296e-19 -0.002131776491)
(1.266806061e-07 2.413490057e-19 -0.002131783193)
(1.59855498e-07 2.896033058e-19 -0.002131791944)
(1.915738624e-07 1.872806215e-19 -0.002131802641)
(2.217107752e-07 1.312242301e-19 -0.002131815173)
(2.502001038e-07 8.642402716e-20 -0.00213182943)
(2.769088518e-07 3.920677154e-20 -0.002131845334)
(3.017520981e-07 3.638373374e-20 -0.002131862806)
(3.246833285e-07 6.440068957e-20 -0.002131881762)
(3.456402858e-07 1.207989995e-19 -0.002131902145)
(3.645975903e-07 1.648079186e-19 -0.002131923878)
(3.815366375e-07 1.63458911e-19 -0.002131946916)
(3.964483269e-07 1.588651917e-19 -0.002131971192)
(4.093504205e-07 1.79144456e-19 -0.002131996669)
(4.20247417e-07 1.937690788e-19 -0.002132023289)
(4.291903576e-07 2.061489521e-19 -0.002132051009)
(4.362174233e-07 2.184621047e-19 -0.002132079781)
(4.41353716e-07 2.322393821e-19 -0.002132109554)
(4.446906586e-07 2.285634146e-19 -0.002132140288)
(4.462775124e-07 2.265078779e-19 -0.002132171928)
(4.461652014e-07 2.2841287e-19 -0.002132204416)
(4.444241196e-07 2.165561245e-19 -0.002132237692)
(4.410914998e-07 2.073393205e-19 -0.002132271683)
(4.362282491e-07 2.004304876e-19 -0.002132306312)
(4.299093157e-07 1.958042362e-19 -0.002132341502)
(4.221768697e-07 1.927276439e-19 -0.002132377159)
(4.130886973e-07 1.911443241e-19 -0.002132413184)
(4.027246184e-07 1.901790851e-19 -0.002132449471)
(3.911315218e-07 1.899481551e-19 -0.002132485902)
(3.783552228e-07 1.90461687e-19 -0.002132522346)
(3.644827452e-07 1.784386725e-19 -0.00213255867)
(3.495699697e-07 1.666958934e-19 -0.002132594726)
(3.336534044e-07 1.549613962e-19 -0.002132630353)
(3.168129467e-07 1.429827518e-19 -0.002132665383)
(2.991072905e-07 1.305476574e-19 -0.002132699641)
(2.805736688e-07 1.285061599e-19 -0.002132732934)
(2.612797439e-07 1.167185517e-19 -0.002132765064)
(2.412824747e-07 1.03719501e-19 -0.002132795826)
(2.206225492e-07 9.818924312e-20 -0.002132825002)
(1.993576533e-07 9.840039476e-20 -0.002132852366)
(1.775319596e-07 9.876956423e-20 -0.002132877688)
(1.551802988e-07 9.450849529e-20 -0.002132900728)
(1.323565488e-07 9.122789506e-20 -0.00213292124)
(1.090996306e-07 9.125815974e-20 -0.002132938975)
(8.543197601e-08 9.02501006e-20 -0.002132953677)
(6.140296985e-08 9.181614519e-20 -0.002132965092)
(3.716927745e-08 9.204519761e-20 -0.002132972956)
(1.314692294e-08 9.761875915e-20 -0.002132977005)
(2.237619452e-08 8.105048587e-20 -0.002132745955)
(5.837239701e-08 2.562415257e-19 -0.002132747997)
(9.197913918e-08 8.498544114e-20 -0.002132752484)
(1.259543927e-07 8.724834376e-20 -0.002132759151)
(1.589189612e-07 1.273616176e-19 -0.002132767839)
(1.904506227e-07 1.722936702e-19 -0.002132778446)
(2.203624274e-07 2.258334731e-19 -0.002132790885)
(2.48579532e-07 2.991211142e-19 -0.002132805057)
(2.750315332e-07 2.755721594e-19 -0.002132820866)
(2.996049866e-07 2.940067903e-19 -0.002132838251)
(3.222628329e-07 2.78794461e-19 -0.002132857132)
(3.429468337e-07 2.429744634e-19 -0.002132877449)
(3.616314143e-07 2.218571299e-19 -0.002132899142)
(3.783083972e-07 2.068148029e-19 -0.002132922156)
(3.929823783e-07 1.952092796e-19 -0.002132946441)
(4.056649736e-07 1.803568049e-19 -0.002132971947)
(4.16368119e-07 1.6473903e-19 -0.002132998625)
(4.251372524e-07 1.462386536e-19 -0.002133026436)
(4.319979043e-07 1.229582423e-19 -0.002133055321)
(4.37034699e-07 9.366344164e-20 -0.002133085247)
(4.402985279e-07 8.397854127e-20 -0.002133116163)
(4.41824809e-07 9.266819452e-20 -0.002133148008)
(4.416828289e-07 9.702441641e-20 -0.002133180727)
(4.399121988e-07 1.146795169e-19 -0.002133214251)
(4.365716637e-07 1.300063649e-19 -0.002133248509)
(4.317315852e-07 1.421695482e-19 -0.002133283426)
(4.254327541e-07 1.502177701e-19 -0.002133318912)
(4.177386381e-07 1.587000914e-19 -0.002133354876)
(4.087232476e-07 1.645679174e-19 -0.002133391218)
(3.984298231e-07 1.705090823e-19 -0.002133427825)
(3.869136935e-07 1.773851542e-19 -0.002133464573)
(3.742563725e-07 1.866893977e-19 -0.002133501337)
(3.605090645e-07 1.752252526e-19 -0.002133537976)
(3.457144182e-07 1.661798246e-19 -0.002133574335)
(3.299523133e-07 1.583439425e-19 -0.002133610255)
(3.132817412e-07 1.512305492e-19 -0.002133645567)
(2.957424446e-07 1.448300344e-19 -0.002133680086)
(2.774018253e-07 1.372008699e-19 -0.002133713623)
(2.583160314e-07 1.351154829e-19 -0.002133745978)
(2.385288476e-07 1.2404234e-19 -0.002133776941)
(2.180988168e-07 1.189981236e-19 -0.002133806295)
(1.970700954e-07 1.144945851e-19 -0.002133833815)
(1.754796718e-07 1.101630175e-19 -0.002133859267)
(1.533810457e-07 1.104550542e-19 -0.002133882413)
(1.308172323e-07 1.108390209e-19 -0.002133903011)
(1.078219229e-07 1.112953532e-19 -0.00213392081)
(8.443173067e-08 1.118096426e-19 -0.00213393556)
(6.068539977e-08 1.123507377e-19 -0.002133947005)
(3.673315922e-08 1.127702906e-19 -0.002133954886)
(1.298923937e-08 1.130603044e-19 -0.00213395894)
(2.223839557e-08 4.190687846e-20 -0.002133698733)
(5.801013977e-08 5.725297526e-20 -0.002133700752)
(9.1395995e-08 4.975715392e-20 -0.002133705206)
(1.251067506e-07 4.912272529e-20 -0.002133711843)
(1.577692145e-07 3.549184276e-20 -0.002133720503)
(1.890158044e-07 1.095283203e-19 -0.002133731065)
(2.186758994e-07 1.651969785e-19 -0.002133743439)
(2.466072983e-07 2.087216274e-19 -0.002133757554)
(2.727536018e-07 2.739382671e-19 -0.002133773319)
(2.970473243e-07 2.866169448e-19 -0.00213379066)
(3.194099962e-07 2.199999922e-19 -0.00213380952)
(3.398188154e-07 2.172233942e-19 -0.002133829824)
(3.582421141e-07 2.172880041e-19 -0.002133851529)
(3.746727626e-07 2.189833271e-19 -0.002133874574)
(3.891154125e-07 2.242400206e-19 -0.002133898918)
(4.015782048e-07 1.999874533e-19 -0.002133924502)
(4.120973696e-07 1.801045623e-19 -0.00213395129)
(4.206970601e-07 1.629122939e-19 -0.002133979232)
(4.274522463e-07 1.472224821e-19 -0.002134008289)
(4.324146921e-07 1.322697699e-19 -0.002134038415)
(4.356038235e-07 1.192027625e-19 -0.002134069548)
(4.370884055e-07 1.077235354e-19 -0.002134101636)
(4.369107033e-07 9.645823771e-20 -0.002134134614)
(4.351260536e-07 1.056016991e-19 -0.002134168415)
(4.317997497e-07 1.136353856e-19 -0.002134202967)
(4.269710838e-07 1.205747767e-19 -0.002134238186)
(4.207091983e-07 1.265716068e-19 -0.002134273986)
(4.130814786e-07 1.31251772e-19 -0.002134310273)
(4.04127142e-07 1.351102385e-19 -0.002134346937)
(3.939123036e-07 1.379956476e-19 -0.002134383866)
(3.825112404e-07 1.398717108e-19 -0.002134420937)
(3.699701828e-07 1.406893758e-19 -0.002134458018)
(3.563437879e-07 1.420390419e-19 -0.002134494962)
(3.417055722e-07 1.423844516e-19 -0.002134531617)
(3.261099837e-07 1.417394856e-19 -0.00213456782)
(3.096053872e-07 1.401075722e-19 -0.002134603397)
(2.922576166e-07 1.378653406e-19 -0.002134638165)
(2.741218486e-07 1.354634939e-19 -0.00213467193)
(2.552457104e-07 1.332991203e-19 -0.002134704492)
(2.356877183e-07 1.351422365e-19 -0.00213473564)
(2.154933245e-07 1.31193648e-19 -0.002134765157)
(1.94702601e-07 1.292176252e-19 -0.002134792815)
(1.733663351e-07 1.265042462e-19 -0.002134818383)
(1.515284859e-07 1.278857713e-19 -0.002134841623)
(1.292338705e-07 1.283586973e-19 -0.002134862293)
(1.065225588e-07 1.276614755e-19 -0.002134880146)
(8.341726632e-08 1.299508647e-19 -0.002134894933)
(5.995581266e-08 1.356833488e-19 -0.0021349064)
(3.628984567e-08 1.365306248e-19 -0.002134914291)
(1.282905054e-08 1.403148303e-19 -0.002134918349)
(2.204503214e-08 3.697556159e-20 -0.002134629135)
(5.750995724e-08 4.201763055e-20 -0.002134631134)
(9.062922611e-08 3.368094254e-20 -0.00213463555)
(1.24074761e-07 2.208965477e-19 -0.002134642135)
(1.564354802e-07 2.575092676e-19 -0.002134650751)
(1.873359603e-07 1.7958086e-19 -0.00213466129)
(2.166675697e-07 1.180456304e-19 -0.00213467364)
(2.443107013e-07 5.36057191e-20 -0.002134687722)
(2.701472346e-07 1.035576045e-19 -0.002134703475)
(2.941374268e-07 1.320333927e-19 -0.002134720815)
(3.162084755e-07 1.629170889e-19 -0.002134739683)
(3.3632657e-07 1.753798629e-19 -0.002134760025)
(3.544823772e-07 1.956889464e-19 -0.002134781781)
(3.706644486e-07 1.822008963e-19 -0.002134804907)
(3.84875151e-07 1.731128591e-19 -0.002134829348)
(3.971409768e-07 1.653145265e-19 -0.002134855064)
(4.074950689e-07 1.59048623e-19 -0.002134882007)
(4.159842741e-07 1.573397582e-19 -0.002134910137)
(4.226551823e-07 1.604744056e-19 -0.002134939409)
(4.275237117e-07 1.435018252e-19 -0.002134969761)
(4.306564877e-07 1.325678216e-19 -0.002135001145)
(4.320976061e-07 1.263371538e-19 -0.002135033499)
(4.318972006e-07 1.229977485e-19 -0.00213506676)
(4.301151472e-07 1.215385348e-19 -0.00213510086)
(4.267892835e-07 1.202239512e-19 -0.002135135718)
(4.219942069e-07 1.176333368e-19 -0.002135171255)
(4.157898521e-07 1.12454358e-19 -0.00213520738)
(4.08210893e-07 1.190788046e-19 -0.00213524399)
(3.993350208e-07 1.225729616e-19 -0.00213528098)
(3.892283007e-07 1.233763379e-19 -0.002135318234)
(3.779314257e-07 1.214512685e-19 -0.002135355623)
(3.655140322e-07 1.159394005e-19 -0.002135393011)
(3.52039888e-07 1.328342654e-19 -0.002135430253)
(3.375569384e-07 1.472439351e-19 -0.002135467193)
(3.221317959e-07 1.614727762e-19 -0.002135503664)
(3.058210108e-07 1.647415658e-19 -0.002135539491)
(2.886718586e-07 1.685916181e-19 -0.00213557449)
(2.707505868e-07 1.722347713e-19 -0.002135608465)
(2.521084011e-07 1.755932633e-19 -0.002135641215)
(2.327835731e-07 1.858722579e-19 -0.002135672529)
(2.128313549e-07 1.86407001e-19 -0.002135702187)
(1.922972843e-07 1.879288591e-19 -0.002135729965)
(1.71219639e-07 1.876804841e-19 -0.00213575563)
(1.496492573e-07 1.929928381e-19 -0.002135778947)
(1.276308196e-07 1.968004877e-19 -0.002135799674)
(1.051992057e-07 1.969223454e-19 -0.002135817568)
(8.237957978e-08 1.891645861e-19 -0.002135832379)
(5.920753379e-08 1.901173438e-19 -0.002135843858)
(3.583576732e-08 1.874756021e-19 -0.002135851753)
(1.266573519e-08 1.844222171e-19 -0.00213585581)
(2.182065988e-08 5.274317479e-20 -0.002135537806)
(5.691924672e-08 9.003202432e-20 -0.002135539808)
(8.968552634e-08 1.33083516e-19 -0.002135544225)
(1.227893027e-07 1.410635165e-19 -0.002135550795)
(1.548510354e-07 1.93578745e-19 -0.002135559383)
(1.854413378e-07 1.184098641e-19 -0.002135569899)
(2.144128881e-07 7.133799112e-20 -0.002135582253)
(2.417116023e-07 3.216336796e-20 -0.002135596349)
(2.67234817e-07 -1.436198957e-21 -0.002135612116)
(2.908979946e-07 1.496651367e-20 -0.002135629496)
(3.126790136e-07 1.210633816e-19 -0.002135648415)
(3.3252474e-07 6.356561903e-20 -0.002135668829)
(3.504261551e-07 3.980694064e-20 -0.002135690679)
(3.663759393e-07 7.396572231e-20 -0.00213571392)
(3.803851522e-07 9.159483445e-20 -0.002135738501)
(3.924809027e-07 9.859986396e-20 -0.002135764385)
(4.026932863e-07 6.254017656e-20 -0.002135791521)
(4.110707266e-07 7.100351205e-20 -0.002135819869)
(4.176274464e-07 6.560298561e-20 -0.002135849369)
(4.224227035e-07 5.937845105e-20 -0.002135879974)
(4.255021879e-07 6.813093632e-20 -0.002135911628)
(4.269088201e-07 9.416873254e-20 -0.002135944267)
(4.266967663e-07 1.152407742e-19 -0.002135977828)
(4.249023673e-07 1.329127728e-19 -0.002136012233)
(4.216055397e-07 1.481449827e-19 -0.002136047408)
(4.168583648e-07 1.614599906e-19 -0.002136083269)
(4.106894656e-07 1.740069032e-19 -0.002136119716)
(4.031849665e-07 1.667960235e-19 -0.00213615665)
(3.944066375e-07 1.593734785e-19 -0.002136193963)
(3.843920123e-07 1.516321725e-19 -0.002136231531)
(3.73217687e-07 1.433717618e-19 -0.002136269226)
(3.609424896e-07 1.492272827e-19 -0.002136306911)
(3.476116758e-07 1.553161791e-19 -0.002136344435)
(3.333000961e-07 1.615224729e-19 -0.002136381641)
(3.180609917e-07 1.678345544e-19 -0.002136418362)
(3.019381306e-07 1.757938655e-19 -0.002136454418)
(2.850035074e-07 1.798258749e-19 -0.002136489625)
(2.673088216e-07 1.785785668e-19 -0.002136523789)
(2.488920228e-07 1.805678274e-19 -0.002136556704)
(2.298094259e-07 1.826352684e-19 -0.002136588159)
(2.101078565e-07 1.869968171e-19 -0.002136617937)
(1.898277904e-07 1.910132019e-19 -0.002136645811)
(1.690187618e-07 1.947916858e-19 -0.002136671553)
(1.477264945e-07 1.929106996e-19 -0.002136694927)
(1.259929171e-07 1.906645829e-19 -0.002136715694)
(1.038506387e-07 1.899491341e-19 -0.002136733612)
(8.132226271e-08 1.845393671e-19 -0.002136748436)
(5.844858909e-08 1.742214754e-19 -0.002136759919)
(3.537722978e-08 1.71093864e-19 -0.002136767813)
(1.250137027e-08 1.63633315e-19 -0.002136771867)
(2.15958691e-08 -9.207836282e-20 -0.00213642543)
(5.632201227e-08 4.333747824e-20 -0.002136427436)
(8.870898919e-08 1.096542034e-19 -0.002136431869)
(1.214052633e-07 -7.43797262e-20 -0.002136438473)
(1.530657462e-07 -1.132731059e-19 -0.002136447095)
(1.833085794e-07 -5.924112398e-20 -0.002136457627)
(2.119543083e-07 -4.627497224e-20 -0.00213647)
(2.388961258e-07 -6.559930771e-20 -0.00213648414)
(2.640884584e-07 -4.277602336e-20 -0.002136499963)
(2.874428426e-07 -5.477864997e-20 -0.00213651741)
(3.089087622e-07 -2.71518161e-20 -0.002136536426)
(3.284780319e-07 3.018930722e-20 -0.002136556945)
(3.461210667e-07 5.929252522e-20 -0.002136578926)
(3.618418291e-07 7.787385622e-20 -0.002136602311)
(3.756567923e-07 8.892788538e-20 -0.002136627066)
(3.875905921e-07 9.588704426e-20 -0.002136653139)
(3.976794343e-07 9.176065028e-20 -0.002136680492)
(4.059372301e-07 8.304720338e-20 -0.002136709069)
(4.124111424e-07 6.191631391e-20 -0.002136738821)
(4.171458171e-07 9.010295231e-20 -0.002136769696)
(4.201790037e-07 1.076450081e-19 -0.002136801632)
(4.215602141e-07 1.349400268e-19 -0.002136834567)
(4.213232988e-07 1.592911938e-19 -0.002136868428)
(4.195469191e-07 1.803434156e-19 -0.002136903146)
(4.162818779e-07 1.995856289e-19 -0.002136938639)
(4.115559114e-07 1.989447078e-19 -0.002136974813)
(4.054526124e-07 1.982942255e-19 -0.002137011575)
(3.980337283e-07 1.964497457e-19 -0.002137048825)
(3.893375946e-07 1.946932107e-19 -0.002137086443)
(3.794381616e-07 1.927698765e-19 -0.00213712431)
(3.683945735e-07 1.929397329e-19 -0.002137162296)
(3.562533482e-07 1.860719945e-19 -0.002137200255)
(3.430881416e-07 1.804316263e-19 -0.002137238041)
(3.289540602e-07 1.728005448e-19 -0.002137275492)
(3.138951561e-07 1.621970226e-19 -0.002137312438)
(2.979819442e-07 1.639104756e-19 -0.002137348701)
(2.812694958e-07 1.587286841e-19 -0.002137384094)
(2.637972946e-07 1.624366297e-19 -0.002137418421)
(2.45619666e-07 1.624982247e-19 -0.002137451477)
(2.267859371e-07 1.662309846e-19 -0.002137483052)
(2.073409766e-07 1.739530527e-19 -0.002137512926)
(1.873300968e-07 1.804265222e-19 -0.002137540877)
(1.66797245e-07 1.859136663e-19 -0.002137566676)
(1.457892297e-07 1.906150523e-19 -0.00213759009)
(1.243427096e-07 1.900787104e-19 -0.002137610882)
(1.024899517e-07 1.93680227e-19 -0.002137628811)
(8.025981942e-08 1.914946477e-19 -0.002137643635)
(5.768989822e-08 1.882509429e-19 -0.002137655112)
(3.49218571e-08 1.904957255e-19 -0.002137662999)
(1.233847423e-08 1.954611923e-19 -0.002137667047)
(2.133591859e-08 1.157411059e-19 -0.002137292883)
(5.564999076e-08 2.738854274e-19 -0.002137294883)
(8.767534134e-08 1.590062182e-19 -0.002137299312)
(1.199906214e-07 1.005298704e-19 -0.002137305921)
(1.512251956e-07 8.93709522e-20 -0.002137314572)
(1.810347619e-07 1.055882508e-19 -0.00213732516)
(2.093060753e-07 1.31859756e-19 -0.002137337584)
(2.359080793e-07 1.606201268e-19 -0.002137351779)
(2.607449988e-07 1.796206478e-19 -0.002137367682)
(2.837862393e-07 1.347770422e-19 -0.002137385218)
(3.049632355e-07 9.236710302e-20 -0.002137404339)
(3.24248308e-07 1.757870217e-19 -0.002137424991)
(3.416384713e-07 2.268108916e-19 -0.00213744712)
(3.571418182e-07 1.692705256e-19 -0.002137470686)
(3.707764615e-07 1.702385072e-19 -0.002137495639)
(3.825635153e-07 1.806250189e-19 -0.002137521936)
(3.925223162e-07 2.393981066e-19 -0.002137549526)
(4.00680487e-07 2.525642521e-19 -0.002137578358)
(4.070765106e-07 2.542866501e-19 -0.002137608381)
(4.117455622e-07 2.711234046e-19 -0.002137639535)
(4.147337203e-07 2.716159723e-19 -0.00213767176)
(4.160724266e-07 2.596452442e-19 -0.002137704988)
(4.158371105e-07 2.543997642e-19 -0.002137739152)
(4.140775393e-07 2.560949996e-19 -0.002137774178)
(4.108201463e-07 2.441868354e-19 -0.002137809975)
(4.061445137e-07 2.338527945e-19 -0.002137846456)
(4.001137209e-07 2.272644119e-19 -0.002137883526)
(3.927701994e-07 2.197022924e-19 -0.002137921074)
(3.841796076e-07 2.288613644e-19 -0.002137958985)
(3.743985681e-07 2.37613442e-19 -0.002137997136)
(3.634841227e-07 2.466126898e-19 -0.00213803539)
(3.515021668e-07 2.399429477e-19 -0.002138073607)
(3.385049256e-07 2.333987463e-19 -0.002138111633)
(3.245486806e-07 2.265126309e-19 -0.002138149305)
(3.096951533e-07 2.193220086e-19 -0.002138186453)
(2.93996307e-07 2.121273015e-19 -0.002138222898)
(2.775047217e-07 2.057939812e-19 -0.002138258452)
(2.602684901e-07 2.085706914e-19 -0.002138292916)
(2.423331252e-07 2.141632679e-19 -0.002138326089)
(2.237495162e-07 2.154075957e-19 -0.002138357757)
(2.045633498e-07 2.160080966e-19 -0.002138387705)
(1.848201622e-07 2.16223226e-19 -0.002138415709)
(1.645671408e-07 2.163249893e-19 -0.002138441543)
(1.438428566e-07 2.166994543e-19 -0.002138464977)
(1.226827977e-07 2.16165191e-19 -0.002138485774)
(1.011237585e-07 2.24365513e-19 -0.002138503697)
(7.919505079e-08 2.371798253e-19 -0.00213851851)
(5.69295363e-08 2.483143916e-19 -0.002138529973)
(3.446368058e-08 2.535347687e-19 -0.002138537845)
(1.217521643e-08 2.488539531e-19 -0.002138541883)
(2.104868136e-08 2.090494963e-19 -0.002138140818)
(5.489691836e-08 9.556256595e-20 -0.002138142831)
(8.64822768e-08 4.572519623e-20 -0.002138147279)
(1.183803678e-07 -1.023426642e-20 -0.002138153901)
(1.492518942e-07 8.732994595e-20 -0.00213816257)
(1.786816987e-07 1.761917133e-19 -0.002138173197)
(2.065362161e-07 2.780798781e-19 -0.002138185692)
(2.327630424e-07 4.121250361e-19 -0.002138199969)
(2.572633105e-07 3.6475413e-19 -0.002138215964)
(2.799632578e-07 3.089408252e-19 -0.002138233618)
(3.008484953e-07 2.365100445e-19 -0.002138252865)
(3.1987543e-07 1.982776034e-19 -0.002138273665)
(3.370406756e-07 1.743789756e-19 -0.00213829597)
(3.52353901e-07 2.043088263e-19 -0.002138319734)
(3.658234544e-07 1.909819139e-19 -0.002138344907)
(3.774617456e-07 1.851668384e-19 -0.002138371439)
(3.872910759e-07 1.8751142e-19 -0.002138399278)
(3.953440196e-07 1.95138762e-19 -0.002138428372)
(4.016499473e-07 2.338079525e-19 -0.002138458664)
(4.062514021e-07 2.439516161e-19 -0.002138490097)
(4.091775085e-07 2.576536445e-19 -0.002138522604)
(4.104984256e-07 2.47508251e-19 -0.002138556125)
(4.102633041e-07 2.393249444e-19 -0.002138590588)
(4.085026742e-07 2.306401355e-19 -0.002138625909)
(4.0528421e-07 2.224085701e-19 -0.002138662004)
(4.006662481e-07 2.342534954e-19 -0.002138698784)
(3.947072099e-07 2.447884306e-19 -0.002138736144)
(3.874597524e-07 2.511894188e-19 -0.002138773976)
(3.789708688e-07 2.59055342e-19 -0.002138812161)
(3.693125634e-07 2.640807697e-19 -0.002138850572)
(3.585450852e-07 2.690002185e-19 -0.002138889075)
(3.467167798e-07 2.738134387e-19 -0.002138927522)
(3.338891395e-07 2.803977197e-19 -0.00213896576)
(3.20121707e-07 2.769276436e-19 -0.002139003627)
(3.054689576e-07 2.764206118e-19 -0.00213904095)
(2.899846227e-07 2.784571489e-19 -0.002139077548)
(2.737161494e-07 2.83204125e-19 -0.002139113232)
(2.567117024e-07 2.843046084e-19 -0.002139147805)
(2.390211934e-07 2.861004016e-19 -0.002139181064)
(2.206911417e-07 2.782687917e-19 -0.002139212799)
(2.017687649e-07 2.664145175e-19 -0.002139242794)
(1.82301117e-07 2.555239241e-19 -0.002139270828)
(1.623297822e-07 2.449827657e-19 -0.002139296676)
(1.418893588e-07 2.39448132e-19 -0.002139320109)
(1.210188635e-07 2.349313775e-19 -0.002139340895)
(9.976037632e-08 2.408213725e-19 -0.002139358799)
(7.813550048e-08 2.483836058e-19 -0.002139373589)
(5.617387534e-08 2.558392814e-19 -0.002139385027)
(3.400961733e-08 2.526207206e-19 -0.002139392878)
(1.201231158e-08 2.513986891e-19 -0.002139396904)
(2.077384425e-08 -2.586195694e-20 -0.00213896974)
(5.41693254e-08 -1.601161345e-19 -0.002138971766)
(8.530363884e-08 -5.347364622e-20 -0.00213897625)
(1.167333683e-07 -5.9366515e-21 -0.002138982935)
(1.471520244e-07 1.961587869e-20 -0.002138991676)
(1.761874009e-07 4.664974692e-20 -0.002139002364)
(2.036814939e-07 6.340640471e-20 -0.002139014933)
(2.29529564e-07 6.19421676e-20 -0.00213902931)
(2.536783245e-07 5.098705695e-20 -0.002139045423)
(2.760624729e-07 9.431246243e-20 -0.002139063211)
(2.966425279e-07 1.118281545e-19 -0.002139082624)
(3.154256061e-07 1.144976055e-19 -0.002139103601)
(3.323817946e-07 1.067725668e-19 -0.002139126105)
(3.475071109e-07 1.432986921e-19 -0.00213915008)
(3.608050122e-07 1.268004975e-19 -0.002139175477)
(3.722921569e-07 1.068970917e-19 -0.002139202243)
(3.819955257e-07 1.149994872e-19 -0.002139230329)
(3.899364598e-07 1.123604959e-19 -0.002139259677)
(3.961545967e-07 1.378016232e-19 -0.002139290234)
(4.006774604e-07 1.503888879e-19 -0.002139321936)
(4.035679751e-07 1.829995337e-19 -0.002139354724)
(4.04873915e-07 2.095986849e-19 -0.002139388531)
(4.046305137e-07 2.323082996e-19 -0.002139423279)
(4.028932702e-07 2.258504763e-19 -0.002139458887)
(3.997125681e-07 2.413312172e-19 -0.002139495267)
(3.951534243e-07 2.570095499e-19 -0.002139532325)
(3.892675306e-07 2.734646464e-19 -0.002139569957)
(3.82101314e-07 2.89225611e-19 -0.002139608048)
(3.737247648e-07 2.877072714e-19 -0.00213964648)
(3.641976484e-07 2.886604707e-19 -0.002139685126)
(3.535707834e-07 2.921721351e-19 -0.002139723848)
(3.419029848e-07 2.834013236e-19 -0.002139762497)
(3.29252834e-07 2.7638826e-19 -0.00213980092)
(3.156784979e-07 2.736761363e-19 -0.002139838951)
(3.012329332e-07 2.721309993e-19 -0.002139876418)
(2.859638347e-07 2.721449585e-19 -0.002139913139)
(2.699220009e-07 2.742205894e-19 -0.002139948925)
(2.531557403e-07 2.789660845e-19 -0.002139983579)
(2.357123165e-07 2.742674997e-19 -0.002140016898)
(2.176394042e-07 2.735229789e-19 -0.002140048673)
(1.989846744e-07 2.707794029e-19 -0.00214007869)
(1.797949095e-07 2.691765506e-19 -0.002140106731)
(1.601038798e-07 2.690612484e-19 -0.00214013257)
(1.399482206e-07 2.682566931e-19 -0.002140155982)
(1.193705021e-07 2.691036966e-19 -0.002140176738)
(9.840658696e-08 2.613684716e-19 -0.002140194609)
(7.708259894e-08 2.544351068e-19 -0.002140209362)
(5.542358789e-08 2.500431294e-19 -0.002140220765)
(3.355977787e-08 2.501676916e-19 -0.002140228587)
(1.185361859e-08 2.546644085e-19 -0.002140232595)
(8.411536825e-08 -1.378111652e-20 -0.002139786949)
(1.151254923e-07 -1.258506939e-19 -0.002139793671)
(1.450915059e-07 -1.267961027e-19 -0.00213980247)
(1.736666952e-07 -4.793854588e-20 -0.002139813246)
(2.007522576e-07 -2.1367895e-20 -0.002139825911)
(2.262480413e-07 -1.283630426e-19 -0.002139840394)
(2.500557618e-07 -3.877909118e-20 -0.002139856637)
(2.721342434e-07 9.4380367e-20 -0.00213987458)
(2.92447917e-07 1.220431223e-19 -0.002139894168)
(3.10972005e-07 1.339470829e-19 -0.002139915348)
(3.277053747e-07 1.323232406e-19 -0.002139938056)
(3.426274882e-07 1.210145696e-19 -0.002139962248)
(3.557477059e-07 1.472261562e-19 -0.002139987867)
(3.67084135e-07 1.599247428e-19 -0.00214001487)
(3.766538278e-07 1.516962897e-19 -0.002140043198)
(3.844878222e-07 1.624061093e-19 -0.002140072799)
(3.906123814e-07 1.853135397e-19 -0.002140103614)
(3.950815287e-07 1.956576088e-19 -0.002140135584)
(3.979402857e-07 1.948171273e-19 -0.002140168646)
(3.992261683e-07 2.142894953e-19 -0.002140202726)
(3.989854442e-07 2.288135743e-19 -0.002140237746)
(3.972624683e-07 2.430023617e-19 -0.002140273622)
(3.941246399e-07 2.568702509e-19 -0.002140310266)
(3.896236362e-07 2.708873836e-19 -0.00214034758)
(3.838055996e-07 2.855907446e-19 -0.002140385458)
(3.767363063e-07 2.798920166e-19 -0.002140423786)
(3.684762691e-07 2.736565841e-19 -0.002140462444)
(3.590834975e-07 2.663271045e-19 -0.0021405013)
(3.48608464e-07 2.573481922e-19 -0.002140540215)
(3.371032567e-07 2.493057417e-19 -0.002140579039)
(3.246356768e-07 2.381255851e-19 -0.002140617618)
(3.112580529e-07 2.372867086e-19 -0.002140655786)
(2.970163137e-07 2.323313994e-19 -0.002140693368)
(2.81962792e-07 2.233872084e-19 -0.002140730183)
(2.661466481e-07 2.171835436e-19 -0.002140766042)
(2.496178231e-07 2.179700531e-19 -0.002140800748)
(2.324226393e-07 2.135473627e-19 -0.002140834099)
(2.146083701e-07 2.11726871e-19 -0.002140865889)
(1.96221228e-07 2.221111877e-19 -0.002140895904)
(1.772995926e-07 2.303529114e-19 -0.002140923926)
(1.578847657e-07 2.368960605e-19 -0.002140949736)
(1.380151962e-07 2.364639843e-19 -0.002140973108)
(1.177298264e-07 2.344538707e-19 -0.002140993819)
(9.706476149e-08 2.394466826e-19 -0.002141011641)
(7.603573693e-08 2.376187531e-19 -0.002141026346)
(5.467250491e-08 2.450616168e-19 -0.002141037706)
(3.310352813e-08 2.482401663e-19 -0.002141045494)
(1.168834365e-08 2.474636518e-19 -0.002141049483)
)
;

boundaryField
{
    front_top
    {
        type            wedge;
    }
    front_middle
    {
        type            wedge;
    }
    front_bottom
    {
        type            wedge;
    }
    back_top
    {
        type            wedge;
    }
    back_middle
    {
        type            wedge;
    }
    back_bottom
    {
        type            wedge;
    }
    axis_top
    {
        type            symmetryPlane;
    }
    axis_middle
    {
        type            symmetryPlane;
    }
    axis_bottom
    {
        type            symmetryPlane;
    }
    wall_top
    {
        type            slip;
    }
    wall_middle
    {
        type            noSlip;
    }
    wall_bottom
    {
        type            noSlip;
    }
    inlet
    {
        type            fixedValue;
        value           nonuniform 0();
    }
    outlet
    {
        type            zeroGradient;
    }
    procBoundary9to8
    {
        type            processor;
        value           nonuniform List<vector> 
51
(
(2.047575317e-08 2.113165553e-19 -0.002139780416)
(5.3397499e-08 1.035043863e-19 -0.002139782447)
(5.3397499e-08 1.035043863e-19 -0.002139782447)
(8.284025424e-08 -2.776459601e-20 -0.002140579956)
(1.133853186e-07 -6.533644395e-20 -0.002140586724)
(1.429388019e-07 1.433575826e-19 -0.002140595576)
(1.711305819e-07 1.172944025e-19 -0.002140606428)
(1.978155283e-07 1.082864295e-19 -0.002140619199)
(2.229300584e-07 1.211334875e-19 -0.002140633813)
(2.464276595e-07 1.542707291e-19 -0.002140650198)
(2.682222868e-07 2.04570838e-19 -0.002140668301)
(2.8827e-07 2.241129933e-19 -0.002140688065)
(3.06546191e-07 2.613659242e-19 -0.002140709431)
(3.230387573e-07 2.656977632e-19 -0.002140732343)
(3.377537485e-07 2.846236931e-19 -0.002140756746)
(3.506954696e-07 3.170690287e-19 -0.002140782593)
(3.618763043e-07 3.639560063e-19 -0.002140809828)
(3.713152497e-07 3.468907865e-19 -0.002140838399)
(3.790386422e-07 3.365450563e-19 -0.002140868249)
(3.850892678e-07 3.305391044e-19 -0.00214089932)
(3.89507262e-07 3.303766003e-19 -0.002140931553)
(3.923267739e-07 3.079021518e-19 -0.002140964874)
(3.9359084e-07 2.802484817e-19 -0.002140999212)
(3.933426295e-07 2.577218754e-19 -0.002141034487)
(3.91645262e-07 2.647876578e-19 -0.002141070614)
(3.885503344e-07 2.713882421e-19 -0.002141107503)
(3.841109531e-07 2.76889765e-19 -0.002141145052)
(3.783809018e-07 2.809474415e-19 -0.002141183156)
(3.714119696e-07 2.828075066e-19 -0.002141221697)
(3.632699143e-07 2.81988826e-19 -0.002141260554)
(3.540070733e-07 2.750892505e-19 -0.002141299592)
(3.436751004e-07 2.634161841e-19 -0.00214133867)
(3.323393883e-07 2.65020376e-19 -0.002141377641)
(3.200550445e-07 2.770364125e-19 -0.002141416347)
(3.06869874e-07 2.833007445e-19 -0.00214145462)
(2.928336013e-07 2.883279337e-19 -0.002141492286)
(2.779962218e-07 2.928425119e-19 -0.002141529165)
(2.624057459e-07 2.881809912e-19 -0.002141565067)
(2.461108787e-07 2.744266704e-19 -0.002141599797)
(2.291642393e-07 2.603705171e-19 -0.002141633154)
(2.116096479e-07 2.562181136e-19 -0.002141664933)
(1.934867497e-07 2.497158761e-19 -0.002141694922)
(1.748390049e-07 2.455199069e-19 -0.002141722904)
(1.55703214e-07 2.386077555e-19 -0.002141748663)
(1.361190788e-07 2.338035563e-19 -0.002141771979)
(1.161219994e-07 2.303904362e-19 -0.002141792629)
(9.574192417e-08 2.253953703e-19 -0.002141810389)
(7.500665774e-08 2.258727622e-19 -0.002141825034)
(5.39379482e-08 2.205599762e-19 -0.002141836341)
(3.266304128e-08 2.198169584e-19 -0.002141844089)
(1.153380429e-08 2.199095567e-19 -0.002141848055)
)
;
    }
    procBoundary9to10
    {
        type            processor;
        value           nonuniform List<vector> 
51
(
(1.84878064e-08 -8.48623615e-20 -0.002113626524)
(4.829642996e-08 -3.582532704e-19 -0.002113630221)
(7.628075205e-08 -1.513818068e-19 -0.002113638153)
(1.047648881e-07 -9.578353997e-20 -0.002113649881)
(1.32702757e-07 -9.47179002e-20 -0.002113665125)
(1.598031612e-07 7.570859883e-21 -0.002113683628)
(1.859411805e-07 8.029918603e-20 -0.002113705144)
(2.110457695e-07 1.320893265e-19 -0.00211372944)
(2.350414279e-07 1.707014508e-19 -0.002113756282)
(2.578402708e-07 1.962049958e-19 -0.002113785444)
(2.793709438e-07 2.148193754e-19 -0.002113816718)
(2.995682571e-07 2.318037357e-19 -0.002113849897)
(3.18376136e-07 2.537015175e-19 -0.002113884794)
(3.357623672e-07 2.33384933e-19 -0.002113921229)
(3.516952956e-07 2.226869555e-19 -0.002113959027)
(3.661365487e-07 2.172077509e-19 -0.002113998022)
(3.790646425e-07 2.160140753e-19 -0.002114038053)
(3.904562542e-07 2.176297049e-19 -0.002114078966)
(4.118617776e-07 2.106484284e-19 -0.002115550975)
(4.118617776e-07 2.106484284e-19 -0.002115550975)
(4.200133692e-07 1.959023689e-19 -0.002115590778)
(4.265242472e-07 1.824555238e-19 -0.002115631071)
(4.313865394e-07 1.691238001e-19 -0.002115671743)
(4.345961874e-07 1.686508887e-19 -0.002115712686)
(4.361435081e-07 1.672059753e-19 -0.002115753796)
(4.360199103e-07 1.643914824e-19 -0.00211579497)
(4.342259034e-07 1.716698462e-19 -0.002115836112)
(4.307695117e-07 1.770480517e-19 -0.002115877128)
(4.256616307e-07 1.81363465e-19 -0.002115917929)
(4.189266068e-07 1.837118197e-19 -0.002115958423)
(4.10618442e-07 1.840514745e-19 -0.002115998525)
(4.008035377e-07 1.825103122e-19 -0.00211603815)
(3.895450046e-07 1.880314816e-19 -0.002116077209)
(3.768950091e-07 1.920296801e-19 -0.002116115607)
(3.629214816e-07 2.029411944e-19 -0.002116153245)
(3.477190334e-07 2.05130011e-19 -0.00211619002)
(3.313768961e-07 1.988981783e-19 -0.002116225821)
(3.13959437e-07 1.990271559e-19 -0.002116260527)
(2.955078263e-07 1.977281749e-19 -0.002116294002)
(2.760861561e-07 2.024463969e-19 -0.002116326101)
(2.557719877e-07 2.066230598e-19 -0.002116356671)
(2.346122778e-07 2.103606267e-19 -0.002116385545)
(2.126375244e-07 2.135955196e-19 -0.002116412541)
(1.899018102e-07 2.16329762e-19 -0.002116437466)
(1.664736281e-07 2.185204961e-19 -0.002116460118)
(1.423949671e-07 2.211041055e-19 -0.00211648028)
(1.176918475e-07 2.255145033e-19 -0.00211649772)
(9.240431699e-08 2.247628542e-19 -0.002116512198)
(6.659371412e-08 2.225221075e-19 -0.002116523465)
(4.043208315e-08 2.187239692e-19 -0.002116531253)
(1.440115751e-08 2.221298849e-19 -0.002116535285)
)
;
    }
}


// ************************************************************************* //
