/*--------------------------------*- C++ -*----------------------------------*\
  =========                 |
  \\      /  F ield         | OpenFOAM: The Open Source CFD Toolbox
   \\    /   O peration     | Website:  https://openfoam.org
    \\  /    A nd           | Version:  7
     \\/     M anipulation  |
\*---------------------------------------------------------------------------*/
FoamFile
{
    version     2.0;
    format      ascii;
    class       volVectorField;
    location    "0.0021";
    object      U;
}
// * * * * * * * * * * * * * * * * * * * * * * * * * * * * * * * * * * * * * //

dimensions      [0 1 -1 0 0 0 0];

internalField   nonuniform List<vector> 
1166
(
(2.047546022e-08 1.965690852e-19 -0.002139776169)
(5.339676509e-08 8.967148956e-20 -0.002139778233)
(2.016677688e-08 -3.180286487e-19 -0.002140569109)
(5.259073406e-08 -7.523656691e-20 -0.002140571196)
(8.28415793e-08 1.317963384e-20 -0.002140575782)
(1.133871766e-07 4.091716105e-20 -0.002140582598)
(1.429411956e-07 1.795584011e-19 -0.002140591506)
(1.711335068e-07 1.441060439e-19 -0.002140602425)
(1.978189804e-07 1.218471304e-19 -0.002140615271)
(2.22934033e-07 1.27067595e-19 -0.00214062997)
(2.464321468e-07 1.562868701e-19 -0.00214064645)
(2.682272739e-07 2.133702346e-19 -0.002140664658)
(2.882754709e-07 2.344436945e-19 -0.002140684535)
(3.065521269e-07 2.769626164e-19 -0.002140706025)
(3.230451359e-07 2.855344655e-19 -0.00214072907)
(3.377605426e-07 3.080943495e-19 -0.002140753615)
(3.507026487e-07 3.42880834e-19 -0.002140779612)
(3.618838341e-07 3.90549945e-19 -0.002140807007)
(3.713230911e-07 3.720179226e-19 -0.002140835746)
(3.790467529e-07 3.623609717e-19 -0.002140865771)
(3.850976001e-07 3.563699109e-19 -0.002140897026)
(3.895157646e-07 3.573490192e-19 -0.002140929449)
(3.923353921e-07 3.341107244e-19 -0.002140962968)
(3.935995176e-07 3.118209662e-19 -0.00214099751)
(3.933513083e-07 2.916389066e-19 -0.002141032994)
(3.916538833e-07 2.97942157e-19 -0.002141069337)
(3.885588397e-07 3.037543764e-19 -0.002141106445)
(3.84119285e-07 3.088826932e-19 -0.002141144218)
(3.783890053e-07 3.128567265e-19 -0.002141182548)
(3.71419793e-07 3.147918839e-19 -0.002141221318)
(3.632774099e-07 3.144701408e-19 -0.002141260405)
(3.540141988e-07 3.092917388e-19 -0.002141299675)
(3.436818191e-07 3.011552028e-19 -0.002141338984)
(3.323456698e-07 3.093735628e-19 -0.002141378184)
(3.200608654e-07 3.168536518e-19 -0.002141417118)
(3.068752181e-07 3.221350007e-19 -0.002141455615)
(2.928384596e-07 3.270855513e-19 -0.002141493502)
(2.780005929e-07 3.324856353e-19 -0.002141530595)
(2.624096353e-07 3.302115967e-19 -0.002141566705)
(2.461142986e-07 3.148397493e-19 -0.002141601635)
(2.29167208e-07 3.004404059e-19 -0.002141635184)
(2.116121891e-07 2.921396065e-19 -0.002141667145)
(1.934888919e-07 2.889040821e-19 -0.002141697305)
(1.748407801e-07 2.836928234e-19 -0.002141725447)
(1.557046565e-07 2.758446222e-19 -0.002141751352)
(1.361202246e-07 2.703533408e-19 -0.0021417748)
(1.161228847e-07 2.668065822e-19 -0.002141795567)
(9.574258423e-08 2.651866391e-19 -0.002141813429)
(7.500712582e-08 2.626630105e-19 -0.002141828159)
(5.39382548e-08 2.590897538e-19 -0.002141839534)
(3.266321286e-08 2.591054471e-19 -0.002141847333)
(1.153385724e-08 2.580676372e-19 -0.00214185133)
(1.988347516e-08 -2.829954398e-19 -0.002141344817)
(5.184740681e-08 -1.233484035e-21 -0.00214134692)
(8.165060341e-08 2.020350222e-19 -0.002141351542)
(1.117202157e-07 3.820398372e-19 -0.002141358422)
(1.408098484e-07 3.978882027e-19 -0.002141367422)
(1.685851978e-07 2.079997918e-19 -0.002141378447)
(1.949175278e-07 6.707231297e-20 -0.002141391411)
(2.19693224e-07 3.136841889e-20 -0.002141406249)
(2.428455941e-07 5.671672309e-20 -0.002141422889)
(2.643454504e-07 5.534370731e-20 -0.002141441259)
(2.841244979e-07 1.139041748e-19 -0.002141461307)
(3.021529405e-07 1.596879916e-19 -0.002141482977)
(3.184242591e-07 2.604736779e-19 -0.002141506217)
(3.329406675e-07 3.163320512e-19 -0.002141530972)
(3.457089989e-07 3.386080143e-19 -0.002141557189)
(3.567367389e-07 3.738216251e-19 -0.002141584812)
(3.660453218e-07 4.226892266e-19 -0.002141613785)
(3.736702895e-07 4.48390759e-19 -0.002141644053)
(3.796462761e-07 4.161469572e-19 -0.002141675554)
(3.840027396e-07 3.99222554e-19 -0.002141708221)
(3.867796832e-07 3.940657254e-19 -0.002141741983)
(3.880210684e-07 3.664872081e-19 -0.002141776766)
(3.877823843e-07 3.478217915e-19 -0.002141812488)
(3.861104093e-07 3.365396535e-19 -0.002141849064)
(3.830583966e-07 3.298133653e-19 -0.002141886395)
(3.786792685e-07 3.257483652e-19 -0.002141924381)
(3.730249841e-07 3.234212647e-19 -0.002141962911)
(3.661583123e-07 3.235366401e-19 -0.002142001867)
(3.581328941e-07 3.302155443e-19 -0.002142041125)
(3.489997824e-07 3.462922326e-19 -0.002142080547)
(3.388213702e-07 3.508123109e-19 -0.002142119992)
(3.276561481e-07 3.593729611e-19 -0.002142159311)
(3.15550274e-07 3.769955258e-19 -0.002142198342)
(3.025531326e-07 3.872414396e-19 -0.002142236917)
(2.887197059e-07 3.865077276e-19 -0.00214227486)
(2.740954677e-07 3.826923732e-19 -0.002142311989)
(2.587281585e-07 3.708022595e-19 -0.002142348116)
(2.426731887e-07 3.617987152e-19 -0.002142383044)
(2.259746986e-07 3.615543726e-19 -0.002142416573)
(2.086738843e-07 3.670837483e-19 -0.002142448499)
(1.908073499e-07 3.674521284e-19 -0.002142478609)
(1.724179677e-07 3.691611722e-19 -0.002142506691)
(1.535575818e-07 3.722941939e-19 -0.002142532527)
(1.342555276e-07 3.745915377e-19 -0.0021425559)
(1.145415909e-07 3.70487093e-19 -0.00214257659)
(9.444398619e-08 3.622102547e-19 -0.002142594376)
(7.398388332e-08 3.656184087e-19 -0.002142609037)
(5.320178834e-08 3.632874861e-19 -0.002142620353)
(3.221594446e-08 3.586441493e-19 -0.002142628106)
(1.137186964e-08 3.601937565e-19 -0.002142632078)
(1.957508707e-08 4.585218783e-19 -0.002142103923)
(5.1042893e-08 2.76109729e-19 -0.002142106042)
(8.040278052e-08 2.392048071e-19 -0.002142110696)
(1.100608134e-07 2.508439269e-19 -0.002142117629)
(1.387648383e-07 8.679378438e-20 -0.002142126712)
(1.661421778e-07 9.048165806e-20 -0.002142137841)
(1.920775476e-07 8.264179539e-20 -0.00214215093)
(2.165106379e-07 7.475277194e-20 -0.0021421659)
(2.393436594e-07 5.472818733e-20 -0.002142182686)
(2.605214763e-07 2.111220102e-20 -0.00214220122)
(2.800254627e-07 4.852576454e-20 -0.00214222144)
(2.978124521e-07 6.01407721e-20 -0.002142243294)
(3.138689852e-07 1.100313154e-19 -0.002142266728)
(3.281929887e-07 1.533217837e-19 -0.002142291688)
(3.407848715e-07 1.912044366e-19 -0.002142318116)
(3.51660133e-07 2.221956282e-19 -0.002142345956)
(3.608474992e-07 2.476377664e-19 -0.002142375154)
(3.683753354e-07 2.639438105e-19 -0.002142405651)
(3.742674171e-07 2.7549645e-19 -0.00214243738)
(3.785603778e-07 2.791684108e-19 -0.002142470274)
(3.813013591e-07 2.751122589e-19 -0.002142504262)
(3.825350894e-07 2.932637726e-19 -0.002142539268)
(3.822999292e-07 3.05633852e-19 -0.002142575207)
(3.806509834e-07 3.143804833e-19 -0.00214261199)
(3.776411276e-07 3.207992753e-19 -0.002142649521)
(3.733236624e-07 3.257071369e-19 -0.002142687693)
(3.677560416e-07 3.296713712e-19 -0.002142726398)
(3.609914678e-07 3.332538799e-19 -0.002142765516)
(3.530805837e-07 3.374515511e-19 -0.002142804917)
(3.440826607e-07 3.432102756e-19 -0.002142844467)
(3.340609329e-07 3.499385018e-19 -0.002142884022)
(3.230611647e-07 3.562757863e-19 -0.002142923429)
(3.111303011e-07 3.590564024e-19 -0.002142962529)
(2.983233738e-07 3.601349627e-19 -0.002143001151)
(2.846878583e-07 3.614940837e-19 -0.002143039123)
(2.702740785e-07 3.62587733e-19 -0.002143076261)
(2.551283374e-07 3.68108698e-19 -0.002143112377)
(2.393012219e-07 3.843176015e-19 -0.002143147278)
(2.228471594e-07 3.986951444e-19 -0.002143180763)
(2.057959882e-07 4.033624471e-19 -0.002143212628)
(1.881852413e-07 4.084184457e-19 -0.002143242667)
(1.700614164e-07 4.144255252e-19 -0.002143270668)
(1.514645326e-07 4.218598021e-19 -0.002143296417)
(1.324368242e-07 4.248912317e-19 -0.002143319699)
(1.130011019e-07 4.264848486e-19 -0.002143340298)
(9.318238073e-08 4.301890116e-19 -0.002143357997)
(7.300163506e-08 4.337686761e-19 -0.00214337258)
(5.249288682e-08 4.345823085e-19 -0.002143383831)
(3.179269526e-08 4.343560941e-19 -0.002143391535)
(1.12247603e-08 4.368830513e-19 -0.002143395482)
(1.929251006e-08 2.722593291e-19 -0.002142846823)
(5.029803542e-08 1.938833861e-19 -0.002142848969)
(7.922003334e-08 1.24249285e-19 -0.00214285368)
(1.084397483e-07 6.347028002e-20 -0.002142860694)
(1.367200749e-07 -1.445405967e-20 -0.002142869866)
(1.637194016e-07 4.991985654e-20 -0.00214288109)
(1.893073414e-07 9.686509704e-20 -0.00214289429)
(2.133888931e-07 1.480837707e-19 -0.002142909388)
(2.359008802e-07 1.224097754e-19 -0.002142926312)
(2.567940226e-07 1.038165957e-19 -0.002142945)
(2.760241409e-07 9.955083778e-20 -0.002142965392)
(2.935722548e-07 1.045044503e-19 -0.002142987427)
(3.094140011e-07 5.492594286e-20 -0.002143011052)
(3.235396511e-07 5.73832332e-20 -0.002143036205)
(3.359590065e-07 9.967635454e-20 -0.002143062834)
(3.466932843e-07 1.310405572e-19 -0.002143090882)
(3.557637025e-07 1.597617272e-19 -0.002143120294)
(3.631880032e-07 1.785667063e-19 -0.002143151002)
(3.689977176e-07 2.249848281e-19 -0.002143182943)
(3.732356386e-07 2.612151554e-19 -0.002143216049)
(3.759435787e-07 2.884741517e-19 -0.002143250246)
(3.771582484e-07 3.0405734e-19 -0.002143285455)
(3.769286395e-07 3.155114809e-19 -0.002143321589)
(3.753056659e-07 3.244786653e-19 -0.002143358559)
(3.723410966e-07 3.320121459e-19 -0.002143396265)
(3.680898562e-07 3.388126197e-19 -0.002143434602)
(3.626078477e-07 3.45107453e-19 -0.002143473457)
(3.559423629e-07 3.500672819e-19 -0.002143512708)
(3.481484685e-07 3.483726368e-19 -0.002143552226)
(3.392880643e-07 3.386541782e-19 -0.002143591876)
(3.294120458e-07 3.41694516e-19 -0.002143631512)
(3.185717602e-07 3.50183101e-19 -0.002143670981)
(3.068138345e-07 3.462387394e-19 -0.002143710121)
(2.94188152e-07 3.482033883e-19 -0.002143748765)
(2.80752163e-07 3.63815662e-19 -0.002143786737)
(2.66547783e-07 3.871599574e-19 -0.002143823856)
(2.516225552e-07 4.125665509e-19 -0.002143859936)
(2.360259479e-07 4.194162986e-19 -0.002143894785)
(2.197985179e-07 4.214423334e-19 -0.002143928203)
(2.029879564e-07 4.177469215e-19 -0.002143959988)
(1.856301177e-07 4.149129275e-19 -0.002143989935)
(1.677651644e-07 4.123691725e-19 -0.002144017837)
(1.494344719e-07 4.095912546e-19 -0.002144043482)
(1.306667111e-07 4.060058084e-19 -0.002144066659)
(1.114980693e-07 4.074450741e-19 -0.002144087154)
(9.195080307e-08 4.07745358e-19 -0.002144104754)
(7.204483762e-08 4.066678096e-19 -0.002144119248)
(5.181259294e-08 4.043883916e-19 -0.002144130426)
(3.137557774e-08 4.069823595e-19 -0.002144138079)
(1.107308071e-08 4.085372136e-19 -0.002144141995)
(1.901744191e-08 6.139493253e-20 -0.002143574052)
(4.95845002e-08 9.593723355e-20 -0.002143576214)
(7.810751302e-08 1.011074765e-19 -0.002143580967)
(1.069263311e-07 9.790907323e-20 -0.00214358804)
(1.347976753e-07 9.449260145e-20 -0.002143597291)
(1.613914181e-07 9.95709762e-20 -0.002143608615)
(1.866067025e-07 1.022966474e-19 -0.002143621928)
(2.103598411e-07 9.506309022e-20 -0.002143637149)
(2.325633634e-07 1.536724784e-19 -0.002143654213)
(2.531656537e-07 1.231832768e-19 -0.002143673054)
(2.721446014e-07 1.014812728e-19 -0.002143693607)
(2.894556267e-07 8.985357813e-20 -0.002143715814)
(3.050766525e-07 8.39056689e-20 -0.002143739613)
(3.190104726e-07 9.013117356e-20 -0.002143764951)
(3.312697455e-07 1.025203078e-19 -0.002143791772)
(3.418672996e-07 1.145936575e-19 -0.002143820018)
(3.508141471e-07 1.693171366e-19 -0.002143849625)
(3.581363264e-07 2.22935584e-19 -0.00214388053)
(3.638712654e-07 2.800722296e-19 -0.002143912667)
(3.68057404e-07 3.417112029e-19 -0.002143945968)
(3.70730859e-07 3.794447286e-19 -0.002143980355)
(3.719329526e-07 3.627630974e-19 -0.002144015745)
(3.717108807e-07 3.538895873e-19 -0.002144052055)
(3.701152044e-07 3.483859875e-19 -0.00214408919)
(3.671980488e-07 3.444923295e-19 -0.00214412705)
(3.63012846e-07 3.40293786e-19 -0.002144165528)
(3.576078342e-07 3.334954494e-19 -0.002144204508)
(3.510395811e-07 3.457662275e-19 -0.002144243868)
(3.433656554e-07 3.541665717e-19 -0.00214428348)
(3.346382052e-07 3.599527695e-19 -0.002144323205)
(3.2491123e-07 3.649815146e-19 -0.002144362896)
(3.142289713e-07 3.674472316e-19 -0.0021444024)
(3.026397058e-07 3.702373533e-19 -0.002144441556)
(2.901922622e-07 3.738416535e-19 -0.002144480197)
(2.769378257e-07 3.785074905e-19 -0.002144518146)
(2.629366071e-07 3.838877702e-19 -0.002144555225)
(2.482282626e-07 3.893444269e-19 -0.002144591246)
(2.328532005e-07 3.945287536e-19 -0.002144626021)
(2.168568932e-07 3.989076021e-19 -0.002144659351)
(2.002789062e-07 4.024549998e-19 -0.002144691036)
(1.831671328e-07 4.053467449e-19 -0.002144720875)
(1.655538163e-07 4.076484072e-19 -0.002144748663)
(1.47471895e-07 4.096103203e-19 -0.00214477419)
(1.289607317e-07 4.11418536e-19 -0.002144797248)
(1.100456843e-07 4.132282146e-19 -0.002144817628)
(9.076091938e-08 4.14981473e-19 -0.002144835121)
(7.112363734e-08 4.150657737e-19 -0.002144849519)
(5.116127576e-08 4.151021824e-19 -0.002144860619)
(3.098990241e-08 4.152025222e-19 -0.002144868215)
(1.093469279e-08 4.152995059e-19 -0.002144872103)
(1.874775739e-08 6.44904658e-20 -0.002144285987)
(4.888058379e-08 1.160147408e-19 -0.002144288171)
(7.699806959e-08 1.444122579e-19 -0.002144292961)
(1.054076543e-07 1.538657796e-19 -0.002144300087)
(1.329004683e-07 1.644493032e-19 -0.002144309405)
(1.591469231e-07 1.811682198e-19 -0.002144320818)
(1.840182245e-07 2.046936366e-19 -0.002144334236)
(2.074378052e-07 2.362545151e-19 -0.002144349581)
(2.29347982e-07 1.702792199e-19 -0.002144366781)
(2.496811482e-07 1.068785269e-19 -0.002144385769)
(2.683937879e-07 3.920498074e-20 -0.002144406478)
(2.85466621e-07 3.079620863e-20 -0.002144428844)
(3.008818983e-07 2.140665012e-21 -0.002144452813)
(3.146403853e-07 6.157424794e-20 -0.002144478328)
(3.267457116e-07 1.044214197e-19 -0.002144505332)
(3.372017954e-07 1.418976487e-19 -0.00214453376)
(3.460289765e-07 1.814700643e-19 -0.00214456355)
(3.532587036e-07 2.260166137e-19 -0.002144594638)
(3.589246225e-07 2.808561947e-19 -0.002144626959)
(3.630585672e-07 2.794226683e-19 -0.002144660438)
(3.656977419e-07 2.927291157e-19 -0.002144694997)
(3.668886647e-07 3.146430369e-19 -0.002144730552)
(3.666765859e-07 3.402020312e-19 -0.002144767017)
(3.651099455e-07 3.40610806e-19 -0.002144804296)
(3.62241022e-07 3.44540182e-19 -0.002144842289)
(3.581173173e-07 3.504588996e-19 -0.002144880886)
(3.527951893e-07 3.585513522e-19 -0.002144919968)
(3.463296171e-07 3.661111687e-19 -0.002144959415)
(3.387734324e-07 3.75802994e-19 -0.002144999098)
(3.301712101e-07 3.760813085e-19 -0.002145038874)
(3.20574042e-07 3.779515358e-19 -0.002145078598)
(3.100437241e-07 3.701187619e-19 -0.002145118113)
(2.986189794e-07 3.719541825e-19 -0.00214515726)
(2.863463953e-07 3.731622423e-19 -0.002145195873)
(2.732817898e-07 3.73725679e-19 -0.002145233777)
(2.59473346e-07 3.732061979e-19 -0.002145270794)
(2.449721262e-07 3.705962113e-19 -0.002145306738)
(2.298085792e-07 3.808857146e-19 -0.002145341419)
(2.140255056e-07 3.891502673e-19 -0.002145374643)
(1.976805691e-07 3.967163315e-19 -0.002145406212)
(1.808043659e-07 4.044515743e-19 -0.002145435926)
(1.634321151e-07 4.058493096e-19 -0.002145463583)
(1.455931693e-07 4.080016873e-19 -0.002145488978)
(1.273195037e-07 4.109700202e-19 -0.002145511906)
(1.08651341e-07 4.146367238e-19 -0.002145532159)
(8.96133085e-08 4.1896301e-19 -0.002145549536)
(7.023288522e-08 4.177990575e-19 -0.002145563831)
(5.052965753e-08 4.170586817e-19 -0.002145574844)
(3.061509993e-08 4.166245714e-19 -0.002145582376)
(1.080562445e-08 4.164457318e-19 -0.002145586229)
(1.849869925e-08 9.081470558e-20 -0.002144982982)
(4.822750372e-08 1.964088268e-19 -0.002144985184)
(7.59668892e-08 3.146173421e-19 -0.002144990013)
(1.039972192e-07 2.198946509e-19 -0.002144997196)
(1.311134398e-07 2.030174086e-19 -0.002145006591)
(1.569950297e-07 2.17157849e-19 -0.002145018093)
(1.815378693e-07 2.450763999e-19 -0.002145031615)
(2.046614182e-07 2.804684861e-19 -0.002145047078)
(2.262831391e-07 2.151323851e-19 -0.002145064405)
(2.463431539e-07 1.521525182e-19 -0.002145083526)
(2.648091927e-07 8.191265351e-20 -0.002145104378)
(2.816581484e-07 6.97863727e-20 -0.0021451269)
(2.968811222e-07 3.443921073e-20 -0.002145151034)
(3.104679906e-07 8.059096891e-20 -0.002145176718)
(3.224141457e-07 1.082785228e-19 -0.00214520389)
(3.327338899e-07 1.303521576e-19 -0.002145232487)
(3.414519262e-07 1.474419934e-19 -0.002145262448)
(3.485963716e-07 1.605301586e-19 -0.002145293709)
(3.541941224e-07 1.66346419e-19 -0.002145326197)
(3.582773649e-07 1.649335258e-19 -0.002145359838)
(3.608856342e-07 1.858243744e-19 -0.002145394551)
(3.620641248e-07 2.280324786e-19 -0.002145430255)
(3.618638583e-07 2.595502627e-19 -0.002145466857)
(3.603302307e-07 2.913920193e-19 -0.002145504264)
(3.575081311e-07 3.239132147e-19 -0.002145542371)
(3.534430567e-07 3.370342469e-19 -0.002145581066)
(3.481952131e-07 3.569659122e-19 -0.002145620233)
(3.418318061e-07 3.584984049e-19 -0.002145659748)
(3.343878945e-07 3.676328773e-19 -0.002145699478)
(3.259076741e-07 3.647142654e-19 -0.002145739283)
(3.164458005e-07 3.669934643e-19 -0.002145779017)
(3.060516108e-07 3.72081904e-19 -0.002145818525)
(2.947830092e-07 3.768195287e-19 -0.002145857646)
(2.826792255e-07 3.74128963e-19 -0.002145896213)
(2.697907266e-07 3.734821404e-19 -0.002145934055)
(2.561777725e-07 3.745030038e-19 -0.002145970992)
(2.418701792e-07 3.772702179e-19 -0.00214600684)
(2.269091967e-07 3.818547889e-19 -0.002146041411)
(2.113386075e-07 3.797452671e-19 -0.002146074514)
(1.952026145e-07 3.782561177e-19 -0.002146105955)
(1.785509455e-07 3.767423353e-19 -0.002146135531)
(1.614051818e-07 3.777802504e-19 -0.002146163047)
(1.437973217e-07 3.780476119e-19 -0.002146188299)
(1.257573031e-07 3.842869717e-19 -0.002146211087)
(1.07318965e-07 3.896229198e-19 -0.00214623121)
(8.851957853e-08 3.940299479e-19 -0.002146248466)
(6.937289404e-08 3.974507572e-19 -0.002146262657)
(4.991105863e-08 3.999942098e-19 -0.002146273583)
(3.023677061e-08 4.017091496e-19 -0.002146281053)
(1.06657911e-08 4.025846748e-19 -0.002146284871)
(1.825594686e-08 4.33409343e-20 -0.002145665423)
(4.759352399e-08 4.156142309e-20 -0.002145667643)
(7.496856533e-08 9.599468458e-22 -0.002145672509)
(1.026333873e-07 -4.183666409e-20 -0.002145679746)
(1.2940753e-07 8.279470136e-20 -0.00214568921)
(1.549714659e-07 1.631049729e-19 -0.0021457008)
(1.792044099e-07 2.220619795e-19 -0.002145714422)
(2.020237343e-07 2.661503696e-19 -0.002145729994)
(2.233637512e-07 2.934587929e-19 -0.002145747436)
(2.431693217e-07 3.101725252e-19 -0.002145766685)
(2.614062248e-07 3.294794776e-19 -0.002145787677)
(2.780551236e-07 2.745597178e-19 -0.002145810349)
(2.930930507e-07 2.285241938e-19 -0.002145834637)
(3.065063414e-07 1.75311762e-19 -0.002145860476)
(3.183027573e-07 1.137752757e-19 -0.002145887806)
(3.28499357e-07 1.339599867e-19 -0.002145916564)
(3.371177522e-07 1.307875273e-19 -0.002145946687)
(3.441791006e-07 1.519522014e-19 -0.002145978106)
(3.497106374e-07 1.538987988e-19 -0.002146010748)
(3.537466752e-07 2.170214995e-19 -0.002146044537)
(3.563279003e-07 2.384903355e-19 -0.002146079393)
(3.57503361e-07 2.597617712e-19 -0.002146115228)
(3.573163955e-07 2.478414707e-19 -0.002146151953)
(3.558130029e-07 2.656718185e-19 -0.002146189471)
(3.530334169e-07 2.790068321e-19 -0.002146227674)
(3.490309986e-07 2.90200767e-19 -0.002146266451)
(3.438674007e-07 2.95329885e-19 -0.002146305686)
(3.375880325e-07 2.92338128e-19 -0.002146345252)
(3.302457021e-07 2.93059069e-19 -0.002146385013)
(3.218816661e-07 3.000995312e-19 -0.002146424831)
(3.125446531e-07 3.202200037e-19 -0.00214646456)
(3.022936503e-07 3.344393059e-19 -0.002146504042)
(2.911705062e-07 3.338658539e-19 -0.002146543119)
(2.792285821e-07 3.322703967e-19 -0.002146581625)
(2.665127858e-07 3.359539201e-19 -0.002146619389)
(2.530663065e-07 3.358969283e-19 -0.002146656233)
(2.38943559e-07 3.415236745e-19 -0.00214669197)
(2.24177665e-07 3.446970628e-19 -0.002146726417)
(2.088124281e-07 3.492894691e-19 -0.002146759386)
(1.928849319e-07 3.523100624e-19 -0.002146790685)
(1.76431642e-07 3.533693872e-19 -0.002146820116)
(1.594988645e-07 3.596621567e-19 -0.002146847481)
(1.421071669e-07 3.628913356e-19 -0.002146872583)
(1.242918357e-07 3.741404462e-19 -0.002146895224)
(1.060834393e-07 3.828601476e-19 -0.002146915208)
(8.750944789e-08 3.900180482e-19 -0.00214693234)
(6.858986639e-08 3.960654226e-19 -0.002146946422)
(4.93468741e-08 4.015554566e-19 -0.002146957262)
(2.99009229e-08 4.068604547e-19 -0.002146964669)
(1.054946629e-08 4.122618152e-19 -0.002146968456)
(1.803515449e-08 2.495549639e-19 -0.002146333615)
(4.701468077e-08 7.327218116e-20 -0.002146335854)
(7.405505468e-08 -9.480840568e-20 -0.002146340758)
(1.013852858e-07 2.184244469e-20 -0.00214634805)
(1.278313162e-07 9.96305421e-20 -0.002146357584)
(1.530752934e-07 1.802900452e-19 -0.002146369252)
(1.770069351e-07 2.601180752e-19 -0.002146382963)
(1.995469658e-07 3.430557631e-19 -0.002146398635)
(2.206293372e-07 4.353306993e-19 -0.002146416195)
(2.402047146e-07 4.475703833e-19 -0.002146435573)
(2.582369729e-07 4.820308594e-19 -0.002146456704)
(2.746908778e-07 4.50576625e-19 -0.002146479519)
(2.895432381e-07 4.471781499e-19 -0.00214650395)
(3.027962393e-07 3.417565638e-19 -0.002146529937)
(3.144584754e-07 3.161562795e-19 -0.002146557418)
(3.245439356e-07 2.942715543e-19 -0.00214658633)
(3.330671743e-07 2.774587736e-19 -0.002146616606)
(3.400500664e-07 2.580872467e-19 -0.002146648173)
(3.455216017e-07 2.437887033e-19 -0.00214668096)
(3.49517001e-07 2.327284566e-19 -0.002146714888)
(3.520735339e-07 2.653591991e-19 -0.002146749875)
(3.532387074e-07 2.634410073e-19 -0.002146785835)
(3.530695863e-07 2.71583093e-19 -0.002146822671)
(3.51594084e-07 2.802515284e-19 -0.002146860284)
(3.488575855e-07 2.836509638e-19 -0.002146898569)
(3.449189044e-07 3.072918895e-19 -0.002146937416)
(3.398276836e-07 3.268982011e-19 -0.002146976705)
(3.336370602e-07 3.321181258e-19 -0.002147016305)
(3.263882779e-07 3.203252535e-19 -0.002147056084)
(3.181333404e-07 3.303178986e-19 -0.002147095902)
(3.08914832e-07 3.363103449e-19 -0.00214713561)
(2.987830583e-07 3.418300502e-19 -0.002147175055)
(2.878034422e-07 3.469684608e-19 -0.002147214075)
(2.760145053e-07 3.635423683e-19 -0.002147252506)
(2.634605348e-07 3.598204072e-19 -0.002147290178)
(2.501773335e-07 3.558332061e-19 -0.002147326914)
(2.362122046e-07 3.4684451e-19 -0.002147362532)
(2.216298671e-07 3.342573598e-19 -0.002147396846)
(2.064557783e-07 3.432915646e-19 -0.002147429672)
(1.907241211e-07 3.575795749e-19 -0.002147460817)
(1.744672957e-07 3.707191224e-19 -0.002147490092)
(1.577200239e-07 3.841157324e-19 -0.0021475173)
(1.405280284e-07 3.988233427e-19 -0.002147542244)
(1.229160045e-07 3.992043662e-19 -0.002147564733)
(1.049219981e-07 4.019184889e-19 -0.002147584572)
(8.656435445e-08 4.07578707e-19 -0.002147601569)
(6.785647743e-08 4.042654125e-19 -0.002147615536)
(4.88249549e-08 4.03467091e-19 -0.002147626281)
(2.958090486e-08 4.042641173e-19 -0.002147633622)
(1.043350274e-08 4.002736487e-19 -0.00214763737)
(1.783008468e-08 2.558612704e-19 -0.002146987879)
(4.647724425e-08 1.476807676e-19 -0.002146990134)
(7.320508517e-08 6.332746587e-20 -0.002146995069)
(1.002182867e-07 -2.453449456e-20 -0.002147002406)
(1.263583151e-07 5.571447171e-22 -0.002147011998)
(1.513124855e-07 1.350608206e-19 -0.002147023741)
(1.749733209e-07 2.247234739e-19 -0.002147037544)
(1.972646003e-07 3.007847951e-19 -0.002147053323)
(2.181190091e-07 3.829952951e-19 -0.002147071002)
(2.374864227e-07 3.977028526e-19 -0.002147090509)
(2.553175086e-07 4.276085845e-19 -0.002147111771)
(2.715785993e-07 4.625334754e-19 -0.002147134717)
(2.862658343e-07 5.116614897e-19 -0.002147159287)
(2.993785042e-07 4.553702099e-19 -0.002147185418)
(3.109220064e-07 4.874515292e-19 -0.002147213047)
(3.209034599e-07 4.320688501e-19 -0.002147242106)
(3.293386011e-07 3.960349657e-19 -0.002147272526)
(3.362502663e-07 3.212815213e-19 -0.002147304235)
(3.416695372e-07 2.977273504e-19 -0.002147337158)
(3.456295962e-07 2.713680415e-19 -0.002147371217)
(3.481706655e-07 2.705221201e-19 -0.002147406328)
(3.493349932e-07 2.633484829e-19 -0.002147442402)
(3.491627577e-07 2.807340543e-19 -0.002147479343)
(3.477121485e-07 2.920388035e-19 -0.002147517043)
(3.450257209e-07 3.031211828e-19 -0.002147555403)
(3.411499537e-07 3.137019132e-19 -0.002147594312)
(3.36125843e-07 3.259151811e-19 -0.002147633644)
(3.300031763e-07 3.416912496e-19 -0.002147673272)
(3.228479452e-07 3.389235226e-19 -0.002147713058)
(3.146934838e-07 3.40862172e-19 -0.002147752864)
(3.055864434e-07 3.456519636e-19 -0.002147792543)
(2.955743473e-07 3.537895197e-19 -0.002147831941)
(2.847117453e-07 3.661446892e-19 -0.002147870898)
(2.730652861e-07 3.838045398e-19 -0.002147909247)
(2.606575674e-07 3.999385978e-19 -0.00214794682)
(2.475282064e-07 4.021644388e-19 -0.00214798344)
(2.337247551e-07 3.990587806e-19 -0.002148018931)
(2.192939655e-07 3.897987102e-19 -0.00214805311)
(2.042904896e-07 3.818864006e-19 -0.002148085787)
(1.887338575e-07 3.74553312e-19 -0.002148116777)
(1.726580812e-07 3.756512997e-19 -0.002148145889)
(1.560940816e-07 3.770951363e-19 -0.002148172934)
(1.390777392e-07 3.794841451e-19 -0.002148197721)
(1.216528472e-07 3.724131282e-19 -0.002148220057)
(1.038420485e-07 3.659975373e-19 -0.002148239754)
(8.567754805e-08 3.594476945e-19 -0.002148256619)
(6.716633299e-08 3.612928451e-19 -0.00214827047)
(4.83331482e-08 3.630870254e-19 -0.002148281122)
(2.928456476e-08 3.58856195e-19 -0.002148288396)
(1.032295879e-08 3.528689098e-19 -0.002148292112)
(1.764237009e-08 -1.937188644e-19 -0.002147628425)
(4.598541631e-08 4.89206773e-20 -0.002147630698)
(7.242805961e-08 2.108699519e-19 -0.002147635667)
(9.915443115e-08 3.359676785e-19 -0.002147643056)
(1.250232134e-07 1.89328844e-19 -0.002147652717)
(1.497260265e-07 2.141970865e-19 -0.002147664543)
(1.731491485e-07 2.119911075e-19 -0.002147678442)
(1.952163418e-07 1.855144075e-19 -0.002147694331)
(2.15863049e-07 1.300394847e-19 -0.002147712127)
(2.350290165e-07 2.616383072e-19 -0.002147731754)
(2.526667654e-07 3.566743628e-19 -0.002147753141)
(2.687628891e-07 4.296855546e-19 -0.002147776222)
(2.833083732e-07 4.885203544e-19 -0.002147800934)
(2.962989469e-07 5.325245704e-19 -0.00214782721)
(3.077333024e-07 5.078604606e-19 -0.002147854984)
(3.176203762e-07 4.859319878e-19 -0.002147884188)
(3.25976198e-07 4.700637307e-19 -0.002147914749)
(3.328267427e-07 4.607949119e-19 -0.002147946597)
(3.382000531e-07 4.076087309e-19 -0.002147979654)
(3.421317572e-07 4.048614716e-19 -0.00214801384)
(3.446614999e-07 3.5925678e-19 -0.00214804907)
(3.458245332e-07 3.522681671e-19 -0.002148085253)
(3.456605383e-07 3.393124009e-19 -0.00214812229)
(3.442250002e-07 3.266150059e-19 -0.002148160081)
(3.4158573e-07 3.164206696e-19 -0.002148198514)
(3.377661996e-07 2.909377894e-19 -0.002148237477)
(3.328055359e-07 2.765514646e-19 -0.002148276848)
(3.267540129e-07 2.701482013e-19 -0.002148316498)
(3.196631946e-07 2.882899994e-19 -0.002148356292)
(3.116000903e-07 2.997084735e-19 -0.002148396082)
(3.025956189e-07 3.040824179e-19 -0.002148435727)
(2.926974559e-07 3.024819314e-19 -0.002148475073)
(2.819555453e-07 3.064032958e-19 -0.002148513963)
(2.704150235e-07 3.162226535e-19 -0.00214855223)
(2.581348444e-07 3.403206735e-19 -0.0021485897)
(2.451455559e-07 3.716290924e-19 -0.002148626203)
(2.31492768e-07 3.938112467e-19 -0.002148661564)
(2.17214433e-07 4.144967083e-19 -0.002148695601)
(2.023488489e-07 4.059294647e-19 -0.002148728132)
(1.869457775e-07 3.931683036e-19 -0.002148758965)
(1.710263523e-07 3.807666863e-19 -0.002148787918)
(1.546304732e-07 3.686882685e-19 -0.0021488148)
(1.377878624e-07 3.554004876e-19 -0.002148839426)
(1.205298543e-07 3.473841896e-19 -0.00214886161)
(1.028883496e-07 3.361215549e-19 -0.002148881164)
(8.488403511e-08 3.204313911e-19 -0.002148897903)
(6.654412906e-08 3.105403217e-19 -0.002148911641)
(4.788604634e-08 2.949043085e-19 -0.002148922204)
(2.90217763e-08 2.839083713e-19 -0.002148929412)
(1.023465309e-08 2.816225828e-19 -0.002148933094)
(1.747981077e-08 -1.438334062e-19 -0.002148255545)
(4.555848776e-08 1.65121634e-19 -0.002148257836)
(7.17549028e-08 4.065450389e-19 -0.002148262842)
(9.823723753e-08 6.759837798e-19 -0.002148270285)
(1.238664356e-07 6.141453978e-19 -0.002148280017)
(1.483386646e-07 4.601727035e-19 -0.002148291932)
(1.715528868e-07 3.776492203e-19 -0.00214830593)
(1.93423108e-07 3.269267549e-19 -0.002148321924)
(2.138714253e-07 2.891055579e-19 -0.002148339831)
(2.328598562e-07 3.552261752e-19 -0.002148359577)
(2.503482817e-07 4.209078928e-19 -0.002148381094)
(2.663037449e-07 4.94319873e-19 -0.002148404313)
(2.807255751e-07 5.864379229e-19 -0.002148429168)
(2.936047558e-07 5.831865259e-19 -0.00214845559)
(3.049417841e-07 5.363250552e-19 -0.00214848351)
(3.147447558e-07 5.08242645e-19 -0.002148512858)
(3.230337763e-07 4.905801655e-19 -0.002148543564)
(3.298310398e-07 4.802232538e-19 -0.002148575552)
(3.351667502e-07 4.24270772e-19 -0.002148608744)
(3.390771521e-07 4.000098045e-19 -0.002148643059)
(3.415960314e-07 3.785289537e-19 -0.002148678409)
(3.427566344e-07 3.609541973e-19 -0.002148714701)
(3.426072528e-07 3.489405589e-19 -0.002148751837)
(3.412037698e-07 3.390690446e-19 -0.002148789716)
(3.385858962e-07 3.316029068e-19 -0.002148828227)
(3.34810109e-07 3.290576197e-19 -0.002148867245)
(3.299081466e-07 3.243662014e-19 -0.002148906654)
(3.239231299e-07 3.211059933e-19 -0.002148946326)
(3.169023729e-07 3.336560135e-19 -0.002148986124)
(3.088984191e-07 3.484301043e-19 -0.002149025906)
(2.999819692e-07 3.423744915e-19 -0.002149065519)
(2.901852033e-07 3.394251504e-19 -0.002149104816)
(2.795511202e-07 3.369655446e-19 -0.002149143638)
(2.681169739e-07 3.327246059e-19 -0.002149181821)
(2.559319467e-07 3.260254394e-19 -0.002149219195)
(2.430639084e-07 3.327300639e-19 -0.002149255585)
(2.295385863e-07 3.380776613e-19 -0.002149290819)
(2.153953878e-07 3.519243927e-19 -0.002149324717)
(2.006654041e-07 3.654290781e-19 -0.0021493571)
(1.85384437e-07 3.762748495e-19 -0.002149387782)
(1.69600076e-07 3.768182149e-19 -0.002149416577)
(1.533400576e-07 3.765661996e-19 -0.002149443302)
(1.36649931e-07 3.759255509e-19 -0.002149467771)
(1.195476124e-07 3.752641227e-19 -0.002149489803)
(1.02056522e-07 3.745980452e-19 -0.002149509213)
(8.420336157e-08 3.743511791e-19 -0.002149525822)
(6.600730478e-08 3.676548781e-19 -0.002149539451)
(4.750019745e-08 3.616479648e-19 -0.002149549924)
(2.878054594e-08 3.611400243e-19 -0.002149557071)
(1.014259882e-08 3.638728783e-19 -0.002149560716)
(1.73403209e-08 1.762126228e-19 -0.002148869456)
(4.519331022e-08 4.810909053e-19 -0.002148871769)
(7.117949184e-08 4.094573165e-19 -0.002148876817)
(9.745273218e-08 4.149890349e-19 -0.002148884319)
(1.228909328e-07 6.512098733e-19 -0.002148894125)
(1.471841281e-07 5.160707735e-19 -0.002148906122)
(1.702103605e-07 4.549187636e-19 -0.002148920213)
(1.918944098e-07 4.444554416e-19 -0.002148936311)
(2.121868594e-07 4.773042482e-19 -0.002148954336)
(2.310341986e-07 4.380567172e-19 -0.002148974213)
(2.483848879e-07 4.370065081e-19 -0.002148995867)
(2.642284326e-07 4.654251985e-19 -0.00214901923)
(2.78547953e-07 4.414517595e-19 -0.002149044234)
(2.913356996e-07 4.401640211e-19 -0.002149070808)
(3.025912019e-07 4.447490812e-19 -0.002149098881)
(3.12328091e-07 4.586261588e-19 -0.002149128384)
(3.205615414e-07 4.287886309e-19 -0.002149159241)
(3.27316282e-07 4.11153329e-19 -0.002149191375)
(3.32624754e-07 4.105228111e-19 -0.002149224709)
(3.36518822e-07 3.745460448e-19 -0.002149259159)
(3.390271384e-07 3.56626445e-19 -0.002149294634)
(3.401910997e-07 3.471409844e-19 -0.002149331041)
(3.400620324e-07 3.397870867e-19 -0.002149368284)
(3.386817131e-07 3.306151639e-19 -0.002149406257)
(3.360911928e-07 3.350788597e-19 -0.002149444846)
(3.323354358e-07 3.543977802e-19 -0.002149483933)
(3.274807423e-07 3.577990873e-19 -0.002149523388)
(3.215536592e-07 3.624174275e-19 -0.002149563088)
(3.145964905e-07 3.668770795e-19 -0.002149602897)
(3.066595108e-07 3.587597705e-19 -0.002149642674)
(2.97798725e-07 3.497972851e-19 -0.00214968227)
(2.880835669e-07 3.63038647e-19 -0.002149721526)
(2.775341433e-07 3.768116454e-19 -0.002149760289)
(2.661934361e-07 3.66266784e-19 -0.002149798394)
(2.541082823e-07 3.671796876e-19 -0.002149835676)
(2.413265057e-07 3.579229192e-19 -0.002149871965)
(2.279038483e-07 3.597110253e-19 -0.002149907082)
(2.1386331e-07 3.524010695e-19 -0.002149940851)
(1.992474646e-07 3.616106717e-19 -0.002149973092)
(1.840837152e-07 3.686888951e-19 -0.002150003626)
(1.684084754e-07 3.744047544e-19 -0.002150032273)
(1.522664734e-07 3.797366906e-19 -0.002150058848)
(1.356849673e-07 3.855388524e-19 -0.002150083171)
(1.187022599e-07 3.92725755e-19 -0.002150105057)
(1.013361519e-07 3.942713061e-19 -0.002150124331)
(8.361723866e-08 3.982973376e-19 -0.002150140814)
(6.555708965e-08 4.047348937e-19 -0.002150154335)
(4.717933427e-08 4.142065102e-19 -0.002150164721)
(2.858748984e-08 4.205217763e-19 -0.002150171806)
(1.006833812e-08 4.245502554e-19 -0.002150175425)
(1.723887014e-08 -1.735137945e-19 -0.002149470367)
(4.492371413e-08 7.997923067e-20 -0.002149472699)
(7.074970164e-08 2.737464058e-19 -0.002149477783)
(9.686062262e-08 4.199602179e-19 -0.002149485338)
(1.22125546e-07 3.515166146e-19 -0.002149495211)
(1.462446592e-07 3.236028791e-19 -0.002149507289)
(1.691258172e-07 3.09439771e-19 -0.002149521478)
(1.906918955e-07 3.030565431e-19 -0.002149537689)
(2.108630808e-07 2.981519147e-19 -0.002149555841)
(2.295909627e-07 2.846844741e-19 -0.002149575858)
(2.468472143e-07 2.65844685e-19 -0.002149597664)
(2.626004024e-07 2.366960684e-19 -0.002149621186)
(2.76839491e-07 1.899001771e-19 -0.002149646352)
(2.895547539e-07 2.48490138e-19 -0.002149673092)
(3.007501344e-07 2.793243631e-19 -0.002149701333)
(3.104345917e-07 2.968829161e-19 -0.002149731004)
(3.186200368e-07 3.142061393e-19 -0.002149762024)
(3.253402972e-07 3.349245646e-19 -0.002149794321)
(3.306276295e-07 3.266168744e-19 -0.00214982781)
(3.345031882e-07 3.268738469e-19 -0.002149862408)
(3.370072922e-07 3.281864309e-19 -0.002149898019)
(3.381841577e-07 3.680021894e-19 -0.002149934555)
(3.380755316e-07 3.795542631e-19 -0.002149971917)
(3.367162037e-07 3.826559321e-19 -0.002150009995)
(3.341481493e-07 3.725431702e-19 -0.002150048677)
(3.304216746e-07 3.682004638e-19 -0.002150087843)
(3.255817864e-07 3.661209783e-19 -0.002150127366)
(3.196955812e-07 3.651386213e-19 -0.00215016711)
(3.12790445e-07 3.626879582e-19 -0.002150206945)
(3.049132397e-07 3.620176242e-19 -0.002150246729)
(2.961153126e-07 3.72774448e-19 -0.002150286316)
(2.864422846e-07 3.782028625e-19 -0.002150325551)
(2.759530737e-07 3.789169322e-19 -0.00215036427)
(2.646801517e-07 3.825457648e-19 -0.002150402315)
(2.526774226e-07 3.822298425e-19 -0.002150439519)
(2.399795403e-07 3.823556501e-19 -0.002150475715)
(2.266248687e-07 3.840736342e-19 -0.00215051073)
(2.12662463e-07 3.796640227e-19 -0.002150544383)
(1.981198726e-07 3.766808854e-19 -0.002150576501)
(1.830481956e-07 3.737416946e-19 -0.0021506069)
(1.674720532e-07 3.702873939e-19 -0.002150635406)
(1.514239889e-07 3.657834452e-19 -0.00215066184)
(1.349351684e-07 3.596102757e-19 -0.002150686023)
(1.180346766e-07 3.50866096e-19 -0.002150707777)
(1.007629622e-07 3.504865137e-19 -0.002150726925)
(8.313583476e-08 3.602283255e-19 -0.002150743296)
(6.517737901e-08 3.66054543e-19 -0.002150756715)
(4.690725202e-08 3.687485045e-19 -0.00215076702)
(2.843111353e-08 3.684226162e-19 -0.002150774045)
(1.001749574e-08 3.649891158e-19 -0.002150777632)
(1.715622702e-08 2.996926301e-20 -0.002150058386)
(4.470788478e-08 -8.710941644e-20 -0.002150060736)
(7.041031497e-08 2.03700531e-19 -0.002150065859)
(9.639622143e-08 9.560821745e-20 -0.002150073474)
(1.215523787e-07 9.319384197e-21 -0.002150083429)
(1.455844095e-07 9.756867476e-20 -0.00215009561)
(1.683694245e-07 1.418838889e-19 -0.002150109919)
(1.898303387e-07 1.634129343e-19 -0.002150126258)
(2.099258434e-07 1.704841136e-19 -0.002150144554)
(2.285939912e-07 1.654024513e-19 -0.002150164725)
(2.45775222e-07 1.47899946e-19 -0.00215018669)
(2.614672297e-07 1.147229365e-19 -0.002150210381)
(2.756518315e-07 1.471710689e-19 -0.002150235723)
(2.883183802e-07 1.689243601e-19 -0.002150262641)
(2.994721083e-07 1.77040578e-19 -0.002150291066)
(3.09112007e-07 1.688771965e-19 -0.002150320914)
(3.172713161e-07 2.018633752e-19 -0.002150352119)
(3.239730933e-07 2.125484829e-19 -0.002150384597)
(3.292382508e-07 2.525404298e-19 -0.002150418266)
(3.331005643e-07 2.760578373e-19 -0.002150453033)
(3.356004161e-07 2.958001794e-19 -0.002150488812)
(3.367924643e-07 3.098664985e-19 -0.002150525503)
(3.36698205e-07 3.2429353e-19 -0.002150563007)
(3.353573834e-07 3.43255887e-19 -0.002150601211)
(3.32813356e-07 3.483068903e-19 -0.002150640006)
(3.29109713e-07 3.536564244e-19 -0.002150679271)
(3.242929767e-07 3.576499162e-19 -0.002150718878)
(3.184123852e-07 3.765305323e-19 -0.002150758697)
(3.115380347e-07 3.792981767e-19 -0.002150798582)
(3.037018502e-07 3.965369282e-19 -0.002150838398)
(2.949514983e-07 4.110205295e-19 -0.002150877997)
(2.853216303e-07 4.023237069e-19 -0.002150917226)
(2.748605379e-07 3.9328489e-19 -0.002150955927)
(2.63634993e-07 3.972605389e-19 -0.002150993934)
(2.516771639e-07 3.890187831e-19 -0.002151031085)
(2.390386049e-07 3.799155099e-19 -0.002151067209)
(2.257443362e-07 3.688064561e-19 -0.002151102137)
(2.118296967e-07 3.776048162e-19 -0.002151135694)
(1.973403946e-07 3.8503787e-19 -0.002151167703)
(1.823119062e-07 3.825376838e-19 -0.00215119799)
(1.667959384e-07 3.800263639e-19 -0.002151226373)
(1.508130015e-07 3.771162379e-19 -0.002151252681)
(1.34397076e-07 3.732377237e-19 -0.002151276735)
(1.175715503e-07 3.764818162e-19 -0.002151298365)
(1.003650722e-07 3.843459327e-19 -0.002151317397)
(8.280622592e-08 3.864840116e-19 -0.00215133366)
(6.491197679e-08 3.877329635e-19 -0.002151346989)
(4.671385332e-08 3.880268934e-19 -0.002151357219)
(2.830350504e-08 3.87216477e-19 -0.002151364192)
(9.962992768e-09 3.924298722e-19 -0.002151367747)
(1.711518627e-08 6.086423316e-19 -0.002150633657)
(4.460262779e-08 2.640913884e-19 -0.002150636036)
(7.025191362e-08 1.555739529e-20 -0.002150641207)
(9.618836935e-08 -1.369957418e-19 -0.002150648893)
(1.212831756e-07 -3.900468489e-20 -0.002150658941)
(1.452425117e-07 2.500078957e-20 -0.002150671227)
(1.679606148e-07 6.628283205e-20 -0.002150685664)
(1.893849037e-07 9.340295573e-20 -0.002150702156)
(2.094416959e-07 1.119386783e-19 -0.002150720617)
(2.28052643e-07 1.246573305e-19 -0.002150740953)
(2.452047702e-07 1.338491374e-19 -0.002150763098)
(2.608706792e-07 1.426037882e-19 -0.002150786977)
(2.750274789e-07 1.564812972e-19 -0.002150812513)
(2.876735551e-07 1.713604861e-19 -0.002150839633)
(2.987956205e-07 1.856590511e-19 -0.002150868256)
(3.084250525e-07 1.996145212e-19 -0.002150898312)
(3.165812543e-07 2.141973192e-19 -0.002150929726)
(3.232789308e-07 2.206379109e-19 -0.002150962413)
(3.285382299e-07 2.588869884e-19 -0.002150996286)
(3.323994898e-07 2.394582363e-19 -0.002151031259)
(3.34907936e-07 2.648218587e-19 -0.002151067237)
(3.360932139e-07 2.461042615e-19 -0.002151104123)
(3.360014173e-07 2.579195505e-19 -0.002151141801)
(3.346644284e-07 2.803858883e-19 -0.00215118017)
(3.321373046e-07 3.152422793e-19 -0.002151219109)
(3.284522711e-07 3.479416761e-19 -0.002151258503)
(3.236523165e-07 3.650835786e-19 -0.002151298224)
(3.177866207e-07 3.856210438e-19 -0.002151338141)
(3.109102965e-07 4.113576816e-19 -0.002151378114)
(3.030918753e-07 4.295777483e-19 -0.002151417995)
(2.943540685e-07 4.161626997e-19 -0.002151457641)
(2.847484824e-07 4.101469854e-19 -0.002151496892)
(2.743166634e-07 4.05282803e-19 -0.002151535598)
(2.631061986e-07 4.056018937e-19 -0.002151573599)
(2.511700846e-07 3.978994909e-19 -0.002151610724)
(2.385404421e-07 3.816057316e-19 -0.002151646809)
(2.252713899e-07 3.673877426e-19 -0.002151681675)
(2.113859213e-07 3.658748358e-19 -0.002151715158)
(1.96924251e-07 3.651882517e-19 -0.002151747081)
(1.819249405e-07 3.779461408e-19 -0.002151777272)
(1.664255189e-07 3.925555833e-19 -0.002151805559)
(1.504698411e-07 4.102883238e-19 -0.002151831762)
(1.340768274e-07 4.32651057e-19 -0.002151855712)
(1.172861944e-07 4.473080457e-19 -0.002151877234)
(1.001185981e-07 4.456841179e-19 -0.002151896163)
(8.260511066e-08 4.361900202e-19 -0.00215191233)
(6.475895337e-08 4.325760675e-19 -0.002151925576)
(4.660109912e-08 4.331415837e-19 -0.002151935738)
(2.823038242e-08 4.371104445e-19 -0.002151942663)
(9.928041286e-09 4.416095197e-19 -0.002151946199)
(1.711468341e-08 1.642505247e-21 -0.00215119633)
(4.459200379e-08 -6.40497146e-20 -0.002151198734)
(7.022697826e-08 -2.210431795e-19 -0.002151203948)
(9.615380887e-08 -8.946597284e-20 -0.002151211704)
(1.212368249e-07 -2.159163037e-20 -0.002151221851)
(1.452110816e-07 1.610632979e-20 -0.002151234268)
(1.679633517e-07 3.872192944e-20 -0.002151248852)
(1.893889084e-07 5.615037411e-20 -0.002151265506)
(2.094247644e-07 7.977536261e-20 -0.002151284142)
(2.280424452e-07 1.023382903e-19 -0.002151304676)
(2.452009716e-07 1.224957566e-19 -0.002151327031)
(2.60868632e-07 1.406845321e-19 -0.002151351128)
(2.750325354e-07 1.577586534e-19 -0.002151376893)
(2.876684316e-07 1.73849787e-19 -0.00215140424)
(2.9880239e-07 1.895994049e-19 -0.002151433102)
(3.084476357e-07 2.051437414e-19 -0.002151463405)
(3.166146608e-07 2.200908111e-19 -0.002151495065)
(3.233170259e-07 2.324514175e-19 -0.002151527996)
(3.285874262e-07 2.449444422e-19 -0.002151562111)
(3.324662336e-07 2.532604491e-19 -0.002151597324)
(3.349852825e-07 2.569306544e-19 -0.002151633537)
(3.361726228e-07 2.608542031e-19 -0.002151670647)
(3.360700121e-07 2.695291365e-19 -0.002151708547)
(3.34731264e-07 2.827630278e-19 -0.002151747121)
(3.321891682e-07 2.9820092e-19 -0.002151786256)
(3.285042237e-07 3.151538498e-19 -0.002151825822)
(3.237073963e-07 3.340773344e-19 -0.002151865699)
(3.178491839e-07 3.372596813e-19 -0.002151905751)
(3.109791347e-07 3.404734214e-19 -0.002151945844)
(3.031421028e-07 3.434724172e-19 -0.002151985834)
(2.943923176e-07 3.498823989e-19 -0.002152025563)
(2.847691746e-07 3.562266597e-19 -0.002152064884)
(2.743412138e-07 3.494796447e-19 -0.002152103634)
(2.631356491e-07 3.429273689e-19 -0.002152141659)
(2.511906338e-07 3.403692227e-19 -0.002152178792)
(2.385506346e-07 3.39719926e-19 -0.002152214866)
(2.252535596e-07 3.38995915e-19 -0.002152249712)
(2.113556319e-07 3.387603965e-19 -0.002152283153)
(1.968851323e-07 3.390938064e-19 -0.002152315023)
(1.818916321e-07 3.480325245e-19 -0.002152345148)
(1.663979934e-07 3.570194259e-19 -0.002152373359)
(1.504332189e-07 3.658709674e-19 -0.002152399482)
(1.340346745e-07 3.742937976e-19 -0.002152423347)
(1.172315862e-07 3.77306155e-19 -0.002152444788)
(1.000624226e-07 3.846635493e-19 -0.002152463634)
(8.25456821e-08 3.914509562e-19 -0.002152479727)
(6.470473917e-08 3.982610081e-19 -0.002152492901)
(4.655744798e-08 4.053807766e-19 -0.002152503008)
(2.820803589e-08 4.128767594e-19 -0.00215250989)
(9.922124576e-09 4.131422336e-19 -0.002152513405)
(1.714637392e-08 3.986981278e-20 -0.002151746407)
(4.46722953e-08 7.020680803e-20 -0.00215174885)
(7.036939157e-08 8.602152845e-20 -0.002151754142)
(9.638717976e-08 9.371971951e-20 -0.002151762003)
(1.215616884e-07 7.765319854e-20 -0.002151772279)
(1.455868742e-07 5.607440125e-20 -0.002151784848)
(1.68364636e-07 2.756224113e-20 -0.002151799594)
(1.898421213e-07 -1.781576509e-20 -0.002151816433)
(2.099490718e-07 4.717778871e-20 -0.002151835275)
(2.28612117e-07 8.80570959e-20 -0.002151856033)
(2.458143207e-07 1.178062022e-19 -0.002151878631)
(2.615272851e-07 1.418596176e-19 -0.002151902985)
(2.757101503e-07 1.617431461e-19 -0.002151929008)
(2.883862915e-07 1.759503105e-19 -0.002151956633)
(2.995618048e-07 1.943754321e-19 -0.002151985784)
(3.092412111e-07 2.168178069e-19 -0.00215201638)
(3.174296374e-07 2.489333253e-19 -0.002152048333)
(3.241528903e-07 2.457019216e-19 -0.002152081554)
(3.294480048e-07 2.655291393e-19 -0.002152115962)
(3.333476348e-07 2.688173484e-19 -0.002152151459)
(3.358772039e-07 2.524402301e-19 -0.002152187949)
(3.370711841e-07 2.373285855e-19 -0.002152225327)
(3.369719579e-07 2.417837833e-19 -0.002152263487)
(3.35620771e-07 2.644974109e-19 -0.002152302315)
(3.330629298e-07 2.655139592e-19 -0.002152341689)
(3.293426203e-07 2.640909991e-19 -0.002152381487)
(3.245252845e-07 2.770767374e-19 -0.002152421571)
(3.186467111e-07 2.850497338e-19 -0.002152461816)
(3.117647067e-07 2.712516618e-19 -0.002152502078)
(3.039073416e-07 2.669591756e-19 -0.002152542216)
(2.951200406e-07 2.801322752e-19 -0.002152582078)
(2.854650313e-07 2.813319579e-19 -0.002152621511)
(2.749856752e-07 2.858978614e-19 -0.00215266036)
(2.637422895e-07 2.82226959e-19 -0.002152698454)
(2.517597965e-07 2.852005732e-19 -0.002152735638)
(2.390843297e-07 2.959040589e-19 -0.002152771741)
(2.257490843e-07 3.028083657e-19 -0.002152806599)
(2.117970439e-07 3.068106986e-19 -0.002152840041)
(1.972833091e-07 3.201135203e-19 -0.002152871894)
(1.822357044e-07 3.213522963e-19 -0.002152901993)
(1.666979489e-07 3.213762451e-19 -0.002152930158)
(1.506932715e-07 3.199696735e-19 -0.002152956229)
(1.342628771e-07 3.164720513e-19 -0.002152980032)
(1.174292633e-07 3.107411658e-19 -0.002153001407)
(1.002215593e-07 3.273909625e-19 -0.002153020189)
(8.266948485e-08 3.408759358e-19 -0.002153036218)
(6.478872759e-08 3.530190578e-19 -0.002153049338)
(4.661080704e-08 3.652397391e-19 -0.002153059395)
(2.823067562e-08 3.705277055e-19 -0.002153066244)
(9.921287121e-09 3.772477993e-19 -0.002153069736)
(1.725244324e-08 1.685015483e-19 -0.002152284052)
(4.494097094e-08 4.966482739e-19 -0.002152286535)
(7.076841477e-08 3.540144552e-19 -0.002152291907)
(9.689958694e-08 3.702927066e-19 -0.002152299872)
(1.221803369e-07 2.135956338e-19 -0.002152310274)
(1.463159923e-07 1.458500491e-19 -0.002152323005)
(1.692290217e-07 1.194257951e-19 -0.002152337955)
(1.908279256e-07 1.166046386e-19 -0.002152355022)
(2.11020235e-07 1.127957365e-19 -0.002152374105)
(2.297926931e-07 1.208108262e-19 -0.002152395131)
(2.470960452e-07 1.368751852e-19 -0.002152418013)
(2.628683258e-07 1.603412016e-19 -0.002152442658)
(2.771335838e-07 1.930052848e-19 -0.002152468998)
(2.898897642e-07 1.493210395e-19 -0.002152496958)
(3.011361118e-07 1.808463068e-19 -0.002152526451)
(3.108678425e-07 2.059687538e-19 -0.002152557393)
(3.190916441e-07 2.199543104e-19 -0.002152589689)
(3.25850831e-07 2.353133093e-19 -0.002152623264)
(3.311762409e-07 2.551830747e-19 -0.002152658018)
(3.350908727e-07 2.573627023e-19 -0.002152693863)
(3.376295883e-07 2.556974064e-19 -0.002152730687)
(3.388269788e-07 2.557636643e-19 -0.002152768396)
(3.38728662e-07 2.527697686e-19 -0.002152806871)
(3.373697782e-07 2.505503258e-19 -0.002152846004)
(3.347927652e-07 2.536869253e-19 -0.002152885671)
(3.310451625e-07 2.577381811e-19 -0.002152925749)
(3.261796187e-07 2.637191399e-19 -0.002152966107)
(3.202600712e-07 2.715974413e-19 -0.002153006604)
(3.133160058e-07 2.871645585e-19 -0.002153047102)
(3.054070639e-07 3.084175856e-19 -0.002153087445)
(2.965703539e-07 3.214262964e-19 -0.002153127495)
(2.868593627e-07 3.257169794e-19 -0.002153167093)
(2.763161554e-07 3.164061509e-19 -0.002153206085)
(2.649848263e-07 3.11261562e-19 -0.00215324431)
(2.529244226e-07 3.094727233e-19 -0.002153281597)
(2.401619871e-07 3.101333765e-19 -0.002153317786)
(2.267537077e-07 3.120138434e-19 -0.002153352703)
(2.127309982e-07 3.143130629e-19 -0.002153386187)
(1.981369045e-07 3.112506768e-19 -0.002153418066)
(1.830059225e-07 3.067917557e-19 -0.002153448172)
(1.673714816e-07 3.004433441e-19 -0.002153476337)
(1.512815106e-07 3.023842454e-19 -0.002153502391)
(1.347589932e-07 3.025587343e-19 -0.002153526173)
(1.178435737e-07 3.069776764e-19 -0.002153547513)
(1.005593285e-07 3.052706688e-19 -0.002153566257)
(8.293749521e-08 3.021332999e-19 -0.002153582245)
(6.499009077e-08 2.969472187e-19 -0.002153595327)
(4.674662186e-08 2.890757485e-19 -0.002153605352)
(2.830359026e-08 2.893173805e-19 -0.002153612177)
(9.933888277e-09 2.865520444e-19 -0.002153615661)
(1.738386938e-08 -1.723695685e-19 -0.002152809221)
(4.52828554e-08 2.301700434e-19 -0.002152811747)
(7.130433934e-08 1.156160667e-19 -0.0021528172)
(9.764054946e-08 6.619098485e-20 -0.002152825297)
(1.23151334e-07 7.252094626e-20 -0.002152835874)
(1.475161462e-07 8.499003146e-20 -0.00215284881)
(1.706043661e-07 1.090759553e-19 -0.002152863992)
(1.923460573e-07 1.602247766e-19 -0.002152881313)
(2.127152753e-07 1.172723502e-19 -0.002152900692)
(2.316458029e-07 1.06357956e-19 -0.002152922037)
(2.490585596e-07 1.076361332e-19 -0.002152945243)
(2.649707078e-07 1.1302672e-19 -0.002152970246)
(2.793688647e-07 1.19330486e-19 -0.002152996968)
(2.922343817e-07 1.334882259e-19 -0.002153025316)
(3.035654949e-07 1.443455458e-19 -0.002153055209)
(3.133554668e-07 1.50671056e-19 -0.002153086544)
(3.216466074e-07 1.430382293e-19 -0.002153119253)
(3.284617097e-07 1.768342985e-19 -0.00215315324)
(3.33824847e-07 1.925426112e-19 -0.002153188417)
(3.377612587e-07 2.335826245e-19 -0.002153224675)
(3.40304734e-07 2.450326049e-19 -0.002153261918)
(3.41501442e-07 2.5925004e-19 -0.002153300029)
(3.413826592e-07 2.544683533e-19 -0.002153338906)
(3.400018616e-07 2.319710729e-19 -0.002153378418)
(3.373941374e-07 2.322911363e-19 -0.002153418454)
(3.33615796e-07 2.314809376e-19 -0.00215345888)
(3.287115237e-07 2.288479288e-19 -0.002153499572)
(3.227255447e-07 2.262000422e-19 -0.002153540389)
(3.157040626e-07 2.416081063e-19 -0.002153581183)
(3.07695374e-07 2.57755049e-19 -0.002153621812)
(2.987718545e-07 2.802363367e-19 -0.002153662117)
(2.889664459e-07 2.921474644e-19 -0.002153701951)
(2.783369481e-07 2.933466037e-19 -0.00215374115)
(2.669119109e-07 2.9628714e-19 -0.002153779559)
(2.54732581e-07 3.006694634e-19 -0.00215381701)
(2.4185169e-07 3.063576123e-19 -0.002153853337)
(2.283098798e-07 3.132872799e-19 -0.002153888377)
(2.14166348e-07 3.21438979e-19 -0.002153921954)
(1.994485465e-07 3.183888099e-19 -0.00215395391)
(1.842020145e-07 3.160976869e-19 -0.002153984068)
(1.684529611e-07 3.14321173e-19 -0.002154012271)
(1.52239122e-07 3.099615461e-19 -0.002154038348)
(1.355929832e-07 3.053321121e-19 -0.002154062137)
(1.18548125e-07 3.103967094e-19 -0.002154083479)
(1.011452503e-07 3.049459018e-19 -0.002154102214)
(8.340145529e-08 2.983614557e-19 -0.002154118192)
(6.53420327e-08 2.899023641e-19 -0.002154131257)
(4.699083264e-08 2.786594838e-19 -0.002154141269)
(2.845148615e-08 2.692847268e-19 -0.002154148082)
(9.983764862e-09 2.639871196e-19 -0.002154151564)
(1.758917969e-08 1.767659239e-19 -0.002153322001)
(4.581083146e-08 -3.32925657e-19 -0.002153324578)
(7.213216641e-08 -2.373719522e-19 -0.002153330131)
(9.876560422e-08 -2.771998849e-19 -0.002153338378)
(1.245296924e-07 -1.16003401e-19 -0.002153349146)
(1.491239858e-07 -5.661333503e-20 -0.002153362298)
(1.724563808e-07 -6.635701654e-20 -0.002153377744)
(1.944667122e-07 -1.539675165e-19 -0.002153395378)
(2.150618595e-07 -3.932609864e-20 -0.002153415099)
(2.341633175e-07 1.749853644e-20 -0.002153436798)
(2.517782454e-07 4.362236886e-20 -0.002153460405)
(2.678802519e-07 4.800268666e-20 -0.002153485835)
(2.824326657e-07 2.999951e-20 -0.002153512992)
(2.954331834e-07 7.853585717e-20 -0.002153541793)
(3.068584583e-07 1.080369206e-19 -0.002153572138)
(3.16750902e-07 1.286402775e-19 -0.002153603953)
(3.251353486e-07 1.525822549e-19 -0.002153637149)
(3.320263673e-07 1.785397387e-19 -0.002153671634)
(3.374405753e-07 1.727519336e-19 -0.002153707305)
(3.414095544e-07 1.928147814e-19 -0.002153744062)
(3.439692695e-07 2.036266506e-19 -0.002153781797)
(3.451570609e-07 2.08015037e-19 -0.002153820404)
(3.450159802e-07 2.035428757e-19 -0.00215385976)
(3.43587143e-07 2.131589399e-19 -0.002153899751)
(3.409304838e-07 2.17315552e-19 -0.002153940242)
(3.370855112e-07 2.164325202e-19 -0.002153981115)
(3.321153128e-07 1.878583351e-19 -0.002154022225)
(3.260477495e-07 1.831121107e-19 -0.002154063439)
(3.189352494e-07 1.841928573e-19 -0.002154104609)
(3.108277257e-07 1.908816362e-19 -0.002154145591)
(3.017780126e-07 2.037256025e-19 -0.002154186235)
(2.918463684e-07 2.288405837e-19 -0.002154226378)
(2.810666609e-07 2.472941437e-19 -0.002154265866)
(2.694981197e-07 2.614533431e-19 -0.002154304527)
(2.571719962e-07 2.72892317e-19 -0.002154342208)
(2.441435855e-07 2.825601565e-19 -0.002154378737)
(2.304509341e-07 2.910060741e-19 -0.002154413952)
(2.16137749e-07 2.985191886e-19 -0.002154447687)
(2.012538952e-07 3.051925065e-19 -0.002154479771)
(1.85827979e-07 3.119272611e-19 -0.002154510043)
(1.699093601e-07 3.195916217e-19 -0.002154538328)
(1.535252699e-07 3.175266654e-19 -0.002154564472)
(1.367187394e-07 3.170404744e-19 -0.002154588307)
(1.19517305e-07 3.182704884e-19 -0.002154609682)
(1.019568658e-07 3.210147473e-19 -0.002154628436)
(8.405825935e-08 3.259534696e-19 -0.00215464442)
(6.584299386e-08 3.335177872e-19 -0.002154657486)
(4.734357531e-08 3.445108994e-19 -0.002154667491)
(2.865875172e-08 3.419695507e-19 -0.002154674299)
(1.005065593e-08 3.377922132e-19 -0.002154677773)
(1.782887614e-08 -1.821524904e-19 -0.002153822405)
(4.643272973e-08 -4.537805865e-19 -0.002153825027)
(7.311187462e-08 -1.829115221e-19 -0.002153830675)
(1.001068923e-07 -9.012913219e-20 -0.002153839073)
(1.262197153e-07 -1.951830512e-20 -0.002153850061)
(1.511857798e-07 2.936919761e-20 -0.002153863501)
(1.748787337e-07 5.193234857e-20 -0.002153879274)
(1.97177801e-07 3.529967026e-20 -0.002153897265)
(2.180286848e-07 -3.034093626e-20 -0.002153917372)
(2.374140559e-07 2.257947501e-20 -0.002153939511)
(2.552826413e-07 5.961891755e-20 -0.002153963591)
(2.715914577e-07 8.50922055e-20 -0.002153989509)
(2.863353513e-07 1.044643986e-19 -0.002154017181)
(2.994838789e-07 1.276121977e-19 -0.002154046506)
(3.110651798e-07 1.473666583e-19 -0.002154077408)
(3.210968255e-07 1.723328919e-19 -0.0021541098)
(3.295934078e-07 1.704780517e-19 -0.002154143581)
(3.365647581e-07 1.767748853e-19 -0.002154178655)
(3.420370846e-07 1.941249412e-19 -0.002154214913)
(3.460442061e-07 2.154027793e-19 -0.002154252259)
(3.486214289e-07 2.092393605e-19 -0.002154290576)
(3.49806139e-07 2.237759954e-19 -0.002154329757)
(3.496400691e-07 2.34020308e-19 -0.002154369681)
(3.481689121e-07 2.35665751e-19 -0.002154410228)
(3.454426729e-07 2.360035987e-19 -0.002154451271)
(3.415180928e-07 2.355674099e-19 -0.002154492674)
(3.364344005e-07 2.398517656e-19 -0.002154534305)
(3.302502271e-07 2.382276102e-19 -0.00215457601)
(3.230064545e-07 2.356896178e-19 -0.002154617653)
(3.147734158e-07 2.317818031e-19 -0.002154659076)
(3.055870382e-07 2.265830366e-19 -0.002154700135)
(2.954973016e-07 2.360132892e-19 -0.002154740669)
(2.845466397e-07 2.467821991e-19 -0.002154780517)
(2.727811827e-07 2.562090763e-19 -0.002154819519)
(2.60265347e-07 2.645315733e-19 -0.002154857505)
(2.470341683e-07 2.719428898e-19 -0.002154894316)
(2.331478891e-07 2.785109037e-19 -0.002154929777)
(2.186380016e-07 2.841891572e-19 -0.002154963732)
(2.035514054e-07 2.889465822e-19 -0.002154996008)
(1.879198033e-07 2.928450532e-19 -0.002155026442)
(1.717827214e-07 2.960598068e-19 -0.002155054871)
(1.551863516e-07 2.979550549e-19 -0.00215508113)
(1.381612001e-07 2.985792617e-19 -0.002155105065)
(1.207496073e-07 2.978026237e-19 -0.002155126512)
(1.029746393e-07 2.95265979e-19 -0.002155145325)
(8.487143765e-08 3.007299094e-19 -0.002155161347)
(6.64595885e-08 3.042716552e-19 -0.002155174441)
(4.777149999e-08 3.058684547e-19 -0.002155184461)
(2.890168267e-08 3.116523236e-19 -0.002155191278)
(1.011890845e-08 3.156667286e-19 -0.002155194756)
(1.81151673e-08 -6.556077073e-19 -0.002154310296)
(4.717990446e-08 -1.806436177e-19 -0.002154313004)
(7.431014082e-08 3.060582196e-19 -0.002154318813)
(1.017983633e-07 1.135956851e-19 -0.002154327437)
(1.283904567e-07 1.243066562e-19 -0.002154338703)
(1.537577644e-07 2.049541565e-19 -0.002154352472)
(1.777994042e-07 3.375523545e-19 -0.002154368602)
(2.004613811e-07 3.534521829e-19 -0.00215438701)
(2.216875362e-07 1.416189465e-19 -0.002154407593)
(2.413947949e-07 8.204618005e-20 -0.002154430246)
(2.595415972e-07 1.187634422e-19 -0.002154454865)
(2.761156716e-07 1.428384082e-19 -0.002154481361)
(2.910756397e-07 1.575831528e-19 -0.00215450963)
(3.044409634e-07 1.881768734e-19 -0.002154539592)
(3.162179331e-07 1.582093373e-19 -0.002154571156)
(3.264042273e-07 1.434579475e-19 -0.002154604218)
(3.350185674e-07 1.432318237e-19 -0.002154638685)
(3.420720909e-07 1.482556264e-19 -0.00215467444)
(3.476023993e-07 1.939988294e-19 -0.002154711395)
(3.516419658e-07 2.242643073e-19 -0.002154749427)
(3.542248758e-07 2.725368696e-19 -0.002154788438)
(3.553954433e-07 2.728845223e-19 -0.002154828296)
(3.55192467e-07 2.881174142e-19 -0.002154868896)
(3.536724086e-07 2.686449247e-19 -0.002154910099)
(3.508795183e-07 2.606348519e-19 -0.002154951788)
(3.468663009e-07 2.608940315e-19 -0.00215499382)
(3.416690955e-07 2.923082985e-19 -0.002155036057)
(3.353391708e-07 2.976769946e-19 -0.002155078355)
(3.279445635e-07 2.955568152e-19 -0.002155120563)
(3.195312631e-07 2.829867806e-19 -0.002155162535)
(3.101635935e-07 2.764907008e-19 -0.002155204105)
(2.99875547e-07 2.582569724e-19 -0.002155245123)
(2.887279874e-07 2.592890072e-19 -0.00215528542)
(2.767556988e-07 2.616923068e-19 -0.002155324841)
(2.640119532e-07 2.652149776e-19 -0.002155363216)
(2.505492774e-07 2.700447634e-19 -0.00215540038)
(2.364120253e-07 2.75537768e-19 -0.002155436172)
(2.216561687e-07 2.802195679e-19 -0.002155470417)
(2.063110174e-07 2.825649796e-19 -0.002155502956)
(1.904291367e-07 2.815083713e-19 -0.002155533616)
(1.740422541e-07 2.895883982e-19 -0.002155562243)
(1.571979024e-07 2.953306342e-19 -0.002155588671)
(1.399264674e-07 2.994420467e-19 -0.002155612747)
(1.222634369e-07 3.024099671e-19 -0.002155634311)
(1.042395579e-07 3.046151391e-19 -0.002155653216)
(8.588716656e-08 3.030676747e-19 -0.002155669313)
(6.723839531e-08 3.004866098e-19 -0.00215568246)
(4.831665276e-08 2.96345836e-19 -0.002155692523)
(2.922349234e-08 3.002327162e-19 -0.002155699365)
(1.022156403e-08 3.021668211e-19 -0.002155702863)
(2.402105607e-07 2.822228027e-19 -0.002155933444)
(2.251695523e-07 3.05751936e-19 -0.002155968057)
(2.095359822e-07 3.207015009e-19 -0.002156000925)
(1.933523004e-07 3.173495377e-19 -0.002156031886)
(1.766717238e-07 3.150848103e-19 -0.002156060773)
(1.595256922e-07 3.146564574e-19 -0.002156087432)
(1.419597896e-07 3.153441864e-19 -0.0021561117)
(1.240017076e-07 3.168746284e-19 -0.00215613343)
(1.056928034e-07 3.192634211e-19 -0.002156152465)
(8.706276685e-08 3.227626414e-19 -0.002156168669)
(6.814091497e-08 3.278785818e-19 -0.002156181895)
(4.895429205e-08 3.25767509e-19 -0.002156192015)
(2.960593178e-08 3.267415102e-19 -0.002156198893)
(1.03516084e-08 3.208300913e-19 -0.002156202408)
)
;

boundaryField
{
    front_top
    {
        type            wedge;
    }
    front_middle
    {
        type            wedge;
    }
    front_bottom
    {
        type            wedge;
    }
    back_top
    {
        type            wedge;
    }
    back_middle
    {
        type            wedge;
    }
    back_bottom
    {
        type            wedge;
    }
    axis_top
    {
        type            symmetryPlane;
    }
    axis_middle
    {
        type            symmetryPlane;
    }
    axis_bottom
    {
        type            symmetryPlane;
    }
    wall_top
    {
        type            slip;
    }
    wall_middle
    {
        type            noSlip;
    }
    wall_bottom
    {
        type            noSlip;
    }
    inlet
    {
        type            fixedValue;
        value           nonuniform 0();
    }
    outlet
    {
        type            zeroGradient;
    }
    procBoundary8to7
    {
        type            processor;
        value           nonuniform List<vector> 
51
(
(1.849470512e-08 2.8217723e-20 -0.002154785891)
(4.815390642e-08 -1.804257923e-20 -0.002154788684)
(7.581274671e-08 -7.561769581e-20 -0.002154794663)
(1.038086266e-07 -1.399325992e-19 -0.002154803522)
(1.308788091e-07 5.053175803e-20 -0.002154815071)
(1.567086303e-07 1.753576526e-19 -0.002154829193)
(1.812354769e-07 2.902406302e-19 -0.002154845771)
(2.04368366e-07 2.383135033e-19 -0.002154864685)
(2.259866363e-07 3.318369993e-19 -0.002154885812)
(2.460563208e-07 2.560744036e-19 -0.002154909051)
(2.645519803e-07 1.945140131e-19 -0.002154934307)
(2.814154768e-07 1.56570542e-19 -0.002154961466)
(2.966562223e-07 1.246260453e-19 -0.002154990441)
(3.102744765e-07 8.449056563e-20 -0.002155021141)
(3.222488265e-07 1.131715027e-19 -0.00215505345)
(3.326059505e-07 8.857507126e-20 -0.002155087283)
(3.413439288e-07 9.564789145e-20 -0.002155122522)
(3.485001829e-07 9.398292193e-20 -0.002155159076)
(3.540995069e-07 8.182452828e-20 -0.002155196827)
(3.581763345e-07 1.486169078e-19 -0.002155235672)
(3.607688185e-07 1.872411381e-19 -0.002155275486)
(3.619156476e-07 2.090433786e-19 -0.002155316156)
(3.616693713e-07 2.097229294e-19 -0.002155357548)
(3.600735914e-07 2.181372132e-19 -0.002155399544)
(3.571900278e-07 2.277551011e-19 -0.002155441997)
(3.530521764e-07 2.379437079e-19 -0.002155484779)
(3.477193905e-07 2.505078941e-19 -0.002155527734)
(3.412392555e-07 2.637938983e-19 -0.002155570731)
(3.336785168e-07 2.791795107e-19 -0.00215561361)
(3.250793564e-07 2.788792941e-19 -0.002155656223)
(3.154911645e-07 2.654327242e-19 -0.002155698411)
(3.04975306e-07 2.592127167e-19 -0.002155740009)
(2.935718492e-07 2.561018862e-19 -0.002155780861)
(2.813462722e-07 2.5390883e-19 -0.002155820791)
(2.683398065e-07 2.506426297e-19 -0.002155859645)
(2.546163439e-07 2.600202327e-19 -0.002155897249)
(2.546163439e-07 2.600202327e-19 -0.002155897249)
(2.444566547e-07 2.827218411e-19 -0.002156421889)
(2.290929703e-07 2.864863788e-19 -0.002156456954)
(2.131406495e-07 2.969817321e-19 -0.002156490228)
(1.966359163e-07 3.148819689e-19 -0.002156521555)
(1.796311528e-07 3.216339277e-19 -0.002156550769)
(1.6216054e-07 3.183353002e-19 -0.002156577713)
(1.442620246e-07 3.172447413e-19 -0.002156602231)
(1.259768816e-07 3.177977406e-19 -0.00215662417)
(1.073403403e-07 3.194892007e-19 -0.002156643383)
(8.839402366e-08 3.181970502e-19 -0.002156659726)
(6.915823523e-08 3.173527638e-19 -0.002156673064)
(4.966766168e-08 3.200241552e-19 -0.002156683258)
(3.00210367e-08 3.217030071e-19 -0.002156690186)
(1.048212655e-08 3.237647611e-19 -0.002156693719)
)
;
    }
    procBoundary8to9
    {
        type            processor;
        value           nonuniform List<vector> 
51
(
(2.07730514e-08 -3.643247244e-20 -0.00213896549)
(5.416729062e-08 -1.797328394e-19 -0.00213896755)
(8.41142615e-08 3.110137952e-20 -0.002139782776)
(8.41142615e-08 3.110137952e-20 -0.002139782776)
(1.151240193e-07 -3.878028279e-21 -0.002139789546)
(1.450896939e-07 -4.633997917e-20 -0.002139798402)
(1.736645806e-07 1.180795052e-20 -0.002139809245)
(2.007498761e-07 3.532058146e-20 -0.002139821985)
(2.262454238e-07 -6.022228983e-20 -0.002139836553)
(2.500529417e-07 -2.322458111e-20 -0.002139852891)
(2.721312547e-07 1.056597721e-19 -0.002139870938)
(2.924447888e-07 1.383681405e-19 -0.002139890641)
(3.10968766e-07 1.560758353e-19 -0.002139911943)
(3.277020523e-07 1.607084619e-19 -0.002139934784)
(3.426241067e-07 1.547797991e-19 -0.002139959118)
(3.557442867e-07 1.794932642e-19 -0.002139984888)
(3.670806955e-07 1.899403317e-19 -0.002140012051)
(3.766503816e-07 1.825210037e-19 -0.002140040546)
(3.844843787e-07 2.000329919e-19 -0.002140070323)
(3.906089472e-07 2.129251717e-19 -0.002140101321)
(3.950781049e-07 2.19160426e-19 -0.002140133481)
(3.979368699e-07 2.164453318e-19 -0.002140166741)
(3.992227553e-07 2.381029573e-19 -0.002140201025)
(3.989820263e-07 2.549503136e-19 -0.002140236254)
(3.972590363e-07 2.724252797e-19 -0.002140272345)
(3.941211834e-07 2.890264369e-19 -0.002140309208)
(3.896201446e-07 3.053443049e-19 -0.002140346746)
(3.83802063e-07 3.213379853e-19 -0.00214038485)
(3.767327162e-07 3.132796562e-19 -0.002140423407)
(3.684726193e-07 3.037180922e-19 -0.002140462295)
(3.590797846e-07 2.930018205e-19 -0.002140501382)
(3.486046884e-07 2.81678676e-19 -0.002140540527)
(3.370994228e-07 2.738638027e-19 -0.002140579582)
(3.246317936e-07 2.640360727e-19 -0.002140618388)
(3.11254134e-07 2.681160007e-19 -0.00214065678)
(2.970123776e-07 2.674439941e-19 -0.002140694582)
(2.819588621e-07 2.608448499e-19 -0.002140731611)
(2.66142752e-07 2.607118225e-19 -0.002140767678)
(2.496139926e-07 2.61258637e-19 -0.002140802585)
(2.324189097e-07 2.57010648e-19 -0.002140836128)
(2.146047792e-07 2.55350916e-19 -0.002140868099)
(1.962178157e-07 2.649394162e-19 -0.002140898285)
(1.772963996e-07 2.722481362e-19 -0.002140926467)
(1.578818328e-07 2.779565779e-19 -0.002140952423)
(1.380125627e-07 2.769236501e-19 -0.002140975928)
(1.177275291e-07 2.748546735e-19 -0.002140996757)
(9.706283328e-08 2.792226891e-19 -0.00214101468)
(7.603420675e-08 2.781182127e-19 -0.002141029471)
(5.467139742e-08 2.865917177e-19 -0.002141040899)
(3.310285957e-08 2.907004595e-19 -0.002141048737)
(1.168811407e-08 2.901603174e-19 -0.002141052758)
)
;
    }
}


// ************************************************************************* //
