/*--------------------------------*- C++ -*----------------------------------*\
  =========                 |
  \\      /  F ield         | OpenFOAM: The Open Source CFD Toolbox
   \\    /   O peration     | Website:  https://openfoam.org
    \\  /    A nd           | Version:  7
     \\/     M anipulation  |
\*---------------------------------------------------------------------------*/
FoamFile
{
    version     2.0;
    format      ascii;
    class       surfaceScalarField;
    location    "0.0003";
    object      phi;
}
// * * * * * * * * * * * * * * * * * * * * * * * * * * * * * * * * * * * * * //

dimensions      [1 0 -1 0 0 0 0];

internalField   nonuniform List<scalar> 
2260
(
-6.188718784e-13
6.481538865e-11
-2.421423378e-12
1.895047805e-10
-5.313343905e-12
3.067574478e-10
-9.189647117e-12
4.1658962e-10
-1.393728073e-11
5.190889676e-10
-1.943856648e-11
6.143787704e-10
-2.557377982e-11
7.026119752e-10
-3.222380262e-11
7.839711396e-10
-3.927175543e-11
8.586616519e-10
-4.660503825e-11
9.269069222e-10
-5.411631844e-11
9.88943564e-10
-6.170456899e-11
1.045017563e-09
-6.927577267e-11
1.095380365e-09
-7.674333469e-11
1.140285659e-09
-8.402814598e-11
1.179986279e-09
-9.105866072e-11
1.214731877e-09
-9.777072619e-11
1.244766679e-09
-1.04107278e-10
1.270327785e-09
-1.100180387e-10
1.291643926e-09
-1.15459099e-10
1.308934228e-09
-1.203926379e-10
1.322407778e-09
-1.247862902e-10
1.332262628e-09
-1.286130683e-10
1.33868597e-09
-1.318506818e-10
1.34185341e-09
-1.344814963e-10
1.341929128e-09
-1.364920455e-10
1.339065581e-09
-1.378726085e-10
1.333402929e-09
-1.386170975e-10
1.325068713e-09
-1.387226742e-10
1.31417713e-09
-1.381892054e-10
1.300827678e-09
-1.370188113e-10
1.285103333e-09
-1.352152629e-10
1.267068009e-09
-1.327830998e-10
1.246762883e-09
-1.297265448e-10
1.224200904e-09
1.199358948e-09
-6.217687829e-13
6.543715743e-11
-2.432864971e-12
1.913158766e-10
-5.339148447e-12
3.096637311e-10
-9.235979407e-12
4.204864508e-10
-1.401077509e-11
5.238637634e-10
-1.954628875e-11
6.199142842e-10
-2.572338422e-11
7.087890707e-10
-3.24232572e-11
7.906710127e-10
-3.952938891e-11
8.657677837e-10
-4.692907444e-11
9.343066076e-10
-5.451485112e-11
9.965293406e-10
-6.218526443e-11
1.052687977e-09
-6.984556528e-11
1.103040666e-09
-7.740809792e-11
1.147848192e-09
-8.47924947e-11
1.187370676e-09
-9.192562497e-11
1.221865007e-09
-9.874157564e-11
1.251582629e-09
-1.051813527e-10
1.276767562e-09
-1.111926367e-10
1.29765521e-09
-1.167294103e-10
1.314471001e-09
-1.217515579e-10
1.327429925e-09
-1.262247388e-10
1.336735809e-09
-1.301197308e-10
1.342580963e-09
-1.33412421e-10
1.3451461e-09
-1.36083342e-10
1.344600049e-09
-1.381173119e-10
1.341099551e-09
-1.39503262e-10
1.334788879e-09
-1.402338256e-10
1.325799277e-09
-1.403050604e-10
1.314248364e-09
-1.397158801e-10
1.300238497e-09
-1.384675214e-10
1.283854975e-09
-1.365629929e-10
1.265163481e-09
-1.340061069e-10
1.244205997e-09
-1.308003564e-10
1.220995153e-09
-1.269471778e-10
1.195505769e-09
-1.224438449e-10
1.167662825e-09
-1.172804124e-10
1.137323665e-09
-1.114358694e-10
1.104252138e-09
-1.048742659e-10
1.068082893e-09
-9.754194261e-11
1.02827389e-09
-8.936960349e-11
9.840513648e-10
-8.02839165e-11
9.343554062e-10
-7.023432066e-11
8.77798527e-10
-5.923652472e-11
8.126456424e-10
-4.743211647e-11
7.368138278e-10
-3.516121865e-11
6.478828643e-10
-2.304575178e-11
5.431065628e-10
-1.208100227e-11
4.194371619e-10
-3.729818662e-12
2.736087417e-10
1.023008518e-10
-6.195406797e-13
6.605669811e-11
-2.42429184e-12
1.931206278e-10
-5.32116517e-12
3.125606045e-10
-9.206861463e-12
4.243721472e-10
-1.397032487e-11
5.286272268e-10
-1.949597279e-11
6.254399322e-10
-2.566640593e-11
7.14959504e-10
-3.236425179e-11
7.973688585e-10
-3.94744303e-11
8.72877962e-10
-4.688533419e-11
9.417175114e-10
-5.449017054e-11
1.004134177e-09
-6.218791755e-11
1.060385724e-09
-6.988384726e-11
1.110736596e-09
-7.748989848e-11
1.155454243e-09
-8.492495038e-11
1.194805728e-09
-9.211479004e-11
1.229054847e-09
-9.899209375e-11
1.258459934e-09
-1.054962327e-10
1.283271701e-09
-1.115729641e-10
1.303731942e-09
-1.171743572e-10
1.320072395e-09
-1.222582591e-10
1.332513827e-09
-1.267882293e-10
1.341265779e-09
-1.30733117e-10
1.346525851e-09
-1.340669172e-10
1.3484799e-09
-1.367683763e-10
1.347301508e-09
-1.388207565e-10
1.343151931e-09
-1.402115918e-10
1.336179715e-09
-1.409322953e-10
1.32651998e-09
-1.409777799e-10
1.314293849e-09
-1.403459519e-10
1.29960667e-09
-1.390372997e-10
1.282546323e-09
-1.370541023e-10
1.263180284e-09
-1.343994226e-10
1.241551318e-09
-1.310760474e-10
1.217671779e-09
-1.270847426e-10
1.191514465e-09
-1.22422181e-10
1.163000264e-09
-1.170780934e-10
1.131979578e-09
-1.110319502e-10
1.098205995e-09
-1.042498809e-10
1.061300823e-09
-9.668361268e-11
1.020707621e-09
-8.827495307e-11
9.756427052e-10
-7.896995837e-11
9.250504115e-10
-6.874648287e-11
8.675750515e-10
-5.765558523e-11
8.015547447e-10
-4.587486466e-11
7.250331072e-10
-3.377069467e-11
6.357786942e-10
-2.196710327e-11
5.313029713e-10
-1.141953282e-11
4.088895914e-10
-3.488966868e-12
2.656781757e-10
9.881188491e-11
-6.126321275e-13
6.666933027e-11
-2.397437403e-12
1.949054331e-10
-5.263174749e-12
3.154263418e-10
-9.10879359e-12
4.28217766e-10
-1.382577795e-11
5.333442112e-10
-1.930135232e-11
6.309155064e-10
-2.542075939e-11
7.210789109e-10
-3.206929906e-11
8.040173982e-10
-3.913413989e-11
8.799428029e-10
-4.65057907e-11
9.490891624e-10
-5.407907425e-11
1.01170746e-09
-6.175404626e-11
1.068060695e-09
-6.943664906e-11
1.118419198e-09
-7.703905615e-11
1.16305665e-09
-8.44798711e-11
1.202246543e-09
-9.168421737e-11
1.236259193e-09
-9.858366914e-11
1.265359385e-09
-1.051161479e-10
1.28980418e-09
-1.112258915e-10
1.309841685e-09
-1.16863051e-10
1.325709554e-09
-1.219837277e-10
1.337634504e-09
-1.265494181e-10
1.345831469e-09
-1.305272356e-10
1.350503668e-09
-1.338892623e-10
1.351841927e-09
-1.366125871e-10
1.350024834e-09
-1.386790223e-10
1.345218367e-09
-1.400746381e-10
1.33757533e-09
-1.407896126e-10
1.327234954e-09
-1.408177721e-10
1.314322008e-09
-1.401561183e-10
1.298945016e-09
-1.388042865e-10
1.281194491e-09
-1.367637775e-10
1.261139775e-09
-1.340370131e-10
1.238824553e-09
-1.306260965e-10
1.214260862e-09
-1.265311973e-10
1.187419565e-09
-1.217485965e-10
1.158217663e-09
-1.162679658e-10
1.126498947e-09
-1.100697758e-10
1.092007805e-09
-1.031230208e-10
1.054354069e-09
-9.538580154e-11
1.012970402e-09
-8.681168425e-11
9.670685879e-10
-7.736560255e-11
9.156043298e-10
-6.705132717e-11
8.57260776e-10
-5.595000573e-11
7.904534232e-10
-4.426735124e-11
7.133504526e-10
-3.238672436e-11
6.238980673e-10
-2.092620506e-11
5.198424521e-10
-1.079833276e-11
3.987617192e-10
-3.268776749e-12
2.581486197e-10
9.554310817e-11
-6.015413338e-13
6.72708716e-11
-2.354245088e-12
1.966581369e-10
-5.169418188e-12
3.18241515e-10
-8.949067479e-12
4.319974153e-10
-1.358817825e-11
5.379833219e-10
-1.897765779e-11
6.36304986e-10
-2.500632299e-11
7.271075762e-10
-3.156309538e-11
8.105741707e-10
-3.853831724e-11
8.86918025e-10
-4.58252814e-11
9.563761266e-10
-5.332122771e-11
1.019203407e-09
-6.092804134e-11
1.075667509e-09
-6.855292855e-11
1.126044086e-09
-7.610873018e-11
1.170612452e-09
-8.351423688e-11
1.20965205e-09
-9.069422997e-11
1.243439186e-09
-9.757957327e-11
1.272244728e-09
-1.041071144e-10
1.296331721e-09
-1.102196089e-10
1.31595418e-09
-1.158656982e-10
1.331355643e-09
-1.209996449e-10
1.342768451e-09
-1.255813571e-10
1.350413182e-09
-1.295760388e-10
1.354498349e-09
-1.329541307e-10
1.355220018e-09
-1.356911992e-10
1.352761902e-09
-1.377674941e-10
1.347294662e-09
-1.39167696e-10
1.338975532e-09
-1.398808706e-10
1.327948129e-09
-1.398997393e-10
1.314340877e-09
-1.392203745e-10
1.298265651e-09
-1.378415775e-10
1.279815694e-09
-1.357639726e-10
1.25906217e-09
-1.329893625e-10
1.236049943e-09
-1.295191844e-10
1.210790684e-09
-1.253532e-10
1.183253581e-09
-1.204873659e-10
1.153351829e-09
-1.149117107e-10
1.120923292e-09
-1.086081041e-10
1.085704199e-09
-1.015490381e-10
1.047295003e-09
-9.369959519e-11
1.005120959e-09
-8.502544574e-11
9.583944385e-10
-7.550948575e-11
9.060883698e-10
-6.517866257e-11
8.469299529e-10
-5.413923015e-11
7.79413991e-10
-4.261824392e-11
7.018294665e-10
-3.100860025e-11
6.122884237e-10
-1.991646905e-11
5.087503209e-10
-1.020981861e-11
3.890550687e-10
-3.065130804e-12
2.51003932e-10
9.247797736e-11
-5.868078168e-13
6.785767941e-11
-2.296817107e-12
1.983681462e-10
-5.044486187e-12
3.209891841e-10
-8.735609576e-12
4.356885387e-10
-1.326944067e-11
5.42517153e-10
-1.854126005e-11
6.415768055e-10
-2.444439749e-11
7.330107137e-10
-3.087199803e-11
8.17001771e-10
-3.771845345e-11
8.937644804e-10
-4.488055288e-11
9.63538226e-10
-5.22584449e-11
1.026581299e-09
-5.975649839e-11
1.083165563e-09
-6.728366537e-11
1.133571253e-09
-7.475396927e-11
1.178082756e-09
-8.208676822e-11
1.216984849e-09
-8.920690939e-11
1.250559327e-09
-9.60447886e-11
1.279082607e-09
-1.025364406e-10
1.302823373e-09
-1.086235251e-10
1.322041264e-09
-1.142532765e-10
1.336985394e-09
-1.193784725e-10
1.347893646e-09
-1.239574119e-10
1.354992122e-09
-1.279536468e-10
1.358494585e-09
-1.31336196e-10
1.358602568e-09
-1.340789919e-10
1.355504698e-09
-1.361608133e-10
1.349376483e-09
-1.375652321e-10
1.340379951e-09
-1.382800757e-10
1.328662973e-09
-1.38296986e-10
1.314357787e-09
-1.376110771e-10
1.297579742e-09
-1.362202309e-10
1.278424848e-09
-1.341243621e-10
1.256966301e-09
-1.313244579e-10
1.233250039e-09
-1.278214113e-10
1.207287637e-09
-1.236145364e-10
1.179046706e-09
-1.18699793e-10
1.148437085e-09
-1.130678137e-10
1.115291313e-09
-1.067022936e-10
1.079338679e-09
-9.957972536e-11
1.040172434e-09
-9.167263587e-11
9.972138696e-10
-8.295854969e-11
9.496803523e-10
-7.34371913e-11
8.965670114e-10
-6.315584517e-11
8.366486067e-10
-5.224134922e-11
7.68499495e-10
-4.09362497e-11
6.905243671e-10
-2.963706296e-11
6.009892371e-10
-1.893362249e-11
4.980468804e-10
-9.64867938e-12
3.797701256e-10
-2.875082749e-12
2.442303353e-10
8.960289462e-11
-5.689971464e-13
6.842667656e-11
-2.227372273e-12
2.000265212e-10
-4.893245371e-12
3.236550572e-10
-8.476770103e-12
4.392720634e-10
-1.288202888e-11
5.469224118e-10
-1.800931803e-11
6.467040945e-10
-2.375716241e-11
7.387585578e-10
-3.002350272e-11
8.232681114e-10
-3.670732886e-11
9.004483066e-10
-4.370951681e-11
9.70540414e-10
-5.093376836e-11
1.03380555e-09
-5.828726374e-11
1.090519058e-09
-6.56811996e-11
1.140965189e-09
-7.303119146e-11
1.185432748e-09
-8.025750495e-11
1.224211162e-09
-8.728541925e-11
1.257587241e-09
-9.404521012e-11
1.285842398e-09
-1.004724241e-10
1.309250587e-09
-1.065078305e-10
1.328076671e-09
-1.12097568e-10
1.342575132e-09
-1.171931342e-10
1.352989213e-09
-1.217513657e-10
1.359550352e-09
-1.257345048e-10
1.362477724e-09
-1.291100435e-10
1.361978107e-09
-1.318505219e-10
1.358245176e-09
-1.339334823e-10
1.351459444e-09
-1.353412835e-10
1.341787752e-09
-1.36060529e-10
1.329382218e-09
-1.360818292e-10
1.314379088e-09
-1.35399332e-10
1.296897245e-09
-1.340099643e-10
1.27703548e-09
-1.319128778e-10
1.254869215e-09
-1.291083508e-10
1.230445512e-09
-1.255966777e-10
1.203775964e-09
-1.213768712e-10
1.1748269e-09
-1.16444952e-10
1.143505166e-09
-1.107924375e-10
1.109638798e-09
-1.044052535e-10
1.072951495e-09
-9.726429682e-11
1.033031478e-09
-8.934964818e-11
9.892992211e-10
-8.065040177e-11
9.409811058e-10
-7.118164265e-11
8.870982521e-10
-6.100816162e-11
8.264751257e-10
-5.027327588e-11
7.577646092e-10
-3.92300963e-11
6.794811875e-10
-2.827401493e-11
5.900331556e-10
-1.797526355e-11
4.87748129e-10
-9.111307509e-12
3.709061696e-10
-2.69657555e-12
2.378156033e-10
8.690631907e-11
-5.487008138e-13
6.89753774e-11
-2.14821533e-12
2.016260358e-10
-4.720707343e-12
3.262275492e-10
-8.181106368e-12
4.427324624e-10
-1.243870767e-11
5.511800131e-10
-1.73994059e-11
6.516647929e-10
-2.296724867e-11
7.443264008e-10
-2.904561925e-11
8.293464821e-10
-3.553837067e-11
9.069410582e-10
-4.235093563e-11
9.773529791e-10
-4.939095523e-11
1.04084557e-09
-5.656886888e-11
1.097696972e-09
-6.379848098e-11
1.148194801e-09
-7.099733275e-11
1.1926316e-09
-7.808701694e-11
1.231300846e-09
-8.499353183e-11
1.264493756e-09
-9.164738219e-11
1.292496249e-09
-9.798389051e-11
1.315587095e-09
-1.039432542e-10
1.334036035e-09
-1.094707911e-10
1.348102669e-09
-1.145169215e-10
1.358035343e-09
-1.190373822e-10
1.364070813e-09
-1.229931614e-10
1.366433503e-09
-1.263504134e-10
1.365335359e-09
-1.290805387e-10
1.360975301e-09
-1.311598616e-10
1.353538767e-09
-1.325694916e-10
1.343197382e-09
-1.332949358e-10
1.330107662e-09
-1.333257778e-10
1.31440993e-09
-1.326551857e-10
1.296226653e-09
-1.312791979e-10
1.275659492e-09
-1.291961299e-10
1.252786147e-09
-1.264055503e-10
1.227654932e-09
-1.22907237e-10
1.200277651e-09
-1.186999281e-10
1.17061959e-09
-1.137799e-10
1.138585138e-09
-1.08139773e-10
1.103998671e-09
-1.017679259e-10
1.066579648e-09
-9.464990148e-11
1.025913453e-09
-8.677337899e-11
9.814226987e-10
-7.813836985e-11
9.323460968e-10
-6.877378493e-11
8.777336674e-10
-5.875929604e-11
8.164606369e-10
-4.825095586e-11
7.472562691e-10
-3.750834617e-11
6.687385778e-10
-2.692189191e-11
5.794467013e-10
-1.703992122e-11
4.778661583e-10
-8.595078119e-12
3.624613265e-10
-2.528028714e-12
2.31748554e-10
8.437829036e-11
-5.26517085e-13
6.950189449e-11
-2.06166781e-12
2.031611866e-10
-4.531906087e-12
3.286977875e-10
-7.857169014e-12
4.460577254e-10
-1.195231886e-11
5.552751629e-10
-1.672915986e-11
6.56441634e-10
-2.209745231e-11
7.496946934e-10
-2.796632835e-11
8.352153579e-10
-3.424494518e-11
9.132196747e-10
-4.084348572e-11
9.839515196e-10
-4.767379781e-11
1.047675882e-09
-5.464990899e-11
1.104673083e-09
-6.168856544e-11
1.155233457e-09
-6.870955059e-11
1.199652584e-09
-7.563613055e-11
1.238227426e-09
-8.239526368e-11
1.271252889e-09
-8.891804045e-11
1.299019026e-09
-9.513986051e-11
1.321808915e-09
-1.010007284e-10
1.339896903e-09
-1.064453259e-10
1.353547267e-09
-1.114234267e-10
1.363013444e-09
-1.15889718e-10
1.368537105e-09
-1.198042691e-10
1.370348053e-09
-1.231321824e-10
1.368663271e-09
-1.258436308e-10
1.36368675e-09
-1.279138996e-10
1.355609035e-09
-1.29322966e-10
1.344606448e-09
-1.30055309e-10
1.330840005e-09
-1.300995541e-10
1.314454175e-09
-1.294478144e-10
1.295574913e-09
-1.280953198e-10
1.274306998e-09
-1.260395218e-10
1.250730349e-09
-1.232792642e-10
1.224894675e-09
-1.198138815e-10
1.196812268e-09
-1.156419105e-10
1.16644762e-09
-1.107600102e-10
1.133703238e-09
-1.051620763e-10
1.098400737e-09
-9.883917295e-11
1.060256744e-09
-9.178160001e-11
1.01885588e-09
-8.39844131e-11
9.736255115e-10
-7.545780602e-11
9.238194897e-10
-6.62429191e-11
8.685187805e-10
-5.643179565e-11
8.066495134e-10
-4.618997863e-11
7.37014452e-10
-3.577991177e-11
6.583285109e-10
-2.558406797e-11
5.692508575e-10
-1.612731378e-11
4.684094042e-10
-8.098272448e-12
3.544322852e-10
-2.368299359e-12
2.260185809e-10
8.2009991e-11
-5.030288198e-13
7.00049233e-11
-1.970000602e-12
2.046281583e-10
-4.331769728e-12
3.310595566e-10
-7.513418352e-12
4.49239374e-10
-1.143557174e-11
5.591973164e-10
-1.601593303e-11
6.610219951e-10
-2.117027621e-11
7.548490364e-10
-2.681341528e-11
8.408584971e-10
-3.286007277e-11
9.192663323e-10
-3.922539224e-11
9.90316839e-10
-4.582561566e-11
1.054276105e-09
-5.257858574e-11
1.111426053e-09
-5.940414035e-11
1.162059012e-09
-6.622461422e-11
1.206473058e-09
-7.296517016e-11
1.244967982e-09
-7.95541776e-11
1.277841897e-09
-8.592357748e-11
1.305388425e-09
-9.200916033e-11
1.327894498e-09
-9.77509757e-11
1.345638718e-09
-1.030935299e-10
1.358889821e-09
-1.079860189e-10
1.367905933e-09
-1.123826233e-10
1.372933709e-09
-1.162424933e-10
1.374207924e-09
-1.195298716e-10
1.37195065e-09
-1.222139811e-10
1.366370859e-09
-1.242691732e-10
1.357664227e-09
-1.256744716e-10
1.346011747e-09
-1.264133525e-10
1.331578887e-09
-1.264734229e-10
1.314514245e-09
-1.258459106e-10
1.294947401e-09
-1.245251131e-10
1.2729862e-09
-1.225076963e-10
1.248712932e-09
-1.197918757e-10
1.222178854e-09
-1.163764726e-10
1.193396865e-09
-1.122599769e-10
1.162331124e-09
-1.074395163e-10
1.128882777e-09
-1.019103991e-10
1.09287162e-09
-9.56664981e-11
1.054012843e-09
-8.870290232e-11
1.011892285e-09
-8.102168918e-11
9.659442985e-10
-7.264238677e-11
9.154401871e-10
-6.361674845e-11
8.59493142e-10
-5.404687516e-11
7.9707964e-10
-4.410496739e-11
7.270725442e-10
-3.40534177e-11
6.482769611e-10
-2.426429729e-11
5.594617371e-10
-1.523785441e-11
4.593829613e-10
-7.619881281e-12
3.468143121e-10
-2.216590035e-12
2.206152896e-10
7.979340095e-11
-4.787982037e-13
7.048372151e-11
-1.875400976e-12
2.060247612e-10
-4.125084881e-12
3.333092406e-10
-7.158109876e-12
4.522723991e-10
-1.090078891e-11
5.629399954e-10
-1.527664529e-11
6.653978515e-10
-2.020752189e-11
7.597799131e-10
-2.561396053e-11
8.462649359e-10
-3.141609836e-11
9.250684703e-10
-3.753415724e-11
9.964348979e-10
-4.38888898e-11
1.060630838e-09
-5.040204472e-11
1.117939208e-09
-5.699681164e-11
1.168653779e-09
-6.359824766e-11
1.213074494e-09
-7.013370833e-11
1.251503443e-09
-7.653318059e-11
1.284241369e-09
-8.272973343e-11
1.311584978e-09
-8.865996643e-11
1.333824731e-09
-9.426424936e-11
1.351243001e-09
-9.948715612e-11
1.364112728e-09
-1.042777373e-10
1.372696514e-09
-1.085897957e-10
1.377245767e-09
-1.123818593e-10
1.377999988e-09
-1.15617561e-10
1.375186352e-09
-1.182654873e-10
1.369018786e-09
-1.202990513e-10
1.359697792e-09
-1.216963903e-10
1.347409086e-09
-1.224400912e-10
1.332322588e-09
-1.225168915e-10
1.314591046e-09
-1.219171184e-10
1.294347627e-09
-1.206342377e-10
1.271703319e-09
-1.186641143e-10
1.246742808e-09
-1.160043514e-10
1.219519091e-09
-1.12653395e-10
1.190045908e-09
-1.086096672e-10
1.158287396e-09
-1.038709308e-10
1.124144041e-09
-9.843399284e-11
1.087434682e-09
-9.22956161e-11
1.047874467e-09
-8.545549507e-11
1.005052164e-09
-7.792239707e-11
9.584112006e-10
-6.972419129e-11
9.072419815e-10
-6.092167134e-11
8.506906223e-10
-5.162477832e-11
7.877827471e-10
-4.200996266e-11
7.174577285e-10
-3.233724207e-11
6.386042407e-10
-2.296638028e-11
5.500908755e-10
-1.437235443e-11
4.507889354e-10
-7.15935873e-12
3.396013163e-10
-2.072353288e-12
2.155282842e-10
7.772104767e-11
-4.543628323e-13
7.093808437e-11
-1.779973287e-12
2.073503715e-10
-3.916460063e-12
3.354457272e-10
-6.799122274e-12
4.551550612e-10
-1.035970808e-11
5.665005812e-10
-1.452753079e-11
6.695656744e-10
-1.923013677e-11
7.644825191e-10
-2.439380995e-11
8.514286088e-10
-2.994399509e-11
9.306186551e-10
-3.580584544e-11
1.002296748e-09
-4.190461012e-11
1.066729603e-09
-4.816604771e-11
1.124200646e-09
-5.451679859e-11
1.17500453e-09
-6.088481939e-11
1.219442515e-09
-6.719980752e-11
1.257818431e-09
-7.339363322e-11
1.290435195e-09
-7.940087666e-11
1.317592222e-09
-8.515911241e-11
1.339582967e-09
-9.060941149e-11
1.3566933e-09
-9.569676905e-11
1.369200085e-09
-1.003703029e-10
1.377370048e-09
-1.045837188e-10
1.381459184e-09
-1.082953862e-10
1.381711655e-09
-1.114683605e-10
1.378359326e-09
-1.140707253e-10
1.37162115e-09
-1.160752555e-10
1.361702322e-09
-1.174593351e-10
1.348793166e-09
-1.182048323e-10
1.333068085e-09
-1.182976435e-10
1.314683857e-09
-1.177272779e-10
1.293777262e-09
-1.164864054e-10
1.270462447e-09
-1.145701978e-10
1.244826601e-09
-1.119756519e-10
1.216924546e-09
-1.087008833e-10
1.18677114e-09
-1.047444033e-10
1.154330916e-09
-1.001046226e-10
1.11950426e-09
-9.47799328e-11
1.082109992e-09
-8.876994831e-11
1.041864482e-09
-8.207880175e-11
9.98361017e-10
-7.472134759e-11
9.510537463e-10
-6.673296e-11
8.992535938e-10
-5.81819142e-11
8.421395763e-10
-4.918411363e-11
7.787849465e-10
-3.991799145e-11
7.081916063e-10
-3.063918664e-11
6.293254358e-10
-2.169393142e-11
5.411456201e-10
-1.353161549e-11
4.426266195e-10
-6.716190364e-12
3.327858912e-10
-1.935046757e-12
2.107471406e-10
7.578600091e-11
-4.302436115e-13
7.136832798e-11
-1.685748298e-12
2.086058762e-10
-3.710303218e-12
3.374702822e-10
-6.443953635e-12
4.578887117e-10
-9.823612767e-12
5.698802404e-10
-1.37841197e-11
6.735261811e-10
-1.825837575e-11
7.689567749e-10
-2.317805278e-11
8.56348286e-10
-2.84737773e-11
9.359143798e-10
-3.407547465e-11
1.007898446e-09
-3.991278987e-11
1.072566918e-09
-4.591539515e-11
1.130203251e-09
-5.201340771e-11
1.181102542e-09
-5.813780504e-11
1.225566913e-09
-6.422082853e-11
1.263901454e-09
-7.019649885e-11
1.296410865e-09
-7.60009975e-11
1.323396721e-09
-8.1573311e-11
1.34515528e-09
-8.685546406e-11
1.361975453e-09
-9.179311002e-11
1.374137732e-09
-9.633586533e-11
1.381912804e-09
-1.004375817e-10
1.3855609e-09
-1.040565988e-10
1.385330672e-09
-1.071558194e-10
1.381458547e-09
-1.09703008e-10
1.374168339e-09
-1.116705052e-10
1.363669819e-09
-1.130351595e-10
1.35015782e-09
-1.137781727e-10
1.333811098e-09
-1.138846881e-10
1.314790372e-09
-1.133435591e-10
1.293236133e-09
-1.121467387e-10
1.269265627e-09
-1.102887277e-10
1.24296859e-09
-1.07766057e-10
1.214401875e-09
-1.045765499e-10
1.183581632e-09
-1.007188148e-10
1.150473181e-09
-9.619204661e-11
1.114977491e-09
-9.099620807e-11
1.076914154e-09
-8.513374214e-11
1.036002016e-09
-7.861294277e-11
9.918402176e-10
-7.145425297e-11
9.438950565e-10
-6.369931629e-11
8.914986571e-10
-5.542266125e-11
8.338629213e-10
-4.6744397e-11
7.701066822e-10
-3.784313528e-11
6.992903446e-10
-2.896847066e-11
6.204507711e-10
-2.045207842e-11
5.326292279e-10
-1.27178136e-11
4.348923547e-10
-6.290876074e-12
3.263589537e-10
-1.804622367e-12
2.062608869e-10
7.398137855e-11
-4.069128875e-13
7.177524086e-11
-1.594559662e-12
2.09793523e-10
-3.510597956e-12
3.393863206e-10
-6.099441196e-12
4.604775549e-10
-9.302854811e-12
5.730836539e-10
-1.306060801e-11
6.772839344e-10
-1.731076223e-11
7.732069292e-10
-2.198983777e-11
8.610273616e-10
-2.703327449e-11
9.409578166e-10
-3.237555795e-11
1.013240729e-09
-3.795052205e-11
1.078141882e-09
-4.369166422e-11
1.135944393e-09
-4.953256303e-11
1.186943441e-09
-5.540727432e-11
1.231441624e-09
-6.125064831e-11
1.269744828e-09
-6.699897519e-11
1.302159192e-09
-7.259041803e-11
1.328988163e-09
-7.79654517e-11
1.350530314e-09
-8.306745641e-11
1.367077457e-09
-8.784301695e-11
1.378913292e-09
-9.224251863e-11
1.386312305e-09
-9.622026003e-11
1.389538641e-09
-9.973486324e-11
1.388845275e-09
-1.027494153e-10
1.384473099e-09
-1.05231531e-10
1.376650455e-09
-1.071532759e-10
1.365591564e-09
-1.084911618e-10
1.351495705e-09
-1.092259127e-10
1.334545848e-09
-1.093421414e-10
1.3149066e-09
-1.088280843e-10
1.292722076e-09
-1.076751109e-10
1.268112653e-09
-1.058771856e-10
1.241170665e-09
-1.034303913e-10
1.21195508e-09
-1.003323754e-10
1.180483617e-09
-9.658198658e-11
1.146722792e-09
-9.217912608e-11
1.110574631e-09
-8.712538605e-11
1.071860414e-09
-8.142582348e-11
1.030302454e-09
-7.509267515e-11
9.855070694e-10
-6.815132004e-11
9.369537015e-10
-6.064883743e-11
8.839961745e-10
-5.26645181e-11
8.25878602e-10
-4.432113559e-11
7.617632998e-10
-3.579607481e-11
6.90765284e-10
-2.733148556e-11
6.11986182e-10
-1.924379358e-11
5.245415359e-10
-1.193159416e-11
4.275801553e-10
-5.883007339e-12
3.203103669e-10
-1.680640947e-12
2.020585205e-10
7.23007376e-11
-3.848049452e-13
7.216004581e-11
-1.508096896e-12
2.10916815e-10
-3.321039656e-12
3.411992633e-10
-5.77201458e-12
4.629285299e-10
-8.807109863e-12
5.761187493e-10
-1.237045921e-11
6.808472837e-10
-1.640472614e-11
7.772411963e-10
-2.085095017e-11
8.654735854e-10
-2.564885685e-11
9.457557229e-10
-3.073709112e-11
1.018328963e-09
-3.605343503e-11
1.083458226e-09
-4.153506497e-11
1.141426023e-09
-4.71188923e-11
1.192527268e-09
-5.274191128e-11
1.237064643e-09
-5.834175583e-11
1.275344673e-09
-6.38571349e-11
1.307674571e-09
-6.922829288e-11
1.334359321e-09
-7.439750627e-11
1.355699527e-09
-7.930968547e-11
1.371989637e-09
-8.391270832e-11
1.383516314e-09
-8.815793673e-11
1.390557533e-09
-9.200053407e-11
1.393381238e-09
-9.539962379e-11
1.392244365e-09
-9.831867487e-11
1.38739215e-09
-1.00725442e-10
1.379057222e-09
-1.025920263e-10
1.367458148e-09
-1.038948195e-10
1.352798499e-09
-1.046142713e-10
1.3352653e-09
-1.047346107e-10
1.31502694e-09
-1.042436401e-10
1.292231105e-09
-1.031321868e-10
1.2670012e-09
-1.013938514e-10
1.239432329e-09
-9.902436215e-11
1.209585591e-09
-9.602129243e-11
1.177480547e-09
-9.238372206e-11
1.143085221e-09
-8.811242021e-11
1.106303329e-09
-8.32105213e-11
1.066958515e-09
-7.768561416e-11
1.024777547e-09
-7.155336166e-11
9.793748169e-10
-6.484345498e-11
9.302437947e-10
-5.760761589e-11
8.767603355e-10
-4.992867757e-11
8.181996637e-10
-4.193067749e-11
7.537652997e-10
-3.378838071e-11
6.826229871e-10
-2.573562865e-11
6.039334299e-10
-1.807310086e-11
5.168790081e-10
-1.117464503e-11
4.206816995e-10
-5.492922033e-12
3.146286438e-10
-1.563023732e-12
1.981286222e-10
7.073771387e-11
-3.643052813e-13
7.252435112e-11
-1.427881911e-12
2.119803916e-10
-3.145000392e-12
3.429163818e-10
-5.467512721e-12
4.652510422e-10
-8.345132706e-12
5.789963692e-10
-1.172593098e-11
6.84228082e-10
-1.555636794e-11
7.810716332e-10
-1.978147824e-11
8.696986959e-10
-2.434484613e-11
9.50319091e-10
-2.918882212e-11
1.023172939e-09
-3.425472397e-11
1.088524128e-09
-3.948308739e-11
1.146654386e-09
-4.481399711e-11
1.197858178e-09
-5.018742536e-11
1.242438071e-09
-5.554374777e-11
1.280700996e-09
-6.082407062e-11
1.312954894e-09
-6.59709054e-11
1.339506156e-09
-7.092853843e-11
1.360657161e-09
-7.564362885e-11
1.376704727e-09
-8.006560507e-11
1.387938291e-09
-8.414714562e-11
1.394639074e-09
-8.784440958e-11
1.397078503e-09
-9.111746641e-11
1.395517422e-09
-9.393043679e-11
1.39020512e-09
-9.625151327e-11
1.381378298e-09
-9.805303986e-11
1.369259675e-09
-9.931150168e-11
1.354056961e-09
-1.000072822e-10
1.335961082e-09
-1.001244699e-10
1.315144128e-09
-9.965057866e-11
1.291757215e-09
-9.857613741e-11
1.265926759e-09
-9.689444997e-11
1.237750642e-09
-9.460109011e-11
1.207292231e-09
-9.169359496e-11
1.174573052e-09
-8.817140692e-11
1.139563033e-09
-8.403608127e-11
1.102168003e-09
-7.929225693e-11
1.062214691e-09
-7.394989456e-11
1.019435184e-09
-6.802779548e-11
9.734527178e-10
-6.155932273e-11
9.23775322e-10
-5.459970846e-11
8.698007212e-10
-4.723447513e-11
8.108344304e-10
-3.958773403e-11
7.461185585e-10
-3.183046788e-11
6.74865721e-10
-2.418752392e-11
5.962904859e-10
-1.694359178e-11
5.09635076e-10
-1.044840139e-11
4.141865091e-10
-5.120890793e-12
3.093011333e-10
-1.45167072e-12
1.944594021e-10
6.928604315e-11
-3.457700562e-13
7.287012118e-11
-1.355308733e-12
2.129899303e-10
-2.985532242e-12
3.445466052e-10
-5.19114222e-12
4.674566522e-10
-7.924856597e-12
5.817300837e-10
-1.113799836e-11
6.874412239e-10
-1.478024171e-11
7.847138766e-10
-1.879981697e-11
8.737182712e-10
-2.314360364e-11
9.546628777e-10
-2.775716044e-11
1.027786496e-09
-3.258493297e-11
1.093351901e-09
-3.757047635e-11
1.15163993e-09
-4.265683186e-11
1.202944533e-09
-4.778676151e-11
1.247568001e-09
-5.29032342e-11
1.285817468e-09
-5.794991181e-11
1.318001571e-09
-6.287158486e-11
1.344427829e-09
-6.761470656e-11
1.365400282e-09
-7.212788386e-11
1.381217905e-09
-7.636234154e-11
1.392172748e-09
-8.027231668e-11
1.398549049e-09
-8.381536076e-11
1.400621546e-09
-8.695266087e-11
1.398654722e-09
-8.964926398e-11
1.392901724e-09
-9.187411017e-11
1.383603144e-09
-9.360011687e-11
1.370985681e-09
-9.480412339e-11
1.355260967e-09
-9.546664157e-11
1.336623599e-09
-9.557188961e-11
1.315249376e-09
-9.510726999e-11
1.291292594e-09
-9.406328693e-11
1.264882775e-09
-9.243301217e-11
1.236120367e-09
-9.021196778e-11
1.205071187e-09
-8.739780932e-11
1.171758894e-09
-8.399045723e-11
1.136155682e-09
-7.999230081e-11
1.098169847e-09
-7.54094193e-11
1.057631809e-09
-7.025379021e-11
1.014279555e-09
-6.454704097e-11
9.677459687e-10
-5.832564559e-11
9.175539268e-10
-5.164760529e-11
8.63122681e-10
-4.459992073e-11
8.037867458e-10
-3.730594348e-11
7.388245814e-10
-2.993197478e-11
6.674917522e-10
-2.269325749e-11
5.890517687e-10
-1.585855458e-11
5.028003731e-10
-9.754206007e-12
4.080821605e-10
-4.767143538e-12
3.043140708e-10
-1.3464748e-12
1.910387334e-10
6.793956836e-11
-3.295140958e-13
7.319963527e-11
-1.291598707e-12
2.139520149e-10
-2.845294072e-12
3.461003007e-10
-4.947500383e-12
4.695588586e-10
-7.553363969e-12
5.843359473e-10
-1.061653889e-11
6.905043988e-10
-1.4089308e-11
7.881866458e-10
-1.792243836e-11
8.775514014e-10
-2.206533269e-11
9.588057719e-10
-2.64662037e-11
1.032187367e-09
-3.107213225e-11
1.097957829e-09
-3.582934847e-11
1.156397146e-09
-4.068342336e-11
1.207798609e-09
-4.557966733e-11
1.252464245e-09
-5.046367698e-11
1.290701478e-09
-5.528154469e-11
1.322819439e-09
-5.998037355e-11
1.349126658e-09
-6.450889795e-11
1.369928806e-09
-6.881786487e-11
1.385526871e-09
-7.286048461e-11
1.396215368e-09
-7.659276428e-11
1.402281328e-09
-7.997386922e-11
1.404002651e-09
-8.296649909e-11
1.401647351e-09
-8.553692166e-11
1.395472146e-09
-8.765510559e-11
1.385721329e-09
-8.929482058e-11
1.372625397e-09
-9.04334518e-11
1.356399599e-09
-9.105204684e-11
1.337242194e-09
-9.113509163e-11
1.315332421e-09
-9.067020295e-11
1.290827706e-09
-8.964791951e-11
1.263860492e-09
-8.806146252e-11
1.23453391e-09
-8.590641034e-11
1.202916135e-09
-8.318070525e-11
1.169033189e-09
-7.988465036e-11
1.132859627e-09
-7.602151935e-11
1.094306716e-09
-7.159887044e-11
1.05320916e-09
-6.663056561e-11
1.00931125e-09
-6.114050278e-11
9.622559056e-10
-5.516771147e-11
9.115811353e-10
-4.877227054e-11
8.5672724e-10
-4.20417906e-11
7.970562659e-10
-3.509794721e-11
7.318807379e-10
-2.810174247e-11
6.604955474e-10
-2.125842038e-11
5.822084466e-10
-1.482100005e-11
4.963629528e-10
-9.09325786e-12
4.023544183e-10
-4.431903294e-12
2.996527162e-10
-1.247369391e-12
1.878541995e-10
6.669219897e-11
-3.158027953e-13
7.351543807e-11
-1.237785958e-12
2.148739981e-10
-2.726563201e-12
3.475890779e-10
-4.740627495e-12
4.715729228e-10
-7.236784165e-12
5.868321039e-10
-1.017028966e-11
6.934379042e-10
-1.349514327e-11
7.915114993e-10
-1.716395861e-11
8.812202168e-10
-2.112804281e-11
9.627698562e-10
-2.533754396e-11
1.036396868e-09
-2.974162568e-11
1.102361911e-09
-3.428865561e-11
1.160944176e-09
-3.892641201e-11
1.212436365e-09
-4.360265296e-11
1.257140486e-09
-4.826515085e-11
1.295363976e-09
-5.286236e-11
1.327416649e-09
-5.734383878e-11
1.353608137e-09
-6.166060685e-11
1.374245575e-09
-6.576559055e-11
1.389631855e-09
-6.961419916e-11
1.400063977e-09
-7.316445445e-11
1.405831584e-09
-7.637744393e-11
1.407215641e-09
-7.921752995e-11
1.404487438e-09
-8.165252102e-11
1.397907137e-09
-8.365369607e-11
1.387722504e-09
-8.519597026e-11
1.374167671e-09
-8.625773082e-11
1.357461359e-09
-8.682074932e-11
1.337805213e-09
-8.68700305e-11
1.315381702e-09
-8.639364579e-11
1.290351321e-09
-8.538244615e-11
1.262849292e-09
-8.382991595e-11
1.23298138e-09
-8.173196361e-11
1.200818182e-09
-7.908692568e-11
1.166388151e-09
-7.589570883e-11
1.12966841e-09
-7.216244728e-11
1.090573455e-09
-6.789589643e-11
1.048942609e-09
-6.311172826e-11
1.004527082e-09
-5.783589175e-11
9.569800693e-10
-5.210925196e-11
9.058544954e-10
-4.599332351e-11
8.506113113e-10
-3.957568594e-11
7.906386281e-10
-3.297549302e-11
7.252805449e-10
-2.634799686e-11
6.538680513e-10
-1.988824418e-11
5.757486939e-10
-1.383377362e-11
4.903084822e-10
-8.466790922e-12
3.969874356e-10
-4.115483771e-12
2.953014091e-10
-1.154322652e-12
1.848930384e-10
6.553787632e-11
-3.048509667e-13
7.382028907e-11
-1.194733748e-12
2.15763881e-10
-2.631289797e-12
3.49025634e-10
-4.573969615e-12
4.735156027e-10
-6.980342199e-12
5.892384765e-10
-9.80665284e-12
6.962642149e-10
-1.300772398e-11
7.947125706e-10
-1.653718161e-11
8.847496746e-10
-2.034751657e-11
9.665801911e-10
-2.439016367e-11
1.040439515e-09
-2.861573383e-11
1.106587481e-09
-3.29742523e-11
1.165302694e-09
-3.741535883e-11
1.216877472e-09
-4.188866462e-11
1.261613791e-09
-4.634401524e-11
1.299819326e-09
-5.073218602e-11
1.331804819e-09
-5.500489867e-11
1.357880849e-09
-5.911554268e-11
1.378356219e-09
-6.301939726e-11
1.39353571e-09
-6.667411683e-11
1.403718696e-09
-7.003994347e-11
1.409197411e-09
-7.308007241e-11
1.41025577e-09
-7.576084078e-11
1.407168206e-09
-7.80518904e-11
1.400198187e-09
-7.992612674e-11
1.38959674e-09
-8.135988201e-11
1.375601426e-09
-8.233278282e-11
1.35843426e-09
-8.282763378e-11
1.338300063e-09
-8.283034938e-11
1.315384417e-09
-8.232967246e-11
1.289850644e-09
-8.131708322e-11
1.261836703e-09
-7.978654671e-11
1.231450843e-09
-7.773445772e-11
1.198766093e-09
-7.515967358e-11
1.163813367e-09
-7.206377847e-11
1.126572515e-09
-6.845194635e-11
1.086961623e-09
-6.433411509e-11
1.044824778e-09
-5.972736865e-11
9.999203356e-10
-5.465939997e-11
9.519121006e-10
-4.917263468e-11
9.003677303e-10
-4.332923093e-11
8.447679079e-10
-3.7216163e-11
7.845255604e-10
-3.094949356e-11
7.190138756e-10
-2.467835334e-11
6.47596911e-10
-1.858748633e-11
5.696578268e-10
-1.289945963e-11
4.846204555e-10
-7.875852307e-12
3.919638284e-10
-3.818112659e-12
2.912436694e-10
-1.067295472e-12
1.821422211e-10
6.447058083e-11
-2.968466144e-13
7.411713569e-11
-1.163182049e-12
2.166302163e-10
-2.561116219e-12
3.50423568e-10
-4.450311941e-12
4.754047983e-10
-6.788412175e-12
5.915765767e-10
-9.531758119e-12
6.990075609e-10
-1.263530715e-11
7.978161196e-10
-1.605285531e-11
8.881672226e-10
-1.973722155e-11
9.702645572e-10
-2.364046303e-11
1.044342757e-09
-2.771403392e-11
1.110661052e-09
-3.190897036e-11
1.169497631e-09
-3.617623457e-11
1.221144735e-09
-4.046694995e-11
1.265904507e-09
-4.473293393e-11
1.30408531e-09
-4.892674335e-11
1.335998628e-09
-5.300240401e-11
1.36195651e-09
-5.691550432e-11
1.382269319e-09
-6.062367496e-11
1.39724388e-09
-6.408697264e-11
1.407181994e-09
-6.72679981e-11
1.412378436e-09
-7.013224957e-11
1.413120021e-09
-7.264829423e-11
1.409684251e-09
-7.478779077e-11
1.402337683e-09
-7.652562292e-11
1.391334572e-09
-7.783984563e-11
1.376915649e-09
-7.871161227e-11
1.359306027e-09
-7.912515747e-11
1.338713609e-09
-7.906751116e-11
1.315326771e-09
-7.852843166e-11
1.289311565e-09
-7.750023551e-11
1.260808507e-09
-7.597766232e-11
1.22992827e-09
-7.395783464e-11
1.196746265e-09
-7.144034664e-11
1.161295878e-09
-6.842758443e-11
1.123559752e-09
-6.492560771e-11
1.083459646e-09
-6.094567446e-11
1.040844844e-09
-5.650619091e-11
9.954808517e-10
-5.163613689e-11
9.470420467e-10
-4.637911611e-11
8.951107096e-10
-4.079744356e-11
8.391862351e-10
-3.497693083e-11
7.787050475e-10
-2.903017415e-11
7.130671189e-10
-2.309988902e-11
6.416666259e-10
-1.736063276e-11
5.639185705e-10
-1.202046748e-11
4.792802901e-10
-7.321446821e-12
3.872648075e-10
-3.539976947e-12
2.874621996e-10
-9.8622663e-13
1.795884709e-10
6.348435421e-11
-2.919349595e-13
7.440907064e-11
-1.143692553e-12
2.174819739e-10
-2.517257161e-12
3.517971328e-10
-4.371801407e-12
4.772593426e-10
-6.664424563e-12
5.938691999e-10
-9.350582109e-12
7.016937184e-10
-1.238459006e-11
8.008501274e-10
-1.571964639e-11
8.915022789e-10
-1.930816248e-11
9.738530738e-10
-2.310202042e-11
1.048136615e-09
-2.705275637e-11
1.114611788e-09
-3.111188826e-11
1.173556763e-09
-3.523117688e-11
1.225264024e-09
-3.936295104e-11
1.270036281e-09
-4.346033258e-11
1.308182692e-09
-4.747772819e-11
1.340016024e-09
-5.137100984e-11
1.365849792e-09
-5.509800225e-11
1.385996311e-09
-5.861870861e-11
1.400764587e-09
-6.189549157e-11
1.410458777e-09
-6.489346756e-11
1.415376412e-09
-6.7580654e-11
1.415807208e-09
-6.992803916e-11
1.412031636e-09
-7.190954102e-11
1.404319185e-09
-7.350230744e-11
1.392927339e-09
-7.46863721e-11
1.378099713e-09
-7.544474999e-11
1.360064405e-09
-7.576334647e-11
1.339032206e-09
-7.56307172e-11
1.315194142e-09
-7.503794383e-11
1.288718791e-09
-7.397847002e-11
1.259749033e-09
-7.244801805e-11
1.228397818e-09
-7.044466617e-11
1.194742914e-09
-6.796893489e-11
1.158820147e-09
-6.502428195e-11
1.120615099e-09
-6.16177608e-11
1.080053125e-09
-5.77616664e-11
1.03698875e-09
-5.347579106e-11
9.911949767e-10
-4.879015422e-11
9.423564098e-10
-4.374902206e-11
8.900695774e-10
-3.841469162e-11
8.338519047e-10
-3.287115616e-11
7.73161512e-10
-2.722739793e-11
7.074233605e-10
-2.161946964e-11
6.360586976e-10
-1.621204705e-11
5.58511148e-10
-1.11992138e-11
4.74267457e-10
-6.804612525e-12
3.828702064e-10
-3.281365303e-12
2.839389524e-10
-9.111136776e-13
1.772182192e-10
6.257324053e-11
-2.902046418e-13
-1.136613766e-12
-2.500504079e-12
-4.339956104e-12
-6.610671695e-12
-9.26661289e-12
-1.22604792e-11
-1.554411013e-11
-1.906872553e-11
-2.278526894e-11
-2.664473934e-11
-3.059851274e-11
-3.459856695e-11
-3.859778027e-11
-4.255042124e-11
-4.641217926e-11
-5.014079282e-11
-5.369598171e-11
-5.704004941e-11
1.404108654e-09
-6.013782696e-11
1.413556555e-09
-6.295692042e-11
1.418195506e-09
-6.546794776e-11
1.418318235e-09
-6.764439121e-11
1.414208079e-09
-6.946283811e-11
1.406137632e-09
-7.09028112e-11
1.394367312e-09
-7.194672672e-11
1.379143629e-09
-7.257973908e-11
1.360697417e-09
-7.278969873e-11
1.339242165e-09
-7.256694778e-11
1.314971391e-09
-7.190415841e-11
1.288056002e-09
-7.079630069e-11
1.258641175e-09
-6.924048583e-11
1.226842003e-09
-6.723590814e-11
1.192738336e-09
-6.478422846e-11
1.156368467e-09
-6.18899459e-11
1.117720817e-09
-5.856145306e-11
1.076724632e-09
-5.481213601e-11
1.033239433e-09
-5.06628246e-11
9.870456649e-10
-4.614461033e-11
9.378381952e-10
-4.130205902e-11
8.852270261e-10
-3.619701974e-11
8.287468657e-10
-3.091150551e-11
7.678759981e-10
-2.555057335e-11
7.020624285e-10
-2.024369396e-11
6.307518183e-10
-1.514590451e-11
5.534133587e-10
-1.043802014e-11
4.695595727e-10
-6.326406611e-12
3.787585928e-10
-3.042573334e-12
2.80655119e-10
-8.419548897e-13
1.750176008e-10
6.173128564e-11
-5.591841765e-11
-5.884729121e-11
-6.149408985e-11
-6.383202367e-11
-6.583737864e-11
-6.748939149e-11
-6.877023274e-11
-6.966487499e-11
-7.016098012e-11
-7.02487029e-11
-6.992042993e-11
-6.917085466e-11
-6.799661708e-11
-6.639641548e-11
-6.437103342e-11
-6.192350059e-11
-5.9059621e-11
-5.578894771e-11
-5.212624198e-11
-4.809333314e-11
-4.372210593e-11
-3.905737289e-11
-3.416016258e-11
-2.91103962e-11
-2.400905142e-11
-1.897911786e-11
-1.416643892e-11
-9.739267965e-12
-5.887887448e-12
-2.823906841e-12
-7.787702342e-13
)
;

boundaryField
{
    front_top
    {
        type            wedge;
        value           nonuniform 0();
    }
    front_middle
    {
        type            wedge;
        value           nonuniform List<scalar> 
1167
(
3.460920406e-21
-9.54233708e-22
-9.902850483e-22
-1.265397575e-20
-9.702225932e-22
3.884511449e-21
-1.085750598e-21
-1.390965521e-20
-1.067819125e-21
4.268690571e-21
-1.186268365e-21
-1.525948338e-20
-1.17406398e-21
4.679159612e-21
-1.295784072e-21
-1.671238258e-20
-1.287550072e-21
5.125132588e-21
-1.41466158e-21
-1.830964804e-20
-1.411404699e-21
5.625671669e-21
-1.550016026e-21
3.005275788e-22
3.94644587e-20
-2.025643518e-20
-1.602125006e-20
-4.695729688e-21
-1.654647748e-20
4.451772948e-20
-3.536661632e-20
-5.153371194e-21
1.344971411e-22
-2.393328747e-20
3.617118452e-20
-5.885274408e-21
-2.022450386e-20
-5.690141583e-21
1.830869566e-20
-6.398016311e-21
-8.773679716e-23
-2.904275176e-20
-2.297481992e-20
6.11140206e-20
-2.450586806e-20
-7.107236319e-21
-2.277164683e-20
6.284791252e-20
-3.867276704e-20
2.0691913e-20
-2.506236395e-20
-1.162616718e-20
2.218710026e-20
5.615568196e-21
-2.755103512e-20
2.341320605e-20
-4.785937879e-20
5.981393086e-20
-2.988283522e-20
-5.025449318e-20
2.658592594e-20
6.592197436e-21
2.807393827e-20
-5.511689472e-20
7.030774901e-21
-3.5412895e-20
9.716298734e-20
-6.051685483e-20
3.191520089e-20
-2.834053467e-20
4.028119817e-20
-4.449304949e-20
1.455262541e-20
-8.726035979e-22
-1.188869784e-21
-1.500754123e-21
1.532870043e-20
-1.607893941e-21
-1.424263074e-21
-3.455222423e-20
3.337757105e-20
-3.671297815e-20
-2.064231894e-21
-1.907031967e-21
1.831831234e-20
-2.005581795e-21
-6.247328333e-20
6.020176106e-20
-6.544156109e-20
8.592668025e-20
-6.860117798e-20
9.005094568e-20
1.97139082e-20
-2.442406975e-20
-2.230111144e-20
-8.693696477e-21
1.982721551e-20
-8.987520878e-21
5.097914285e-21
-8.673816068e-21
2.261788239e-20
-2.660544685e-20
-1.032631748e-20
5.410238676e-21
-1.012164586e-20
2.495856734e-20
-3.012686208e-20
2.617838931e-20
-3.09723622e-20
-1.158980486e-20
2.769659428e-20
-3.395707075e-20
2.908182433e-20
-3.506416477e-20
5.404888983e-20
1.248394428e-19
-8.411317857e-20
-4.169244734e-20
1.027485898e-19
-4.637842802e-20
-4.490555391e-20
9.397526086e-20
-9.545095972e-20
-4.700303984e-20
1.192452486e-19
-5.175578787e-20
-6.8739189e-20
1.268225949e-19
-5.602582519e-20
4.91427451e-22
9.698562184e-23
-5.608253215e-20
1.451102597e-21
2.201535274e-20
1.219053063e-21
-2.054459126e-20
2.2938751e-20
6.680741343e-22
9.58525205e-20
-3.739405222e-20
-8.015787935e-20
1.049137908e-19
-3.790668491e-20
-4.193703111e-20
1.119559955e-19
-8.748371943e-20
-9.245891219e-20
1.194536809e-19
-4.487138461e-20
-4.864636174e-20
1.274567455e-19
-4.862996215e-20
-4.767666129e-20
2.491945292e-20
-4.994972769e-20
4.116807725e-21
2.440365467e-20
-5.385707808e-20
5.881962123e-21
7.025707154e-20
4.975723867e-21
-2.396903973e-20
-2.195488048e-20
3.346593277e-20
-2.787829762e-20
-6.539937467e-20
1.201809131e-19
-2.910252992e-20
-6.9724981e-20
8.288602842e-20
-3.312236851e-20
-7.711366565e-20
1.358774973e-19
-8.242808748e-20
-3.083659322e-20
9.33348422e-20
-8.975924545e-20
-3.506595607e-20
1.003572521e-19
-3.811272401e-20
-9.571827726e-20
1.060001228e-19
4.816780734e-22
-4.017499848e-20
-3.760415384e-20
-4.043319886e-20
9.215785883e-20
-4.148393768e-20
-8.580856153e-20
-1.228120806e-22
-3.449733445e-20
-8.164847953e-20
1.565850731e-19
-3.881673464e-20
-8.877096267e-20
1.661167959e-19
-9.229561233e-20
-4.845087147e-20
1.765731848e-19
-9.98314787e-20
-1.282258484e-21
7.892063582e-20
-5.406817937e-20
-1.679445455e-21
8.410635526e-20
-2.595835397e-19
5.043055559e-21
-1.476024397e-20
7.207585352e-20
1.656855379e-20
-5.472773911e-20
-1.465830671e-20
-2.282889521e-20
-3.086816938e-20
-7.030185331e-20
1.738150986e-20
8.111620819e-20
-3.068285877e-20
-2.732885846e-20
-2.422635022e-20
9.078666545e-20
1.908765898e-20
-7.646705778e-20
2.651937814e-20
1.032607675e-19
-8.130621847e-20
2.843773208e-20
-7.947610831e-20
-3.084375133e-20
-3.674381861e-20
-3.942756066e-20
5.319250813e-20
-3.036811682e-20
5.355622185e-20
-8.278591899e-20
5.768661846e-20
-3.417982378e-20
-7.655927163e-20
1.000056711e-19
5.917691243e-20
-4.210196712e-20
-8.81978577e-20
-4.595203177e-20
2.284081003e-19
-4.967349524e-20
-1.466173224e-19
-5.058264515e-20
7.791520743e-20
7.751787383e-20
-5.745754407e-20
-1.133817321e-19
1.361091544e-19
-1.113037006e-19
-2.750286137e-21
-6.930213221e-21
-1.125599901e-20
1.167416864e-19
-1.666092802e-19
-1.038506333e-21
-5.398529291e-21
2.769919697e-20
1.291287268e-19
-8.669535242e-21
-1.529084614e-19
-4.36972211e-21
-8.232661135e-21
1.502243528e-19
-4.440547324e-21
-5.633113586e-20
-1.422889791e-20
-1.834220847e-19
1.690407044e-19
-4.368606447e-21
-7.509270749e-21
-1.058273084e-20
-1.366387071e-20
-9.642928274e-22
2.784272334e-21
1.190399227e-19
-3.791331954e-21
-1.655461725e-19
-6.351652416e-21
-2.533280035e-21
4.131731015e-20
1.37933799e-19
-1.330438075e-21
-1.465232242e-19
-7.266763692e-21
-4.460237762e-20
2.78908233e-21
1.551235032e-19
-2.716739505e-21
1.587905645e-22
-1.681955499e-19
-4.733907746e-21
-2.04760429e-21
1.236815589e-19
-3.849402171e-21
-1.28242816e-21
1.552163786e-20
-9.718655724e-20
1.412590268e-19
2.631419253e-20
-1.305026772e-19
2.441235052e-20
1.81905915e-20
-1.097754741e-19
1.598550382e-19
2.890649009e-20
2.310765755e-20
-1.165895099e-19
-1.762819503e-20
1.675886356e-20
2.421483699e-20
3.124388743e-20
2.656558276e-20
-1.329697268e-19
2.884115633e-20
2.474297716e-20
1.471479626e-19
-1.464904608e-19
3.056580576e-20
-3.832902965e-21
2.127084451e-20
-1.720848626e-20
2.430761142e-20
-1.254811045e-19
1.398028171e-19
-1.389396095e-20
-1.025053542e-19
1.083107114e-19
1.864302915e-20
-1.082221757e-20
-1.076144087e-19
1.231524933e-19
2.518630676e-20
-1.606578198e-19
-1.266136811e-20
1.835483364e-19
-1.730918804e-19
2.852824571e-20
-1.109428049e-20
2.031963797e-19
-1.859310567e-19
3.445442312e-20
-6.227157574e-20
1.809784719e-19
-8.182260521e-20
9.231807664e-21
-1.373198258e-19
1.654686998e-19
-2.046680819e-20
-1.075470451e-19
1.105465329e-19
2.22114431e-20
-2.202139126e-20
-8.098384007e-20
1.151720588e-19
1.908913091e-20
-1.619638117e-19
-2.335399886e-20
1.655254406e-19
-2.440714312e-20
-9.234989799e-20
-2.876810371e-20
1.776237891e-19
-2.985023118e-20
-1.505812186e-19
9.371138116e-20
1.866461286e-19
-3.258783149e-19
1.610730275e-19
-7.20883255e-20
1.724194752e-19
-1.145940774e-19
-1.413936157e-19
5.864988127e-20
5.932756353e-20
-2.39284984e-20
-2.512767589e-20
-6.167142489e-20
7.677553548e-20
-2.858183603e-20
-7.14570909e-20
7.534605355e-20
1.162625619e-19
-1.790559849e-19
7.865155754e-20
-2.690812184e-20
8.933853997e-20
-7.756922178e-20
1.249654375e-19
1.452050102e-19
-2.643900427e-19
1.23153124e-19
2.832394799e-20
1.482417419e-19
-1.058963455e-19
-4.032833018e-20
3.988974689e-20
4.447962984e-20
-4.313225533e-20
4.237530984e-20
-8.700942509e-20
1.687461898e-21
8.470776458e-20
-8.842593747e-20
4.370960005e-20
8.982146887e-20
-1.339236132e-19
5.036470705e-20
-5.707125538e-20
4.976808792e-20
1.041567879e-20
2.323827887e-19
-6.134793981e-20
-5.576388946e-20
-4.986483204e-20
-4.377949431e-20
-3.762611585e-20
6.825540192e-20
-4.21820552e-20
-3.61951891e-20
-3.043791027e-20
-2.497350067e-20
-1.985010742e-20
1.490147261e-19
8.157340207e-20
-1.488536752e-20
-1.30823821e-20
-4.751003661e-20
-6.104228418e-21
-4.62168081e-20
-6.938083132e-21
-5.624862576e-21
9.703803504e-20
-5.654994024e-20
-1.364840298e-20
3.154203505e-19
5.38772482e-20
-2.17554103e-19
6.667327407e-20
4.861875967e-20
1.245630055e-19
-1.669079902e-19
4.289533585e-20
2.521801072e-20
-2.864054609e-19
3.778126256e-20
2.140874618e-20
-1.301844898e-19
2.195663735e-19
1.782013551e-19
-2.631320399e-20
-6.49106301e-20
-3.006312258e-20
-3.002089413e-20
-3.003454551e-20
-3.010413308e-20
7.586980947e-20
-2.190255764e-20
-2.213199691e-20
-1.109697568e-19
8.665518996e-20
-1.069653384e-19
1.364038531e-19
-1.197895678e-19
1.999632008e-19
-9.856521056e-20
1.660240169e-19
-1.119213987e-19
-1.185654769e-19
6.370861252e-20
-1.157767185e-19
-1.224758901e-19
1.821354329e-19
1.616742283e-19
-2.275593847e-19
1.585631197e-19
3.992603936e-20
-1.236402319e-19
8.275473409e-21
4.182104795e-20
-1.438595797e-21
-1.388264704e-19
4.402774135e-20
4.815383583e-20
-1.538492484e-19
-3.334643289e-20
3.3226845e-19
-3.128095967e-19
-1.311324324e-19
3.421033664e-19
-2.864834483e-20
-3.710342815e-20
4.992440378e-20
-1.369016401e-19
-4.746529887e-20
-5.519846178e-20
3.842192617e-19
-1.638872461e-19
-3.775054712e-19
4.380461721e-19
-1.216300171e-19
-1.333800009e-19
1.093794261e-19
2.014225577e-20
-4.659800524e-20
-1.455200205e-20
1.928282819e-20
3.798863669e-19
-1.961783621e-19
-1.282555073e-19
1.420941989e-19
5.333161199e-20
-2.448868597e-19
1.411462485e-19
-1.16133584e-19
3.283747403e-19
-1.377874109e-19
-2.420701096e-19
1.614993935e-19
-2.376750647e-19
4.833424868e-19
-2.479223267e-19
-2.604126298e-19
3.043890322e-19
6.942523901e-20
-1.522367351e-19
-1.845655657e-20
6.230118657e-21
4.808019391e-20
4.663891693e-20
-4.179653946e-20
8.45182203e-20
8.662126876e-20
-1.624828055e-19
-1.476621953e-19
3.554224414e-19
-1.517830748e-19
2.753149304e-22
-8.660344856e-20
3.685377887e-19
-1.762022869e-19
-2.690440112e-19
2.058374358e-19
-1.981809661e-19
2.978253125e-19
-1.893044805e-19
9.618151696e-20
-1.189984301e-19
1.008147494e-20
1.316016824e-19
-2.19476609e-19
2.452262422e-19
-1.263063806e-19
2.64450276e-20
5.526641089e-20
1.104039855e-20
2.128027798e-20
-5.862654949e-20
-2.37436402e-19
1.805497953e-19
-2.067580691e-19
2.082905326e-19
2.268564848e-20
3.374043038e-20
4.45438132e-20
-3.415271017e-19
3.026788702e-19
-2.43873841e-19
2.260069736e-19
2.113650291e-20
3.107970656e-20
4.052044995e-20
-4.951091435e-19
3.550427095e-19
2.998107193e-20
3.868101063e-20
-7.616724106e-20
-1.3647867e-19
2.18252159e-19
1.504558843e-19
-1.555591593e-19
7.252996286e-20
-1.554431873e-19
6.35417144e-20
-1.886442047e-19
5.478247802e-20
8.25890618e-20
-8.547480543e-20
7.447490817e-20
-1.821044303e-19
8.292378254e-20
-1.832446952e-19
1.799774741e-19
1.015249741e-19
-1.805008227e-19
1.090997171e-19
-1.974610702e-19
9.080797795e-20
1.130017342e-19
-1.984921198e-19
1.206779373e-19
-9.508476093e-20
1.170772896e-19
1.607683832e-19
4.136035739e-21
-3.709937533e-21
5.817221903e-20
-1.528306286e-19
1.835921283e-20
8.37847423e-20
-1.460019988e-20
6.999248103e-20
-2.386980451e-19
1.018553751e-19
-1.709090836e-21
-9.5526236e-21
1.677109624e-19
-2.416902916e-20
-2.85526572e-19
9.211012151e-20
8.710052997e-20
-1.259516061e-20
7.838424638e-20
-3.219673871e-19
-8.979619417e-21
2.047711444e-19
-2.088371829e-20
1.46461347e-19
7.646076993e-20
7.069136592e-20
1.479420073e-19
-3.636924601e-19
6.834557991e-20
1.491308096e-19
7.207868415e-20
-7.542573433e-21
-1.836744485e-19
-1.01215268e-19
7.949867259e-20
7.398583418e-20
1.646589058e-19
7.797037397e-20
-4.532005649e-19
1.689950133e-19
-1.139761514e-20
8.599115112e-20
1.871083306e-19
-2.159285508e-19
-2.248891807e-19
1.939883027e-19
9.120682089e-20
1.185441302e-19
4.699345733e-20
-6.652952952e-20
8.744643377e-20
-1.395546956e-19
1.224430718e-19
-1.49018263e-19
9.704689107e-20
8.773598952e-20
7.864063633e-20
-1.682412255e-19
-9.075395693e-20
8.228265691e-20
1.662882326e-19
8.035130976e-20
-4.181476807e-19
1.751934493e-19
-1.254750289e-20
7.858446154e-20
-8.127079888e-20
1.113610877e-19
-1.8167086e-19
1.852525416e-19
8.509644239e-20
1.514535061e-19
-3.072393287e-20
-1.56242221e-19
1.542940385e-19
-1.141108358e-19
2.45532707e-19
-2.605649352e-19
-5.596853233e-20
1.700119844e-19
-3.531062572e-20
1.823207198e-19
-2.048021989e-19
-1.281880933e-19
2.761246962e-19
-3.660952805e-20
-2.825410278e-19
1.9481641e-19
-4.275626485e-20
2.076706491e-19
-2.304302031e-19
-1.464647745e-19
2.167964513e-19
4.473865765e-20
2.30271244e-19
1.443546381e-19
-1.013564668e-19
4.40385445e-21
1.565862685e-20
-1.61934825e-19
2.286871666e-19
-1.588214799e-19
9.666633553e-20
-4.969534718e-20
2.68306147e-20
1.054478952e-19
3.509791555e-20
-2.768645372e-19
1.141797993e-19
3.990739693e-20
-1.989800587e-19
2.643189507e-19
-2.115100009e-19
2.799107918e-19
-1.209859064e-19
-6.530600165e-20
1.109625338e-19
2.490257803e-20
3.337057774e-20
1.195869311e-19
-2.223812279e-19
1.592543268e-19
-3.951006773e-20
-6.17136409e-20
1.265024215e-19
-3.129649782e-19
2.29177609e-19
-4.387300403e-20
7.795525112e-20
1.623449792e-20
-4.473084713e-20
-1.083632443e-19
1.894624967e-20
1.530684881e-19
-1.486864724e-19
2.290240741e-19
-2.923846826e-19
9.466677501e-20
2.396924804e-20
1.745177832e-19
-6.773320452e-20
-5.58947997e-20
-5.416171493e-20
-2.053983133e-20
-9.332007025e-20
-4.529059555e-20
1.457635827e-19
-8.88005819e-20
1.631459631e-19
-2.820157354e-19
2.005130241e-19
-4.595630786e-20
8.546281688e-20
1.427600954e-19
-2.561874027e-19
6.068251766e-20
-6.392231924e-20
1.547399175e-19
-1.203847206e-19
1.715256872e-19
-2.647064017e-19
8.564258771e-20
-5.348086339e-20
1.84116024e-19
-1.219714208e-19
-5.048288834e-20
-5.533420736e-20
-6.433859677e-20
9.233379451e-20
-2.881626944e-19
1.249348769e-19
-1.099507837e-19
1.214944964e-19
-1.190787953e-19
1.872222411e-19
-5.84937054e-20
5.741512335e-20
1.380422472e-19
-1.182687299e-19
1.353962482e-19
-1.278122862e-19
1.335533785e-19
-7.261169043e-20
-1.317496553e-19
-4.977207283e-20
8.282775166e-20
-5.758289136e-20
1.510950447e-19
-1.464888518e-19
1.520388217e-19
-1.560092967e-19
1.118342885e-19
1.0761695e-19
-2.829649681e-19
3.529627575e-20
2.994047747e-20
-7.280603555e-20
4.225329731e-20
9.076249886e-20
-6.958927708e-20
4.925978679e-20
-6.048936582e-20
6.083101936e-20
1.13974064e-19
-1.290168739e-19
1.266772204e-19
1.231202945e-19
-4.00947433e-19
1.171206479e-19
4.053279362e-20
-8.575606761e-20
1.271335879e-19
4.802199806e-20
-8.557167029e-20
5.762101642e-20
1.234211624e-19
-4.318808955e-20
3.907286719e-20
-4.92454024e-20
-4.653869328e-20
1.01067969e-19
-4.131127357e-20
-3.886396724e-20
1.1450107e-19
-2.192104601e-19
1.232132353e-19
1.827046423e-19
-6.880715756e-20
-6.64440605e-20
1.298294222e-19
-1.308216502e-19
-6.953398431e-20
1.331310006e-19
-6.604372686e-20
1.18178178e-19
-6.341426715e-20
-6.23972475e-20
1.323879596e-19
8.627102231e-20
-4.890222455e-20
1.118423365e-19
-5.6998803e-20
-6.102627953e-20
5.597189618e-20
-1.981062979e-19
1.10155973e-19
1.078824915e-19
-2.150978735e-19
1.038831925e-19
1.644324234e-19
-4.232456648e-20
-4.625491144e-20
-5.003457868e-20
1.315022779e-19
-5.711352281e-20
-6.041181954e-20
1.27925326e-19
1.272957191e-19
-2.452562872e-19
1.268411635e-19
-1.195415483e-19
1.428306659e-20
-3.823154516e-20
7.544511591e-21
2.81007854e-20
1.965687046e-20
-9.067077009e-20
3.049904569e-21
-4.927114293e-21
-3.263511736e-20
1.664194262e-20
8.98315408e-21
1.696906224e-19
-1.998196105e-19
2.133523775e-20
1.444611586e-20
-4.48179027e-20
1.855330696e-19
-1.525441367e-19
1.906405395e-20
1.38587855e-19
-1.50289732e-19
1.964409532e-19
-2.920147224e-19
2.712536927e-21
8.279641784e-20
-1.325857403e-19
4.261211446e-20
1.251709682e-19
-1.916905951e-19
1.401204127e-19
-1.406973483e-21
-1.992353869e-19
1.410380037e-19
4.212090406e-20
-2.558599815e-21
-4.859985903e-20
-1.407428593e-20
-4.886656435e-21
-5.316469171e-20
1.492289722e-19
-1.023352352e-19
-5.407872083e-21
-5.72584399e-20
2.820072868e-21
1.667559149e-19
-2.22145038e-19
5.721983722e-20
1.016794246e-19
-4.148896873e-20
-3.751783896e-20
1.07624319e-19
-7.926651017e-20
-3.416804859e-20
1.050609998e-19
-8.520980236e-20
-3.898422961e-20
1.106843548e-19
-3.207648289e-20
-3.6097629e-20
6.396891147e-20
-3.682589415e-20
-8.685644201e-20
1.149777015e-19
1.27745286e-20
-8.714353926e-20
-3.626758063e-20
5.422415628e-20
-3.75235278e-20
-4.058236481e-20
7.808539248e-20
4.712697034e-21
2.312790016e-20
-2.630832329e-20
8.321775851e-21
5.22760833e-20
-1.103210538e-19
1.906195463e-20
1.029100897e-19
-1.095937345e-19
9.064553085e-20
1.190884918e-20
-3.249435932e-20
-3.567002628e-20
2.061182148e-20
-3.099611297e-20
9.724173023e-21
1.49335992e-19
-1.733811382e-19
9.78184234e-20
-3.586133379e-20
-1.264398752e-19
1.56676165e-19
5.785607538e-21
1.085642821e-20
-3.59417991e-21
1.443285083e-21
6.37544728e-21
7.196818934e-20
-1.133699218e-19
-4.259782024e-21
1.062405039e-19
-1.189985631e-19
7.908971458e-20
2.426214371e-21
-3.74120474e-20
4.78623711e-21
-6.010655404e-21
-2.198295918e-21
1.30551352e-21
1.21215172e-19
-1.229177503e-19
8.417761135e-20
-2.30826622e-21
-1.33692165e-19
8.491450242e-20
-5.732027822e-20
4.172345885e-20
4.698359774e-20
-5.921212604e-20
4.077890565e-20
1.249062672e-20
-5.553077401e-20
4.550589866e-20
5.0216612e-20
-5.77015796e-20
5.550487033e-21
4.456898287e-20
-9.950916668e-20
4.475623606e-20
4.881593419e-20
-6.226495927e-20
4.519412218e-20
4.89289752e-20
-6.475366042e-20
8.254118631e-21
5.277553519e-20
-6.453515638e-20
8.143396852e-21
-8.465773804e-21
2.418995862e-20
2.182814012e-20
-9.722505609e-20
3.5685983e-20
-1.753622642e-21
-4.059334721e-21
2.874347726e-20
2.669005665e-20
-6.111340255e-21
2.701821088e-20
-5.978756982e-21
-9.797294856e-20
3.242634712e-20
-1.242138693e-21
3.252392244e-20
3.109339684e-20
-3.181362658e-21
3.149463742e-20
-5.95671708e-21
-7.139039469e-21
-7.063298607e-20
-7.115745467e-22
-1.786846339e-20
4.063747459e-20
4.086483495e-20
-7.831127134e-20
-5.07178408e-20
3.780019899e-20
7.409934635e-21
3.491218031e-20
3.529206801e-20
-7.310077762e-20
4.176255605e-20
1.141422063e-20
-4.813743441e-20
3.188572494e-20
1.920229974e-21
-5.025945759e-20
9.601948712e-21
9.779127545e-21
3.907455209e-20
3.95543133e-20
-7.692964512e-20
-4.758127986e-20
7.327707133e-21
-2.618373953e-20
6.900142052e-20
-3.586437544e-21
-1.310161027e-23
-7.176796369e-20
6.590446645e-20
-5.410043023e-21
-2.185981903e-21
8.046541973e-22
-7.010922295e-20
6.694314139e-20
-3.727487994e-21
-1.147798811e-21
1.180273511e-21
3.257323615e-21
2.404660895e-22
-2.821296096e-20
-2.0292803e-21
-2.571082156e-22
7.24056304e-20
-7.625939789e-20
-2.758824646e-21
-1.358961584e-21
-6.874325926e-22
7.885558783e-20
-5.798610769e-20
2.080871805e-20
-2.878776199e-21
1.942671607e-20
1.172782496e-21
-3.666793646e-20
8.459796013e-23
1.733462838e-20
-8.330741973e-22
2.049280505e-20
-5.643707639e-20
1.962941236e-20
-2.147841948e-21
1.901845283e-20
2.400671502e-22
1.865798029e-20
-5.937814176e-20
7.781122316e-20
-5.851280256e-20
2.049414405e-20
-1.238266001e-21
-2.572149969e-20
5.277166049e-20
-2.533791527e-20
-9.191613381e-21
3.605305735e-20
-9.190692499e-21
-2.375782875e-20
6.187577287e-21
-2.360330389e-20
4.938204503e-20
-2.350475863e-20
-8.478492853e-21
-8.522685353e-21
3.242749285e-20
-2.29542877e-20
6.218685418e-21
1.820641014e-20
-8.355161969e-21
-8.452048045e-21
-8.550379425e-21
-2.349171683e-20
4.936274564e-20
-2.399870781e-20
-3.119962355e-20
1.835703481e-20
-1.140817569e-21
-1.957099538e-20
8.427454651e-21
8.817500024e-21
-2.80315781e-20
1.785099207e-20
-1.263198997e-21
1.691985315e-20
-1.21073863e-21
-1.828306424e-20
1.686872466e-20
-1.126142475e-21
-1.804781358e-20
7.87393695e-21
7.909901385e-21
-2.720656335e-20
4.312475117e-20
-2.734519538e-20
8.157264959e-21
8.090968163e-21
-1.863545724e-20
7.293947017e-21
2.849019219e-22
-3.305285958e-21
2.767987194e-22
-3.186620503e-21
2.819706675e-22
-3.074823166e-21
3.00639672e-22
6.408492986e-21
2.60716301e-22
-2.959244304e-21
2.674074179e-22
2.525586665e-22
-2.901297946e-21
2.733787422e-22
-2.855890206e-21
3.094483625e-22
-2.812428062e-21
9.253859192e-21
-3.066110625e-21
1.092727896e-22
-3.073967478e-21
1.444641089e-22
)
;
    }
    front_bottom
    {
        type            wedge;
        value           nonuniform 0();
    }
    back_top
    {
        type            wedge;
        value           nonuniform 0();
    }
    back_middle
    {
        type            wedge;
        value           nonuniform List<scalar> 
1167
(
3.460729233e-21
-9.545134651e-22
-9.906825036e-22
-1.265444493e-20
-9.705898316e-22
3.885591773e-21
-1.084095236e-21
-1.390885053e-20
-1.068074695e-21
4.268199362e-21
-1.185963307e-21
-1.525927681e-20
-1.173989755e-21
4.679233693e-21
-1.294215569e-21
-1.671245887e-20
-1.288366365e-21
5.125259018e-21
-1.414574325e-21
-1.830842465e-20
-1.411267233e-21
5.624258769e-21
-1.550721382e-21
3.001871616e-22
3.946385356e-20
-2.025744514e-20
-1.602259559e-20
-4.696052247e-21
-1.654388264e-20
4.452043147e-20
-3.536558281e-20
-5.153465382e-21
1.359739119e-22
-2.393185742e-20
3.617199944e-20
-5.884971586e-21
-2.022463966e-20
-5.689115564e-21
1.830939691e-20
-6.397690997e-21
-8.710614012e-23
-2.904281031e-20
-2.297376201e-20
6.111491598e-20
-2.450611854e-20
-7.108391073e-21
-2.277197139e-20
6.284731008e-20
-3.867387387e-20
2.069056676e-20
-2.506286186e-20
-1.162532986e-20
2.218881443e-20
5.61706082e-21
-2.754969226e-20
2.341615454e-20
-4.785654479e-20
5.981588122e-20
-2.988179321e-20
-5.025450611e-20
2.658657329e-20
6.593367324e-21
2.807423245e-20
-5.511768114e-20
7.029789145e-21
-3.54122323e-20
9.716422281e-20
-6.0515955e-20
3.191597296e-20
-2.834120587e-20
4.028027841e-20
-4.449424098e-20
1.455157894e-20
-8.734498356e-22
-1.189096777e-21
-1.499671643e-21
1.533035268e-20
-1.606205473e-21
-1.421949574e-21
-3.45503674e-20
3.337919057e-20
-3.671236329e-20
-2.064874084e-21
-1.907443197e-21
1.831903064e-20
-2.005106554e-21
-6.247377507e-20
6.02010764e-20
-6.544080687e-20
8.592774627e-20
-6.860007627e-20
9.005067109e-20
1.97127185e-20
-2.442537408e-20
-2.230251049e-20
-8.69496571e-21
1.982629662e-20
-8.988323143e-21
5.098127794e-21
-8.673199917e-21
2.261891209e-20
-2.660364152e-20
-1.032491514e-20
5.410977911e-21
-1.012113786e-20
2.495857715e-20
-3.012686065e-20
2.617899243e-20
-3.097232715e-20
-1.159053821e-20
2.769558391e-20
-3.395700746e-20
2.908247528e-20
-3.506366088e-20
5.40478219e-20
1.248377678e-19
-8.411503031e-20
-4.169450768e-20
1.027467544e-19
-4.638001118e-20
-4.490676881e-20
9.397447171e-20
-9.545102092e-20
-4.700239555e-20
1.192459396e-19
-5.175513469e-20
-6.87385213e-20
1.268230917e-19
-5.602484862e-20
4.92479988e-22
9.787845306e-23
-5.608232542e-20
1.450070165e-21
2.201390749e-20
1.218413462e-21
-2.054480618e-20
2.293846571e-20
6.67102943e-22
9.585025585e-20
-3.739623969e-20
-8.015994189e-20
1.049115016e-19
-3.790875728e-20
-4.193857187e-20
1.119547376e-19
-8.748464667e-20
-9.245905378e-20
1.194538099e-19
-4.487140221e-20
-4.86464444e-20
1.274569269e-19
-4.862926943e-20
-4.767588605e-20
2.492018109e-20
-4.994939444e-20
4.116325229e-21
2.440256858e-20
-5.385819112e-20
5.881375065e-21
7.025661928e-20
4.974856566e-21
-2.397144876e-20
-2.195723811e-20
3.346384389e-20
-2.788035189e-20
-6.540125801e-20
1.201792364e-19
-2.910426939e-20
-6.972619186e-20
8.2885277e-20
-3.312302148e-20
-7.711409761e-20
1.358769816e-19
-8.242845922e-20
-3.083657551e-20
9.333461485e-20
-8.975949724e-20
-3.506598658e-20
1.003569115e-19
-3.81134933e-20
-9.571929191e-20
1.059994509e-19
4.814121144e-22
-4.017583055e-20
-3.760654079e-20
-4.043524845e-20
9.215583972e-20
-4.148591424e-20
-8.581023389e-20
-1.24569934e-22
-3.449928331e-20
-8.165001627e-20
1.565840947e-19
-3.881756478e-20
-8.877175553e-20
1.661157756e-19
-9.229635064e-20
-4.845151564e-20
1.765722654e-19
-9.983225861e-20
-1.282949582e-21
7.892015018e-20
-5.406857732e-20
-1.680266374e-21
8.410571988e-20
-2.59583838e-19
5.042555287e-21
-1.476239862e-20
7.207387143e-20
1.656662984e-20
-5.472965211e-20
-1.466003906e-20
-2.283048868e-20
-3.086980074e-20
-7.030346667e-20
1.738007117e-20
8.111467461e-20
-3.068421373e-20
-2.73299782e-20
-2.422719116e-20
9.078545911e-20
1.908602443e-20
-7.646852308e-20
2.651832472e-20
1.032600679e-19
-8.130671134e-20
2.8437016e-20
-7.947682807e-20
-3.084447374e-20
-3.674460252e-20
-3.942955665e-20
5.319053535e-20
-3.036993964e-20
5.355445797e-20
-8.278756373e-20
5.76850032e-20
-3.418158549e-20
-7.65608324e-20
1.000040608e-19
5.917522468e-20
-4.210345445e-20
-8.819926376e-20
-4.595344085e-20
2.284066413e-19
-4.967511846e-20
-1.466189696e-19
-5.058409666e-20
7.79143033e-20
7.751721302e-20
-5.745834707e-20
-1.13382682e-19
1.361081679e-19
-1.113046965e-19
-2.752129482e-21
-6.932059752e-21
-1.125771839e-20
1.167400869e-19
-1.66610994e-19
-1.040113228e-21
-5.400099579e-21
2.769754452e-20
1.291270543e-19
-8.671287791e-21
-1.529100551e-19
-4.371290058e-21
-8.234153119e-21
1.502228384e-19
-4.442244406e-21
-5.633303237e-20
-1.423037206e-20
-1.834231607e-19
1.690399833e-19
-4.369458054e-21
-7.510425993e-21
-1.058404857e-20
-1.366505869e-20
-9.660779997e-22
2.782632597e-21
1.190383689e-19
-3.792911128e-21
-1.655478048e-19
-6.353234712e-21
-2.534863057e-21
4.131552829e-20
1.379320303e-19
-1.332170116e-21
-1.465249405e-19
-7.268369332e-21
-4.460398109e-20
2.787450979e-21
1.551216856e-19
-2.718669414e-21
1.5716318e-22
-1.681968396e-19
-4.734927283e-21
-2.04858729e-21
1.2368037e-19
-3.850697215e-21
-1.283902618e-21
1.551988534e-20
-9.718814427e-20
1.412575395e-19
2.6312678e-20
-1.305042758e-19
2.441068084e-20
1.818895097e-20
-1.097770936e-19
1.598533525e-19
2.890478013e-20
2.310601811e-20
-1.165910613e-19
-1.762983054e-20
1.675711833e-20
2.421301205e-20
3.124195892e-20
2.656397779e-20
-1.329710061e-19
2.883993891e-20
2.47416578e-20
1.471466359e-19
-1.464918044e-19
3.056416659e-20
-3.834577441e-21
2.126923015e-20
-1.720993864e-20
2.430628616e-20
-1.254825603e-19
1.398011693e-19
-1.389559074e-20
-1.025069281e-19
1.083090206e-19
1.864133091e-20
-1.082378474e-20
-1.076158706e-19
1.231509633e-19
2.518451543e-20
-1.606597922e-19
-1.266332721e-20
1.835466314e-19
-1.730932279e-19
2.852685377e-20
-1.109574742e-20
2.031948736e-19
-1.859326254e-19
3.445270377e-20
-6.227308397e-20
1.8097693e-19
-8.182408417e-20
9.230486878e-21
-1.373210785e-19
1.654672596e-19
-2.046833044e-20
-1.075485872e-19
1.105448983e-19
2.220983466e-20
-2.202280703e-20
-8.09851427e-20
1.151705359e-19
1.908723994e-20
-1.619658775e-19
-2.335610571e-20
1.655235209e-19
-2.440871436e-20
-9.235148393e-20
-2.876970954e-20
1.776221647e-19
-2.985198975e-20
-1.505831328e-19
9.370997456e-20
1.866446985e-19
-3.258798019e-19
1.610716076e-19
-7.208951204e-20
1.724182635e-19
-1.145954526e-19
-1.413950843e-19
5.864838954e-20
5.932620734e-20
-2.39298521e-20
-2.512910161e-20
-6.16731338e-20
7.67735056e-20
-2.858393183e-20
-7.145925022e-20
7.534402921e-20
1.162608261e-19
-1.790578201e-19
7.864980151e-20
-2.690979804e-20
8.933670415e-20
-7.757128001e-20
1.249640564e-19
1.452035443e-19
-2.643915673e-19
1.231517307e-19
2.832281887e-20
1.482406132e-19
-1.058976561e-19
-4.032969269e-20
3.98884673e-20
4.447830151e-20
-4.313361745e-20
4.237386881e-20
-8.701108398e-20
1.685401445e-21
8.470546415e-20
-8.842807641e-20
4.370752026e-20
8.981956579e-20
-1.339254556e-19
5.036291611e-20
-5.707301337e-20
4.976623939e-20
1.041352916e-20
2.32381422e-19
-6.134937481e-20
-5.576524047e-20
-4.986607581e-20
-4.378064096e-20
-3.762726902e-20
6.825413697e-20
-4.218329357e-20
-3.619642152e-20
-3.043923805e-20
-2.497487082e-20
-1.985156352e-20
1.490130585e-19
8.157147172e-20
-1.48875025e-20
-1.308451586e-20
-4.751203835e-20
-6.106054931e-21
-4.621858496e-20
-6.939863109e-21
-5.62662833e-21
9.703621984e-20
-5.655218567e-20
-1.365102359e-20
3.154190954e-19
5.387594768e-20
-2.175553257e-19
6.66721038e-20
4.861761355e-20
1.245618654e-19
-1.669091587e-19
4.289412308e-20
2.521669458e-20
-2.864068384e-19
3.777991295e-20
2.140728114e-20
-1.301861066e-19
2.195644981e-19
1.781993101e-19
-2.63152577e-20
-6.491261015e-20
-3.006490478e-20
-3.002266591e-20
-3.003644324e-20
-3.01060537e-20
7.586797549e-20
-2.190476589e-20
-2.21346053e-20
-1.109709613e-19
8.66539814e-20
-1.069664995e-19
1.3640269e-19
-1.197907128e-19
1.999621075e-19
-9.856633636e-20
1.66022785e-19
-1.119227093e-19
-1.185668811e-19
6.370724851e-20
-1.157781768e-19
-1.224774856e-19
1.821336018e-19
1.616723053e-19
-2.275613579e-19
1.585611351e-19
3.992417411e-20
-1.236420558e-19
8.273581708e-21
4.181905409e-20
-1.440627164e-21
-1.388287021e-19
4.402525167e-20
4.815268111e-20
-1.538504095e-19
-3.334757407e-20
3.322673401e-19
-3.128105935e-19
-1.311334468e-19
3.421022057e-19
-2.864956346e-20
-3.710465449e-20
4.99230433e-20
-1.369030175e-19
-4.746670342e-20
-5.519997545e-20
3.842174816e-19
-1.638890733e-19
-3.775073368e-19
4.380441829e-19
-1.216320056e-19
-1.333818769e-19
1.093775382e-19
2.014029154e-20
-4.660018483e-20
-1.455422993e-20
1.928048964e-20
3.798852744e-19
-1.961794797e-19
-1.282566004e-19
1.420931608e-19
5.333062594e-20
-2.448878773e-19
1.411451001e-19
-1.161347734e-19
3.283735851e-19
-1.377886908e-19
-2.420713441e-19
1.614980515e-19
-2.376765693e-19
4.833407087e-19
-2.479240973e-19
-2.60414417e-19
3.043870937e-19
6.942321586e-20
-1.52238665e-19
-1.84584666e-20
6.228211508e-21
4.807800112e-20
4.663668173e-20
-4.179882799e-20
8.451716319e-20
8.66201867e-20
-1.624838918e-19
-1.476632315e-19
3.554213772e-19
-1.517841081e-19
2.742482053e-22
-8.660453723e-20
3.685367016e-19
-1.762035108e-19
-2.690452351e-19
2.05836173e-19
-1.981823655e-19
2.978236233e-19
-1.893062426e-19
9.61797068e-20
-1.190003905e-19
1.007947905e-20
1.315997335e-19
-2.194785608e-19
2.452243422e-19
-1.263084687e-19
2.644289861e-20
5.526413446e-20
1.103938003e-20
2.127916367e-20
-5.862764608e-20
-2.374374073e-19
1.805487331e-19
-2.067590998e-19
2.082895426e-19
2.268457855e-20
3.373936635e-20
4.454264782e-20
-3.415283429e-19
3.026775907e-19
-2.438752244e-19
2.260053329e-19
2.113476805e-20
3.107787251e-20
4.051851878e-20
-4.951111062e-19
3.550407754e-19
2.99790814e-20
3.867907369e-20
-7.616922649e-20
-1.364807382e-19
2.182499231e-19
1.504548405e-19
-1.555602695e-19
7.252883675e-20
-1.554442458e-19
6.354067795e-20
-1.88645192e-19
5.478152007e-20
8.25880425e-20
-8.547586166e-20
7.447374601e-20
-1.821057029e-19
8.292246739e-20
-1.832460802e-19
1.799758953e-19
1.015232516e-19
-1.805026304e-19
1.090978272e-19
-1.974630202e-19
9.080609463e-20
1.129997819e-19
-1.984940197e-19
1.206760217e-19
-9.508683153e-20
1.170751103e-19
1.607673273e-19
4.134929185e-21
-3.711066029e-21
5.817112267e-20
-1.528316736e-19
1.835823237e-20
8.378379292e-20
-1.46011605e-20
6.999144893e-20
-2.3869918e-19
1.0185413e-19
-1.7104556e-21
-9.554034341e-21
1.67709433e-19
-2.417068455e-20
-2.85528329e-19
9.210826909e-20
8.709859304e-20
-1.259707308e-20
7.83823215e-20
-3.219692583e-19
-8.981537145e-21
2.047690991e-19
-2.088585275e-20
1.464602997e-19
7.645970669e-20
7.069027946e-20
1.479409177e-19
-3.636935323e-19
6.834464004e-20
1.491298929e-19
7.20777647e-20
-7.543494918e-21
-1.836754783e-19
-1.012164366e-19
7.949735009e-20
7.398442925e-20
1.646573938e-19
7.796876148e-20
-4.532022765e-19
1.689932062e-19
-1.139953039e-20
8.598922353e-20
1.871064537e-19
-2.159303576e-19
-2.248910857e-19
1.939862933e-19
9.120474514e-20
1.185431411e-19
4.699247891e-20
-6.653054336e-20
8.744537763e-20
-1.395557146e-19
1.224421935e-19
-1.490190992e-19
9.704607208e-20
8.773514582e-20
7.863971193e-20
-1.682423285e-19
-9.075519091e-20
8.228127644e-20
1.66286719e-19
8.034972135e-20
-4.181493515e-19
1.751916965e-19
-1.254940007e-20
7.858256441e-20
-8.127262356e-20
1.113593131e-19
-1.816727365e-19
1.852505671e-19
8.509439269e-20
1.514525515e-19
-3.072484996e-20
-1.562431301e-19
1.542930858e-19
-1.141118009e-19
2.455318632e-19
-2.605656961e-19
-5.596925935e-20
1.700112316e-19
-3.531145871e-20
1.82319669e-19
-2.04803323e-19
-1.281894063e-19
2.761232331e-19
-3.661108413e-20
-2.825426564e-19
1.948146984e-19
-4.275813192e-20
2.076687705e-19
-2.304319909e-19
-1.46466524e-19
2.167946197e-19
4.473673073e-20
2.302692549e-19
1.443537181e-19
-1.013573502e-19
4.403003754e-21
1.565772362e-20
-1.619357169e-19
2.286863683e-19
-1.588221753e-19
9.66656942e-20
-4.96960649e-20
2.682989465e-20
1.054469409e-19
3.509685226e-20
-2.768657687e-19
1.141784637e-19
3.990591496e-20
-1.98981609e-19
2.643173244e-19
-2.115118334e-19
2.799089555e-19
-1.209876485e-19
-6.530772847e-20
1.109607741e-19
2.490068833e-20
3.336866343e-20
1.195860458e-19
-2.223820537e-19
1.592535285e-19
-3.951090913e-20
-6.17144972e-20
1.265016203e-19
-3.129656178e-19
2.291770027e-19
-4.387366143e-20
7.795456765e-20
1.623357219e-20
-4.47318876e-20
-1.08364422e-19
1.894500591e-20
1.530671123e-19
-1.486879129e-19
2.290225601e-19
-2.92386434e-19
9.466499443e-20
2.396757266e-20
1.745161366e-19
-6.773491872e-20
-5.58966271e-20
-5.416354425e-20
-2.05406791e-20
-9.332085539e-20
-4.529135354e-20
1.457627975e-19
-8.880138672e-20
1.631451895e-19
-2.820163998e-19
2.005124142e-19
-4.595695572e-20
8.546215371e-20
1.427592299e-19
-2.561884619e-19
6.068136148e-20
-6.392349547e-20
1.547386044e-19
-1.203860779e-19
1.715243221e-19
-2.647080293e-19
8.564085011e-20
-5.348250328e-20
1.841144143e-19
-1.21973083e-19
-5.048465417e-20
-5.533597226e-20
-6.433941765e-20
9.233304614e-20
-2.881634035e-19
1.249341376e-19
-1.099515389e-19
1.214937731e-19
-1.190794751e-19
1.872215805e-19
-5.849435072e-20
5.741446446e-20
1.380414259e-19
-1.182697661e-19
1.353951199e-19
-1.278134292e-19
1.335521649e-19
-7.261296146e-20
-1.317509263e-19
-4.977357554e-20
8.282609218e-20
-5.758448933e-20
1.510934618e-19
-1.464904945e-19
1.520371176e-19
-1.560110092e-19
1.118334907e-19
1.076162383e-19
-2.829656382e-19
3.529559126e-20
2.993973952e-20
-7.280672682e-20
4.225267697e-20
9.076184036e-20
-6.958993879e-20
4.925912073e-20
-6.049014444e-20
6.083002587e-20
1.139729951e-19
-1.290179448e-19
1.266761079e-19
1.231190878e-19
-4.009486255e-19
1.171192653e-19
4.053122028e-20
-8.57575929e-20
1.271319983e-19
4.802041598e-20
-8.557328591e-20
5.761933065e-20
1.234204995e-19
-4.318870266e-20
3.907222497e-20
-4.924609646e-20
-4.653937164e-20
1.010673945e-19
-4.131189116e-20
-3.886460337e-20
1.14500397e-19
-2.192112314e-19
1.232123268e-19
1.827036549e-19
-6.880816895e-20
-6.644508131e-20
1.298282929e-19
-1.308227985e-19
-6.95352571e-20
1.331295592e-19
-6.604515851e-20
1.181766695e-19
-6.341575758e-20
-6.239877297e-20
1.323863424e-19
8.627037314e-20
-4.890279933e-20
1.118417322e-19
-5.699944757e-20
-6.102693346e-20
5.597134083e-20
-1.981068458e-19
1.101554163e-19
1.078818486e-19
-2.150986066e-19
1.038823573e-19
1.644315205e-19
-4.232551137e-20
-4.625585137e-20
-5.003561661e-20
1.315011973e-19
-5.711468461e-20
-6.041314279e-20
1.279239571e-19
1.272943252e-19
-2.452577e-19
1.268396958e-19
-1.195431236e-19
1.428244361e-20
-3.823210518e-20
7.543948204e-21
2.810018725e-20
1.965626656e-20
-9.067131129e-20
3.049434267e-21
-4.927616707e-21
-3.26357108e-20
1.664126978e-20
8.982408422e-21
1.696898092e-19
-1.998204967e-19
2.133435811e-20
1.444517218e-20
-4.481893501e-20
1.855319868e-19
-1.525453671e-19
1.906276085e-20
1.385865375e-19
-1.502911027e-19
1.964395267e-19
-2.920162234e-19
2.711948365e-21
8.279586986e-20
-1.325862848e-19
4.261155668e-20
1.251703972e-19
-1.916911148e-19
1.401200243e-19
-1.407387105e-21
-1.992359422e-19
1.410373923e-19
4.212021044e-20
-2.559336009e-21
-4.860070007e-20
-1.407512047e-20
-4.887564399e-21
-5.316567859e-20
1.492279796e-19
-1.023363721e-19
-5.409117461e-21
-5.72597085e-20
2.818753629e-21
1.667545388e-19
-2.221464584e-19
5.721932219e-20
1.016789203e-19
-4.148950091e-20
-3.751837871e-20
1.076237578e-19
-7.926701318e-20
-3.41684297e-20
1.050606172e-19
-8.521029613e-20
-3.898476886e-20
1.106837199e-19
-3.207716368e-20
-3.609845073e-20
6.396809732e-20
-3.682674478e-20
-8.685743478e-20
1.14976753e-19
1.27734747e-20
-8.714474147e-20
-3.626878912e-20
5.422289617e-20
-3.752480639e-20
-4.058370226e-20
7.808491751e-20
4.712233836e-21
2.312742521e-20
-2.630884748e-20
8.321210524e-21
5.227558934e-20
-1.103214283e-19
1.906159766e-20
1.029096632e-19
-1.095942061e-19
9.064496915e-20
1.190826155e-20
-3.249511705e-20
-3.567080333e-20
2.061097641e-20
-3.099711664e-20
9.723249311e-21
1.493349916e-19
-1.733823214e-19
9.781726302e-20
-3.586253471e-20
-1.264410481e-19
1.566749457e-19
5.785126893e-21
1.085599804e-20
-3.594620908e-21
1.442774908e-21
6.374863306e-21
7.196770193e-20
-1.133703294e-19
-4.260120117e-21
1.062401409e-19
-1.189990089e-19
7.908922419e-20
2.425705411e-21
-3.741269576e-20
4.785482242e-21
-6.011493752e-21
-2.19927543e-21
1.304610173e-21
1.212142338e-19
-1.229189244e-19
8.417649386e-20
-2.309383369e-21
-1.336932321e-19
8.491340531e-20
-5.73207599e-20
4.172303289e-20
4.698318513e-20
-5.921258782e-20
4.077832959e-20
1.249012786e-20
-5.553118696e-20
4.550557064e-20
5.021630358e-20
-5.77019831e-20
5.550030316e-21
4.456852449e-20
-9.950978297e-20
4.475551282e-20
4.881507027e-20
-6.226588992e-20
4.519328381e-20
4.892810486e-20
-6.475479798e-20
8.253050706e-21
5.277449328e-20
-6.45360754e-20
8.142372438e-21
-8.466228177e-21
2.418953221e-20
2.18277629e-20
-9.722546993e-20
3.568548795e-20
-1.754108825e-21
-4.059748927e-21
2.874315581e-20
2.66897217e-20
-6.111706057e-21
2.701781038e-20
-5.979191034e-21
-9.797346173e-20
3.242565477e-20
-1.24295067e-21
3.252305072e-20
3.109266069e-20
-3.182134015e-21
3.149354248e-20
-5.957709635e-21
-7.139994758e-21
-7.063378315e-20
-7.124827721e-22
-1.786886826e-20
4.063708529e-20
4.086445715e-20
-7.831158822e-20
-5.071823169e-20
3.779978676e-20
7.409571655e-21
3.491191782e-20
3.529175337e-20
-7.310113461e-20
4.176221502e-20
1.14138169e-20
-4.813790151e-20
3.188512036e-20
1.919515506e-21
-5.026023095e-20
9.601319323e-21
9.778480006e-21
3.907363729e-20
3.955339716e-20
-7.693052145e-20
-4.758195798e-20
7.326927651e-21
-2.618408558e-20
6.900108393e-20
-3.586794832e-21
-1.337377282e-23
-7.176824547e-20
6.590412955e-20
-5.410333776e-21
-2.186198981e-21
8.043646102e-22
-7.01095155e-20
6.694284191e-20
-3.727857525e-21
-1.148216349e-21
1.179725842e-21
3.256735594e-21
2.397668811e-22
-2.821349741e-20
-2.02979034e-21
-2.578341061e-22
7.240483175e-20
-7.626014881e-20
-2.759395098e-21
-1.359639866e-21
-6.877043201e-22
7.885531742e-20
-5.79864205e-20
2.08084994e-20
-2.878947507e-21
1.942646939e-20
1.172568137e-21
-3.666808671e-20
8.437376583e-23
1.73344402e-20
-8.333058443e-22
2.049251484e-20
-5.643746266e-20
1.962892975e-20
-2.148303232e-21
1.901790096e-20
2.396050613e-22
1.865757454e-20
-5.937864469e-20
7.781060369e-20
-5.851344221e-20
2.049368573e-20
-1.238798648e-21
-2.572172054e-20
5.277145447e-20
-2.53381408e-20
-9.19177089e-21
3.605297855e-20
-9.190822099e-21
-2.375799013e-20
6.187479156e-21
-2.360346455e-20
4.938196804e-20
-2.350488902e-20
-8.478665276e-21
-8.522993446e-21
3.242712461e-20
-2.295460388e-20
6.218274642e-21
1.820603506e-20
-8.355440868e-21
-8.45238004e-21
-8.550818709e-21
-2.349219893e-20
4.936240827e-20
-2.399903827e-20
-3.119977929e-20
1.83569002e-20
-1.140957707e-21
-1.957109554e-20
8.427455024e-21
8.817459571e-21
-2.803169651e-20
1.785091499e-20
-1.263313364e-21
1.691983175e-20
-1.210803447e-21
-1.828311926e-20
1.686851355e-20
-1.126366591e-21
-1.804799587e-20
7.873670162e-21
7.90962477e-21
-2.720674863e-20
4.312459166e-20
-2.734542182e-20
8.156938539e-21
8.090752086e-21
-1.86356159e-20
7.293882352e-21
2.848498807e-22
-3.305333557e-21
2.767580474e-22
-3.186615188e-21
2.819778791e-22
-3.074872868e-21
3.006201622e-22
6.408452159e-21
2.607074474e-22
-2.959267845e-21
2.674053691e-22
2.524872493e-22
-2.901381329e-21
2.733247035e-22
-2.855985231e-21
3.093334318e-22
-2.812503091e-21
9.253808104e-21
-3.066175941e-21
1.091698146e-22
-3.074056817e-21
1.444364324e-22
)
;
    }
    back_bottom
    {
        type            wedge;
        value           nonuniform 0();
    }
    axis_top
    {
        type            symmetryPlane;
        value           nonuniform 0();
    }
    axis_middle
    {
        type            symmetryPlane;
        value           nonuniform 0();
    }
    axis_bottom
    {
        type            symmetryPlane;
        value           nonuniform 0();
    }
    wall_top
    {
        type            calculated;
        value           nonuniform 0();
    }
    wall_middle
    {
        type            calculated;
        value           uniform 0;
    }
    wall_bottom
    {
        type            calculated;
        value           nonuniform 0();
    }
    inlet
    {
        type            calculated;
        value           nonuniform 0();
    }
    outlet
    {
        type            calculated;
        value           nonuniform 0();
    }
    procBoundary4to3
    {
        type            processor;
        value           nonuniform List<scalar> 
51
(
7.469927528e-11
2.18328383e-10
3.53161023e-10
4.790987945e-10
5.961399154e-10
7.043496596e-10
8.038439937e-10
8.947859099e-10
9.773776892e-10
1.051853158e-09
1.118471258e-09
1.177510536e-09
1.229264078e-09
1.274035494e-09
1.312135333e-09
1.343877782e-09
1.369578405e-09
1.3895515e-09
5.27372532e-11
1.407289819e-09
1.416485428e-09
1.420842304e-09
1.420656169e-09
1.416213434e-09
1.407789645e-09
1.395648153e-09
1.380038271e-09
1.361193522e-09
1.339329888e-09
1.314643118e-09
1.287306426e-09
1.257466938e-09
1.225241802e-09
1.190712954e-09
1.153920935e-09
1.114856937e-09
1.073453958e-09
1.029576728e-09
9.830127566e-10
9.334669685e-10
8.805622932e-10
8.238496551e-10
7.628262315e-10
6.969610837e-10
6.257218848e-10
5.486006797e-10
4.651324017e-10
3.749072123e-10
2.775911385e-10
1.729724642e-10
6.095251541e-11
)
;
    }
    procBoundary4to5
    {
        type            processor;
        value           nonuniform List<scalar> 
51
(
-6.419651678e-11
-1.87702229e-10
-3.038655272e-10
-4.127133167e-10
-5.143413341e-10
-6.088774849e-10
-6.96476762e-10
-7.773211168e-10
-8.51613699e-10
-9.195736394e-10
-9.814322837e-10
-1.037429313e-09
-1.087809162e-09
-1.132818097e-09
-1.172701468e-09
-1.207701362e-09
-1.238054614e-09
-1.263991234e-09
-1.285733166e-09
-1.303493168e-09
-1.317474239e-09
-1.327868976e-09
-1.334859193e-09
-1.338615796e-09
-1.339298314e-09
-1.337055032e-09
-1.332022366e-09
-1.324324225e-09
-1.314071553e-09
-1.301361147e-09
-1.286273728e-09
-1.268871558e-09
-1.249195046e-09
-1.227257459e-09
-1.203037651e-09
-1.260478418e-10
-1.172166158e-09
-1.142487098e-09
-1.110096682e-09
-1.074644496e-09
-1.035606213e-09
-9.922237041e-10
-9.434410932e-10
-8.878481228e-10
-8.236434383e-10
-7.48618236e-10
-6.601537621e-10
-5.552220297e-10
-4.304019114e-10
-2.819599252e-10
-1.060306704e-10
)
;
    }
}


// ************************************************************************* //
