/*--------------------------------*- C++ -*----------------------------------*\
  =========                 |
  \\      /  F ield         | OpenFOAM: The Open Source CFD Toolbox
   \\    /   O peration     | Website:  https://openfoam.org
    \\  /    A nd           | Version:  7
     \\/     M anipulation  |
\*---------------------------------------------------------------------------*/
FoamFile
{
    version     2.0;
    format      ascii;
    class       volVectorField;
    location    "0.0006";
    object      grad(generalizedNewtonian:nu);
}
// * * * * * * * * * * * * * * * * * * * * * * * * * * * * * * * * * * * * * //

dimensions      [0 1 -1 0 0 0 0];

internalField   nonuniform List<vector> 
1167
(
(-99250.73255 -2.2053486e-07 584149.8357)
(-215957.8411 0 582233.7923)
(-348384.5275 4.647337568e-08 578139.4125)
(-479640.9285 0 572406.3376)
(-599666.3127 0 565265.4919)
(-713470.0191 0 556548.579)
(-818499.3914 1.997471216e-08 546556.8127)
(-913709.807 0 534953.5072)
(-999471.187 -1.614775551e-08 522263.0531)
(-1076011.585 -7.42733373e-09 508710.4372)
(-1142534.784 0 494261.4803)
(-1199380.139 6.485422231e-09 479020.1845)
(-1247303.612 0 463450.3982)
(-1285573.67 0 447119.2696)
(-1315460.005 0 430606.0574)
(-1337205.298 0 413900.967)
(-1351320.868 0 397009.1053)
(-1358514.168 0 380311.6798)
(-1359178.869 2.445383862e-09 363473.8126)
(-1354030.21 0 347042.1383)
(-1343708.933 4.662950627e-09 330659.3295)
(-1328754.331 0 314799.988)
(-1309884.988 2.243978923e-09 299191.2908)
(-1287515.352 0 284137.7146)
(-1262245.666 0 269519.904)
(-1234548.459 0 255394.54)
(-1204841.005 0 241886.0185)
(-1173843.175 0 228826.6174)
(-1141515.181 0 216476.031)
(-1108549.572 0 204512.4537)
(-1074913.723 2.05907779e-09 193287.2623)
(-1041190.931 0 182495.5819)
(-1007318.61 0 172337.3029)
(-973715.1111 0 162692.0948)
(-940604.0075 0 153557.6851)
(-907916.6505 0 144990.9691)
(-96972.09355 0 566064.3535)
(-210506.6328 0 564459.3263)
(-339741.5139 0 560792.4506)
(-468539.6644 -1.732947444e-08 555375.0524)
(-585728.0563 0 548451.5187)
(-695871.7821 0 539871.4988)
(-797361.3997 2.028579069e-08 529734.7677)
(-890194.4031 -1.807659002e-08 518599.3152)
(-974061.1047 0 506478.275)
(-1047856.081 0 493232.3899)
(-1112176.491 0 479161.6151)
(-1167631.229 -6.586423715e-09 464643.1613)
(-1213320.024 0 449323.2857)
(-1250361.129 0 433620.2455)
(-1279161.887 5.675625958e-09 417745.0496)
(-1299757.555 0 401407.8822)
(-1313158.534 0 385258.3103)
(-1319566.795 0 368789.9262)
(-1319819.515 -4.96693467e-09 352702.3381)
(-1314441.009 2.421779914e-09 336507.5595)
(-1304063.454 0 320852.7429)
(-1289341.829 0 305258.492)
(-1270744.39 0 290309.7773)
(-1248954.079 0 275561.0786)
(-1224219.017 0 261485.3421)
(-1197312.31 0 247729.1047)
(-1168469.82 0 234656.5684)
(-1138280.759 0 222043.8595)
(-1106954.962 1.059718847e-09 209998.8346)
(-1074812.461 2.104063957e-09 198539.8295)
(-1042372.662 0 187543.2099)
(-1009556.49 0 177212.8147)
(-976925.7015 0 167256.9915)
(-944397.7667 0 157987.6042)
(-912399.1768 -1.030204365e-09 149114.5922)
(-880789.1354 -1.028620929e-09 140807.115)
(-849845.6938 0 132931.6871)
(-819653.7454 1.027774647e-09 125507.7743)
(-790206.9747 1.028425161e-09 118550.3724)
(-761717.5559 0 111942.8322)
(-734043.052 0 105811.5982)
(-707376.8848 0 99950.24232)
(-681570.5208 0 94536.76603)
(-656780.9851 0 89366.52623)
(-632916.3196 -1.045300569e-09 84586.34387)
(-610048.1944 5.250229399e-10 80040.67091)
(-588047.9208 5.276464511e-10 75814.69461)
(-566856.0929 -5.305135488e-10 71812.84318)
(-547091.3217 0 68080.49632)
(-531750.3103 -2.684767592e-10 64545.69073)
(-95097.45391 0 549960.9383)
(-205857.553 0 548324.6189)
(-331836.4916 0 544692.8033)
(-457100.9518 0 539349.5144)
(-570942.9809 0 532238.5975)
(-678247.3103 0 523861.1039)
(-777822.9549 0 514291.5244)
(-868430.9988 0 503611.5441)
(-949174.0882 8.327315098e-09 491561.4025)
(-1020868.278 0 478727.2531)
(-1083769.889 -7.125827112e-09 465331.6168)
(-1136879.678 0 451041.1626)
(-1181128.263 0 436182.8798)
(-1216961.548 0 421091.9452)
(-1244138.031 0 405324.5932)
(-1263960.109 0 389666.6006)
(-1276364.477 0 373676.6064)
(-1282329.687 0 357869.4004)
(-1282181.093 0 342057.5252)
(-1276668.511 0 326530.3052)
(-1266346.081 0 311188.5382)
(-1251746.481 0 296258.1632)
(-1233570.916 0 281616.3226)
(-1212074.918 0 267495.8134)
(-1188008.654 2.245045712e-09 253668.6155)
(-1161658.336 0 240520.9174)
(-1133729.295 0 227675.1232)
(-1104294.429 0 215557.9114)
(-1073971.047 1.076222523e-09 203796.0783)
(-1042793.527 0 192720.5478)
(-1011297.042 0 182083.0197)
(-979521.5182 0 172010.9194)
(-947790.9174 0 162474.0093)
(-916465.086 0 153395.0781)
(-885377.0955 0 144898.666)
(-854908.2433 0 136750.072)
(-824937.1269 0 129185.0217)
(-795784.4408 0 121950.3962)
(-767314.1886 0 115222.3079)
(-739762.2907 0 108835.7278)
(-713019.2708 1.047759115e-09 102859.2574)
(-687171.9839 0 97232.16213)
(-662282.8959 0 91929.49506)
(-638274.7221 0 86977.0621)
(-615260.9811 -5.307898504e-10 82287.93264)
(-593117.5474 0 77930.53399)
(-571877.0864 0 73783.76301)
(-551363.8211 0 69946.13816)
(-532260.9694 0 66283.206)
(-517536.2203 0 62896.26629)
(-92809.10269 0 534542.9046)
(-200600.7649 3.947041435e-08 532848.7867)
(-323654.9784 0 529147.5828)
(-446091.7495 0 524093.3412)
(-557511.8415 0 517553.5199)
(-662636.5152 0 509565.9799)
(-759221.3534 0 500228.3967)
(-846593.273 0 489416.2193)
(-925500.3777 8.457001282e-09 477881.5169)
(-995731.9193 0 465650.2279)
(-1056113.788 0 452364.0822)
(-1107523.758 0 438391.1224)
(-1150425.813 0 424103.973)
(-1184315.396 0 408996.5611)
(-1210682.589 0 393876.0142)
(-1229467.937 -2.81469058e-09 378520.4415)
(-1241235.716 0 363033.0033)
(-1246687.755 -2.634290035e-09 347688.1554)
(-1246239.695 0 332256.4875)
(-1240592.27 0 317215.7443)
(-1230289.297 0 302216.19)
(-1215906.389 -2.393287803e-09 287737.9156)
(-1197986.422 0 273455.0107)
(-1176909.983 0 259687.6485)
(-1153392.039 0 246300.7466)
(-1127753.777 2.251269517e-09 233445.0092)
(-1100433.049 -2.226252455e-09 221107.6294)
(-1071950.065 0 209224.7881)
(-1042340.26 -1.092983171e-09 197956.7066)
(-1012206.964 0 187068.1544)
(-981541.3494 0 176857.1745)
(-950869.8304 0 166993.771)
(-920155.8209 0 157801.3522)
(-889798.2244 1.065042446e-09 148997.2575)
(-859702.11 1.062542236e-09 140725.7185)
(-830116.3736 1.060909097e-09 132894.6464)
(-801206.837 5.300447723e-10 125490.8179)
(-772910.4949 0 118560.0142)
(-745466.1402 5.303535917e-10 111960.8471)
(-718749.7745 1.062065013e-09 105844.2618)
(-692951.2286 1.064076485e-09 99983.22967)
(-667939.8489 0 94575.24003)
(-643872.141 0 89405.78043)
(-620664.925 0 84621.22672)
(-598394.5883 0 80073.00842)
(-576977.6839 0 75839.55407)
(-556419.0193 5.442091485e-10 71832.2028)
(-536576.3368 0 68089.14826)
(-518100.0371 -2.751839761e-10 64559.10003)
(-503783.7521 2.769041812e-10 61252.91703)
(-90847.72527 0 521322.343)
(-195871.3052 0 519804.2928)
(-316448.1128 0 516301.7781)
(-436543.5609 0 511294.0473)
(-544850.2933 0 504723.2602)
(-646649.4531 0 496528.8934)
(-740422.3157 0 487117.9177)
(-826269.5801 0 476928.8807)
(-903507.2602 0 465872.595)
(-970907.5269 0 453553.6518)
(-1029431.058 0 440481.6899)
(-1079515.077 0 426972.3814)
(-1120311.679 -1.305042894e-08 412623.258)
(-1153292.511 0 398085.8365)
(-1178724.134 0 383380.9211)
(-1196518.225 0 368228.8964)
(-1207691.664 0 353298.3156)
(-1212476.497 0 338049.5681)
(-1211741.102 2.601313435e-09 323222.229)
(-1205898.488 0 308275.3281)
(-1195617.487 0 293873.3061)
(-1181418.255 2.430559979e-09 279525.5664)
(-1163704.459 0 265783.6399)
(-1143156.359 0 252187.5558)
(-1120155.361 0 239307.0231)
(-1095288.83 0 226678.6957)
(-1068714.826 1.130461642e-09 214754.6944)
(-1040987.641 0 203173.3284)
(-1012227.418 1.110004885e-09 192198.6384)
(-982903.3533 -1.101953257e-09 181688.0484)
(-953224.3779 0 171688.2315)
(-923373.932 0 162238.2022)
(-893750.0835 0 153206.2738)
(-864230.5844 0 144766.0763)
(-835185.2108 0 136646.6423)
(-806524.4355 0 129116.2174)
(-778557.1712 -1.076598986e-09 121906.1615)
(-751174.8907 0 115192.6717)
(-724607.3115 0 108820.3756)
(-698764.152 0 102850.2151)
(-673730.5445 0 97230.08245)
(-649587.8684 0 91928.53048)
(-626255.1532 0 86978.70846)
(-603850.9207 0 82287.29843)
(-582263.5871 0 77929.55726)
(-561564.0135 0 73778.43693)
(-541643.9602 0 69938.76553)
(-522454.9797 -2.778438038e-10 66269.15618)
(-504576.9499 -2.794695892e-10 62887.48885)
(-490721.4303 2.812165841e-10 59641.21959)
(-89060.32394 0 510138.5366)
(-191414.5288 8.141876438e-08 508511.6182)
(-308893.4323 0 504935.3246)
(-425882.7638 1.843448608e-08 499676.9841)
(-531389.6061 0 492913.926)
(-631032.6466 0 485123.754)
(-723451.8884 0 476278.8726)
(-807109.8512 0 466326.3445)
(-881238.3496 0 454919.5287)
(-946801.6399 0 442767.9659)
(-1003953.948 0 430075.9667)
(-1051812.069 0 416474.4399)
(-1091611.733 0 402461.3864)
(-1123658.149 0 388350.4902)
(-1147571.915 -3.018765746e-09 373537.8735)
(-1164721.016 0 358856.0699)
(-1175026.353 0 343887.866)
(-1179500.987 0 329116.8345)
(-1178442.606 -2.641825299e-09 314389.953)
(-1172538.759 2.576204389e-09 299915.3557)
(-1162340.593 0 285693.1592)
(-1148294.887 0 271795.8828)
(-1130917.717 -2.424241192e-09 258232.4615)
(-1110759.556 0 245145.7347)
(-1088432.448 2.35157813e-09 232448.2056)
(-1064075.364 0 220310.4402)
(-1038301.628 -1.148067021e-09 208528.9889)
(-1011217.229 0 197393.1543)
(-983391.7505 0 186576.8175)
(-954874.0365 0 176452.508)
(-926149.8176 -1.112243334e-09 166663.3519)
(-897234.6941 0 157515.7153)
(-868504.9833 0 148761.5469)
(-839907.7386 -1.0984739e-09 140520.8356)
(-811678.2722 0 132723.914)
(-784016.4613 0 125341.1194)
(-756850.3486 0 118432.6091)
(-730428.8414 0 111847.3018)
(-704645.7092 -1.094002554e-09 105744.9569)
(-679691.4922 -5.477015032e-10 99892.63169)
(-655450.222 -5.487388088e-10 94496.1097)
(-632079.0915 0 89330.34325)
(-609504.8482 5.517652195e-10 84552.47892)
(-587804.4686 0 80006.45231)
(-566906.8662 0 75777.60383)
(-546855.4004 0 71772.21478)
(-527570.7159 0 68033.27219)
(-508983.2542 -2.821708373e-10 64504.34233)
(-491666.6731 0 61203.2938)
(-478235.413 -2.855961441e-10 58078.90587)
(-86896.03994 0 499963.2079)
(-186536.4259 0 498266.3968)
(-301329.3627 0 494757.5648)
(-415889.4025 0 489953.6457)
(-519558.0476 1.497147957e-08 483767.1013)
(-617244.9303 0 476241.4235)
(-706618.7831 1.09576894e-08 467270.083)
(-787144.3213 0 456771.2884)
(-859619.9393 -8.858304839e-09 445570.3383)
(-923778.5411 0 433701.6787)
(-978600.1732 0 420796.1446)
(-1025161.28 0 407340.9813)
(-1063936.571 0 393701.6783)
(-1094191.822 3.203135722e-09 379273.4207)
(-1117369.438 0 364829.5239)
(-1133654.184 2.948253921e-09 350219.1331)
(-1143475.59 -2.847005773e-09 335467.6719)
(-1147572.272 2.759292968e-09 320973.569)
(-1146288.208 0 306352.3226)
(-1140363.239 0 292241.2988)
(-1130193.573 -2.557992539e-09 278111.7)
(-1116322.09 0 264567.4416)
(-1099344.791 0 251148.292)
(-1079707.672 0 238410.6418)
(-1057898.715 0 225925.2241)
(-1034186.33 -2.358097272e-09 214056.7103)
(-1009082.719 0 202573.42)
(-982772.3813 0 191639.708)
(-955666.9269 0 181199.2263)
(-928084.6108 1.136543292e-09 171231.7161)
(-900127.2663 -1.129564957e-09 161829.1866)
(-872219.8272 1.123805535e-09 152823.1405)
(-844278.1772 0 144416.8956)
(-816661.0841 0 136319.0367)
(-789309.3364 0 128816.2684)
(-762522.8878 0 121623.305)
(-736219.7228 5.551965779e-10 114929.7613)
(-710624.9154 0 108570.7949)
(-685667.7969 0 102616.8968)
(-661443.9835 0 97007.75744)
(-638016.213 1.114569285e-09 91719.79438)
(-615339.6882 0 86779.01403)
(-593528.2088 0 82098.85727)
(-572474.8837 0 77748.75881)
(-552260.8282 5.646355692e-10 73607.18791)
(-532816.6478 0 69774.36925)
(-514153.7095 0 66112.77862)
(-496135.0115 0 62736.30937)
(-479346.5369 -2.88242069e-10 59501.63746)
(-466430.7025 0 56512.78112)
(-84997.03483 0 493419.0339)
(-182254.031 0 491825.5281)
(-294940.4381 0 488546.9039)
(-407282.2096 0 483706.7034)
(-507884.5735 0 477204.3892)
(-602296.0285 0 469008.4949)
(-688944.6325 0 459541.4656)
(-768028.3075 0 449335.0568)
(-838923.4506 -8.996261031e-09 438279.9345)
(-900496.7597 0 425998.0564)
(-953797.5388 0 413059.3549)
(-999316.4531 7.22633573e-09 399836.0561)
(-1036175.878 -6.834850621e-09 385821.1363)
(-1065604.289 0 371546.852)
(-1088042.22 0 357245.6218)
(-1103429.844 0 342502.2535)
(-1112849.44 0 328076.199)
(-1116413.408 2.802265247e-09 313401.6218)
(-1115044.633 -2.724751627e-09 299154.2068)
(-1109022.574 0 284931.995)
(-1098956.064 0 271166.2538)
(-1085348.214 0 257586.3932)
(-1068730.606 0 244576.1716)
(-1049639.592 -1.230192499e-09 231848.572)
(-1028323.498 2.425393661e-09 219744.7439)
(-1005340.719 -1.197410734e-09 207942.4101)
(-980862.9366 0 196830.6702)
(-955414.208 0 186004.2718)
(-929104.7335 0 175894.1378)
(-902381.2807 -1.154243426e-09 166115.1225)
(-875312.7987 0 156971.6451)
(-848253.0344 0 148227.8164)
(-821188.0305 0 139996.9665)
(-794352.6333 1.132954759e-09 132212.5673)
(-767942.3937 0 124844.3757)
(-741919.3784 0 117949.8723)
(-716527.2625 -1.127686037e-09 111382.63)
(-691677.3898 0 105295.3267)
(-667564.9288 -1.128343059e-09 99462.90779)
(-644085.9928 0 94087.73426)
(-621400.1194 -5.65963602e-10 88933.06826)
(-599443.9285 0 84178.22174)
(-578299.826 0 79643.73533)
(-557901.1743 0 75435.76211)
(-538301.0945 -5.734290093e-10 71441.24972)
(-519457.6162 -2.880160914e-10 67720.32995)
(-501362.1626 2.894552923e-10 64199.88186)
(-483893.0841 2.910281193e-10 60912.82702)
(-467607.6058 0 57806.38005)
(-455044.9041 2.945609456e-10 54899.59701)
(-83140.2177 -2.495562923e-07 490102.1884)
(-178100.8738 0 488237.2575)
(-287860.2599 -2.629453531e-08 484716.1326)
(-396972.7947 0 479219.7156)
(-494727.5699 0 472117.2561)
(-586974.0051 0 463915.8263)
(-672351.1696 -1.130164888e-08 454676.6421)
(-749427.1739 0 444360.8295)
(-817439.0292 0 432619.0219)
(-877389.1279 0 420169.6295)
(-929603.1916 0 407332.5049)
(-973164.159 -3.669437852e-09 393646.4722)
(-1008949.314 3.470646884e-09 379471.3111)
(-1037616.796 0 365302.1068)
(-1058762.147 3.162012896e-09 350531.4238)
(-1073726.959 0 335946.9372)
(-1082532.091 0 321253.9487)
(-1085895.565 0 306709.2211)
(-1084409.741 0 292411.1053)
(-1078406.044 0 278255.2009)
(-1068502.043 0 264543.6087)
(-1055222.309 2.585544262e-09 251078.3733)
(-1039072.617 2.539276829e-09 238184.131)
(-1020478.283 0 225632.3977)
(-999784.0539 0 213640.6508)
(-977451.9992 2.43211743e-09 202096.381)
(-953719.9799 -1.202545355e-09 191072.2111)
(-928962.4526 0 180583.7774)
(-903565.9149 0 170557.166)
(-877596.0281 0 161120.6866)
(-851489.2409 0 152082.74)
(-825198.7596 -1.159081546e-09 143658.6573)
(-799074.6916 0 135551.2162)
(-773084.0154 -1.15059893e-09 128051.7343)
(-747521.4508 -5.739489372e-10 120856.1379)
(-722330.5245 -5.730667712e-10 114180.7355)
(-697732.9791 -1.145248154e-09 107830.3025)
(-673678.4376 0 101902.7035)
(-650284.0519 0 96310.40298)
(-627561.8361 1.147382316e-09 91052.8041)
(-605537.9367 0 86133.11736)
(-584311.3323 0 81484.81082)
(-563781.3378 -5.779477065e-10 77158.00671)
(-544033.5872 0 73047.96458)
(-525007.0605 0 69238.37198)
(-506751.5929 0 65606.29855)
(-489190.1121 2.939631497e-10 62251.09235)
(-472244.9984 0 59041.86878)
(-456454.7089 0 56081.43905)
(-444248.7193 2.991483164e-10 53242.71922)
(-80673.96529 0 488205.3261)
(-173141.7986 4.330521e-08 486099.3367)
(-280157.0615 -2.670403658e-08 482512.1861)
(-386617.3285 0 477055.9714)
(-482495.6627 0 470295.4601)
(-572876.4653 0 462168.0868)
(-655383.1977 0 452477.2842)
(-729465.4513 0 441229.8537)
(-795908.7412 0 429275.0221)
(-854717.503 0 416798.602)
(-904855.6039 0 403350.5883)
(-946964.8984 0 389215.5853)
(-981945.3883 0 374990.9385)
(-1009160.02 0 360182.2663)
(-1029751.748 0 345318.3599)
(-1044181.696 0 330540.2416)
(-1052579.16 0 315544.7923)
(-1055840.405 0 301046.739)
(-1054156.256 0 286420.0998)
(-1048279.225 0 272385.6403)
(-1038590.315 -2.679375067e-09 258439.4251)
(-1025709.126 0 245175.4243)
(-1010060.941 0 232138.5883)
(-991993.6194 0 219810.3535)
(-971995.2155 0 207761.7249)
(-950312.7987 0 196463.3307)
(-927420.2209 0 185455.9185)
(-903484.0386 0 175207.3168)
(-878914.9084 0 165304.8141)
(-853832.6505 0 156064.8791)
(-828570.1078 0 147241.2727)
(-803152.2024 -1.177132648e-09 138958.8845)
(-777821.2426 0 131132.0397)
(-752735.287 0 123746.3007)
(-727928.7255 0 116838.974)
(-703625.9112 0 110281.4179)
(-679756.5448 -1.163083821e-09 104202.7544)
(-656522.434 0 98398.53609)
(-633830.2902 0 93052.94326)
(-611846.2821 0 87925.04096)
(-590515.6016 0 83217.70027)
(-569929.9043 0 78714.25762)
(-550027.5734 0 74556.51755)
(-530866.1252 0 70596.57266)
(-512412.699 0 66925.54963)
(-494696.722 0 63440.58337)
(-477654.7453 2.985412219e-10 60201.5657)
(-461196.5119 0 57128.3918)
(-445865.6457 0 54270.88332)
(-434006.5889 -3.038071405e-10 51546.77172)
(-78327.05821 1.286949018e-07 490380.7122)
(-168687.0668 0 488262.4419)
(-273274.4455 0 484963.3159)
(-377274.1477 1.991535589e-08 479381.3175)
(-470375.0537 0 472110.8087)
(-557343.7431 0 463044.0414)
(-636936.1805 0 452408.2171)
(-709542.8231 -1.038697754e-08 441046.1368)
(-774676.3204 9.423153366e-09 428940.9433)
(-831142.8143 -4.334280688e-09 415656.1527)
(-879499.8859 0 401488.4278)
(-920719.7824 3.784620612e-09 387142.3578)
(-954223.116 0 372208.9519)
(-980661.0601 -3.407383208e-09 356913.424)
(-1000800.426 0 341835.9805)
(-1014395.97 0 326364.3643)
(-1022687.938 3.028544685e-09 311276.1281)
(-1025653.311 2.935238885e-09 296209.1929)
(-1024043.677 0 281518.2291)
(-1018335.536 0 267125.1875)
(-1009012.127 0 253155.9398)
(-996613.0969 0 239680.2288)
(-981505.4187 0 226675.0693)
(-964089.0609 0 214210.1519)
(-944780.6532 0 202288.2235)
(-923888.1148 0 190899.882)
(-901736.7359 0 180116.5582)
(-878732.4131 0 169824.2835)
(-854964.9591 -1.217848703e-09 160172.1147)
(-830857.8176 0 150957.1067)
(-806399.9515 0 142390.2429)
(-781931.8012 0 134179.5885)
(-757444.5033 -1.190535344e-09 126607.9615)
(-733234.5977 0 119349.3357)
(-709266.7118 0 112659.3707)
(-685759.7224 0 106289.1328)
(-662684.1844 0 100382.7283)
(-640180.7997 -1.181137832e-09 94803.6398)
(-618213.7811 -5.909427072e-10 89590.56525)
(-596887.9341 0 84705.14051)
(-576259.9025 0 80114.9623)
(-556268.0377 0 75835.24012)
(-536995.2662 0 71789.84179)
(-518383.2335 0 68032.98117)
(-500494.8785 -3.003197373e-10 64467.06734)
(-483287.9123 0 61165.71055)
(-466744.3147 0 58020.58599)
(-450760.5906 0 55110.84832)
(-435849.719 0 52340.1247)
(-424365.9994 -3.085385091e-10 49759.22094)
(-75908.44459 0 497666.2636)
(-164391.0824 0 495097.3124)
(-265968.9019 0 491451.8293)
(-366183.3105 2.022551017e-08 484970.8565)
(-456161.5197 1.617416143e-08 476631.9745)
(-540629.3401 1.360658571e-08 466895.1102)
(-618818.5334 1.183793736e-08 456264.844)
(-689741.1573 0 444574.4032)
(-752112.223 0 431400.5055)
(-806507.7363 4.401781148e-09 417160.7738)
(-853889.1497 4.094566794e-09 402628.521)
(-893624.2613 0 387479.0399)
(-925853.6542 -3.635336829e-09 371671.3981)
(-951772.6993 -3.460448515e-09 356003.3771)
(-970912.8857 0 339982.0679)
(-984251.7475 -3.185091669e-09 324085.753)
(-992309.0913 0 308464.1053)
(-995259.1503 2.980951193e-09 292841.2307)
(-993825.3804 -2.898494931e-09 277857.8533)
(-988341.5904 2.826498544e-09 262942.5115)
(-979499.8598 0 248833.1144)
(-967617.6957 -1.354117056e-09 234944.0786)
(-953135.769 0 221881.9403)
(-936461.0328 0 209128.4343)
(-917912.1906 0 197224.6947)
(-897904.0798 0 185668.9462)
(-876656.5677 0 174948.8257)
(-854546.2059 0 164630.0561)
(-831737.2337 -1.236815022e-09 155050.9673)
(-808540.4302 -1.227843553e-09 145931.4981)
(-785016.3975 0 137427.2094)
(-761422.798 0 129408.9855)
(-737854.7952 -6.045381471e-10 121896.4226)
(-714448.0206 0 114885.2072)
(-691392.6036 0 108276.8589)
(-668640.9749 -1.200520138e-09 102159.6428)
(-646402.7177 -5.997963684e-10 96361.37329)
(-624593.0913 0 91025.63024)
(-603387.9059 0 85936.49189)
(-582741.3885 0 81287.00447)
(-562758.5708 6.020521707e-10 76833.68742)
(-543382.7492 0 72757.31007)
(-524681.4731 0 68859.89956)
(-506624.4875 0 65277.44082)
(-489254.0336 3.049968042e-10 61861.11781)
(-472542.1242 0 58710.64564)
(-456457.6074 0 55704.81437)
(-440930.5891 0 52928.22621)
(-426415.3869 0 50283.804)
(-415258.6503 -3.13343572e-10 47825.77866)
(-72642.14511 0 507858.866)
(-158894.1674 -4.53601398e-08 504881.389)
(-257304.0697 0 500969.6052)
(-354079.8367 0 494008.0074)
(-441743.2935 1.64260521e-08 485669.0218)
(-524583.3634 0 475879.1532)
(-600378.6605 0 464619.9597)
(-668056.0089 0 451544.1821)
(-728130.2631 4.859472174e-09 437248.0794)
(-781430.8585 0 422487.5271)
(-827236.5551 -4.158334128e-09 407024.0926)
(-865188.8458 0 390619.5472)
(-896745.3334 7.383904556e-09 374235.8107)
(-921677.4505 0 357575.7542)
(-940296.3989 3.36363828e-09 340654.412)
(-953530.0787 0 324178.3247)
(-961198.8284 0 307559.3075)
(-964315.978 0 291487.9662)
(-962966.1069 0 275611.9107)
(-957959.3763 0 260365.8131)
(-949643.9742 0 245576.5836)
(-938415.4689 0 231427.5427)
(-924683.578 0 217844.9131)
(-908817.9228 0 204945.0014)
(-891179.0186 0 192645.7333)
(-872053.2421 0 181064.9291)
(-851837.1447 0 170062.1344)
(-830664.0761 0 159793.8032)
(-808929.297 0 150055.9922)
(-786657.0888 0 141041.262)
(-764173.7113 0 132473.0897)
(-741492.4436 6.164951226e-10 124605.0892)
(-718913.7333 0 117113.5432)
(-696416.4217 0 110272.7805)
(-674221.1051 0 103767.4128)
(-652318.173 0 97806.66373)
(-630853.5797 0 92179.37375)
(-609805.5845 -6.091067611e-10 86981.68444)
(-589312.0531 6.094922858e-10 82110.60003)
(-569352.9657 0 77583.58379)
(-549980.3389 0 73360.78423)
(-531229.0406 0 69407.66823)
(-513070.6707 0 65732.15451)
(-495568.5209 3.084940388e-10 62272.90423)
(-478689.4137 -3.097467164e-10 59063.72961)
(-462454.5273 0 56028.89277)
(-446811.1818 -3.127076756e-10 53211.11103)
(-431716.4951 0 50542.91544)
(-417589.2543 0 48069.69787)
(-406619.0408 3.182234739e-10 45706.63724)
(-69412.77216 0 522932.5378)
(-153762.3278 0 519984.0809)
(-249068.0578 0 516457.4591)
(-342672.7439 0 509462.3194)
(-427874.1639 0 500735.2427)
(-507249.1681 0 489936.2607)
(-579528.2151 0 477067.0959)
(-644801.3542 0 462862.5228)
(-703576.4173 -4.935151518e-09 447945.6145)
(-755066.4328 0 432105.38)
(-798625.0623 0 415079.5615)
(-835752.1639 0 397825.004)
(-866416.0758 0 380393.994)
(-890232.9975 0 362373.7711)
(-908594.3353 0 344686.9562)
(-921304.3762 0 326931.9617)
(-928992.0612 0 309441.2275)
(-932196.8801 0 292433.736)
(-931252.4873 0 275668.335)
(-926806.0694 0 259755.295)
(-919101.9594 0 244137.0853)
(-908642.4948 0 229475.7069)
(-895759.7794 0 215201.0147)
(-880831.6348 0 201920.2568)
(-864205.6407 0 189094.0721)
(-846148.3753 0 177238.7947)
(-826996.6174 -1.299147631e-09 165890.8297)
(-806949.0011 0 155427.9677)
(-786290.1202 0 145515.1211)
(-765111.7299 0 136360.4619)
(-743665.9857 0 127766.5256)
(-722037.8614 1.252192309e-09 119808.4227)
(-700423.295 0 112413.313)
(-678921.1644 0 105530.4983)
(-657591.8065 0 99186.52489)
(-636619.2474 0 93253.178)
(-615929.8601 6.186238302e-10 87815.40374)
(-595709.825 0 82697.45872)
(-575921.11 0 78037.43803)
(-556685.2019 0 73622.16096)
(-537950.6195 0 69616.48817)
(-519799.5056 0 65797.67678)
(-502206.1548 0 62331.74787)
(-485223.8366 0 59017.538)
(-468834.1201 -3.145705795e-10 56003.88273)
(-453043.3913 0 53113.30685)
(-437832.6375 0 50476.36446)
(-423148.4518 -3.193032882e-10 47945.82841)
(-409369.4132 0 45641.77756)
(-398637.1882 -3.231793504e-10 43391.91572)
(-66307.73936 0 546232.8473)
(-149140.6555 -4.678398293e-08 542959.5442)
(-241098.8831 0 539059.0223)
(-330257.6858 2.118525597e-08 531143.3652)
(-411703.4331 0 521003.0521)
(-487589.0889 0 508721.9353)
(-557388.5552 0 494967.6758)
(-621016.0797 5.524650904e-09 480118.2489)
(-677516.6379 0 464012.5484)
(-726329.0798 0 446449.3947)
(-768745.2011 -4.288863168e-09 428313.8102)
(-804897.5301 0 409914.1803)
(-833944.723 0 390728.4271)
(-857280.7825 0 371604.851)
(-875152.7585 0 352610.9725)
(-887541.627 0 333467.4083)
(-895401.9224 0 314947.4831)
(-898675.7296 0 296553.8901)
(-898283.837 0 278937.2926)
(-894344.8649 0 261755.6733)
(-887432.3241 0 245384.7083)
(-877816.8086 0 229637.8331)
(-865914.8135 -1.392991645e-09 214742.8493)
(-852064.1577 0 200560.4582)
(-836535.0037 0 187252.5836)
(-819692.9281 0 174668.8754)
(-801707.1378 0 162967.4479)
(-782935.0278 0 151957.105)
(-763431.4875 0 141804.8446)
(-743499.2621 0 132261.8106)
(-723169.8505 0 123536.8516)
(-702737.9527 0 115337.5612)
(-682191.6296 0 107908.0301)
(-661757.5892 0 100909.3936)
(-641437.6329 0 94596.94613)
(-621386.0918 -6.287437551e-10 88667.4488)
(-601590.183 0 83292.65365)
(-582193.4468 0 78277.27558)
(-563191.4861 6.28624092e-10 73706.36716)
(-544666.0833 0 69459.0121)
(-526599.8414 0 65557.39343)
(-509058.1066 0 61940.13096)
(-492037.587 0 58594.97002)
(-475574.8475 0 55496.21763)
(-459674.609 3.194695862e-10 52612.15397)
(-444323.0628 -3.2091987e-10 49933.10424)
(-429534.4808 0 47429.3936)
(-415253.398 3.242760005e-10 45099.85038)
(-401781.7683 0 42925.53858)
(-391237.1329 0 40851.32061)
(-62494.83193 0 575741.7897)
(-143140.6367 0 571961.7903)
(-231142.5176 0 567103.4712)
(-315706.9944 2.15151873e-08 558095.4086)
(-393929.6761 -8.602752406e-09 547016.3118)
(-467246.5016 0 534222.5713)
(-534826.3444 6.296390977e-09 519808.4121)
(-595535.01 -5.610689771e-09 503654.7356)
(-648994.5859 -5.09006494e-09 485747.0805)
(-696173.396 0 466928.9932)
(-737243.2661 -4.355656334e-09 447613.2498)
(-771395.0144 0 427334.4517)
(-799629.9493 -3.867143627e-09 406655.7223)
(-822532.5443 0 386165.2466)
(-839569.2001 0 365342.438)
(-851890.2652 3.388188641e-09 344950.2509)
(-859654.0985 0 324798.1667)
(-863309.6755 -3.171031173e-09 305067.2805)
(-863412.6787 0 286103.4189)
(-860177.3597 0 267574.5174)
(-854111.1176 0 250067.3974)
(-845478.8014 0 233066.0453)
(-834684.4048 0 217203.018)
(-822008.2842 0 201921.9556)
(-807751.6384 1.372282462e-09 187789.2388)
(-792205.8914 0 174301.2502)
(-775589.2579 0 161905.0169)
(-758152.7701 -1.326889435e-09 150195.3977)
(-740010.1683 0 139463.347)
(-721385.7386 1.306136844e-09 129423.3636)
(-702380.0428 0 120234.655)
(-683204.0176 0 111732.4235)
(-663882.717 0 103943.9171)
(-644585.0611 0 96807.32552)
(-625405.605 0 90258.30511)
(-606345.1966 -6.385355775e-10 84301.25487)
(-587570.9258 0 78812.18889)
(-569055.3053 -6.380102321e-10 73856.51544)
(-550934.4952 -6.384140508e-10 69268.43173)
(-533160.593 0 65143.62239)
(-515832.865 6.40441952e-10 61295.3439)
(-498931.8652 0 57846.36727)
(-482527.1098 3.219870625e-10 54602.09805)
(-466606.9162 3.231327673e-10 51698.22317)
(-451196.3594 0 48940.96038)
(-436300.2223 0 46463.62164)
(-421924.096 0 44098.79382)
(-408043.6868 -3.293261548e-10 41967.99539)
(-394849.8359 0 39930.5704)
(-384562.7218 -3.333238857e-10 38040.7161)
(-58437.10439 0 610558.4612)
(-136451.3296 0 606793.09)
(-220481.6453 0 601418.7356)
(-300762.0914 0 592238.0891)
(-376169.2866 0 580881.9995)
(-446416.1627 0 567318.3063)
(-510311.2303 0 551440.0353)
(-567612.6449 5.698068511e-09 533498.085)
(-618932.7969 0 514283.2001)
(-664392.2014 -4.75538302e-09 494246.3356)
(-703207.2514 4.423489663e-09 473068.0766)
(-735862.6202 0 451056.3131)
(-763280.9948 0 429027.0385)
(-785010.3867 0 406571.6417)
(-801732.2221 0 384098.6297)
(-813944.5195 -3.440954997e-09 362101.2847)
(-821648.6962 0 340134.7113)
(-825786.4427 0 318993.3286)
(-826311.875 0 298243.0292)
(-823891.2878 0 278402.5114)
(-818670.2394 0 259216.6549)
(-811123.8275 0 241007.8595)
(-801497.4222 0 223614.7413)
(-790103.1109 0 207238.8502)
(-777233.2136 0 191748.438)
(-763090.8873 0 177295.4151)
(-747983.8397 -1.360795138e-09 163726.3075)
(-731990.3883 0 151181.819)
(-715376.8455 0 139462.746)
(-698183.5348 0 128732.0357)
(-680685.7924 0 118752.5275)
(-662880.6663 0 109711.2855)
(-644984.7599 0 101314.7004)
(-626994.9479 0 93794.79902)
(-609072.9258 0 86819.66781)
(-591200.6299 0 80611.00404)
(-573529.3725 0 74870.40095)
(-556062.6715 0 69772.40665)
(-538890.0521 0 65087.23106)
(-522000.6947 -6.4918644e-10 60911.50872)
(-505469.7 0 57085.9086)
(-489303.0633 0 53661.46206)
(-473554.9189 -3.270015661e-10 50524.69554)
(-458226.9217 0 47699.4991)
(-443336.8308 -3.294976681e-10 45098.18644)
(-428917.8049 -3.309934759e-10 42739.34705)
(-414967.1964 -3.326474324e-10 40552.54736)
(-401486.1325 0 38560.27048)
(-388568.0025 0 36701.68977)
(-378433.8416 0 34955.96)
(-54770.0095 0 653295.2479)
(-129789.1843 0 649848.1951)
(-209931.0039 0 643873.603)
(-286000.8969 0 634325.0049)
(-357365.6868 0 622017.0127)
(-423334.0668 0 606879.4347)
(-483527.8072 0 589377.7314)
(-538212.6655 -5.786807937e-09 570239.606)
(-587351.4799 5.249840822e-09 549854.8911)
(-630223.6287 0 528068.4826)
(-666860.5138 -4.492379311e-09 505007.5327)
(-698324.1537 -4.21698661e-09 481602.2799)
(-724413.9925 0 457784.1876)
(-745156.7823 0 433463.6279)
(-761564.4477 -3.633844359e-09 409467.6298)
(-773299.9889 -3.494543046e-09 385431.1991)
(-781177.9353 0 361896.5999)
(-785590.557 0 338941.4004)
(-786709.7214 0 316484.3856)
(-785029.4064 0 295009.5813)
(-780761.3279 0 274106.5427)
(-774322.3114 0 254396.5474)
(-765927.8028 -1.459092212e-09 235360.1718)
(-755897.4685 0 217590.6689)
(-744466.2225 0 200578.8823)
(-731858.8675 0 184837.9469)
(-718299.4311 -1.381987613e-09 169898.1626)
(-703910.7368 0 156163.833)
(-688884.9681 0 143249.6884)
(-673324.0174 1.347136157e-09 131438.4212)
(-657416.0004 0 120460.2833)
(-641193.6603 0 110461.8409)
(-624825.3251 -6.632727712e-10 101271.8797)
(-608332.7428 0 92935.49342)
(-591820.7896 0 85358.26547)
(-575320.085 0 78503.2329)
(-558906.5331 0 72347.4573)
(-542685.3916 0 66792.5132)
(-526604.3587 0 61848.51289)
(-510769.9866 0 57383.748)
(-495164.1471 3.302726334e-10 53440.47001)
(-479869.3899 0 49870.61013)
(-464879.8692 0 46732.71231)
(-450237.8518 0 43871.91157)
(-435952.3687 -3.346291321e-10 41353.51491)
(-422063.5355 0 39039.2775)
(-408589.3223 0 36989.08648)
(-395521.81 -3.396636215e-10 35085.65087)
(-382907.4248 0 33387.86046)
(-372884.9294 0 31749.30565)
(-51473.62646 0 702758.4875)
(-122673.0436 0 699459.6364)
(-198305.9175 0 692164.7419)
(-269583.4202 0 681706.2125)
(-336478.6918 0 668079.1591)
(-398495.6595 0 651734.6901)
(-455629.2149 0 633371.9738)
(-507581.0299 0 613257.3322)
(-553687.8149 0 591344.3415)
(-593726.9258 0 567778.3581)
(-628675.7581 0 543386.8555)
(-658690.4228 0 518427.9685)
(-683130.6147 0 492657.4799)
(-703091.6573 0 466865.9488)
(-718744.5402 0 441101.3342)
(-730229.6982 0 415275.2233)
(-738297.4457 0 390151.986)
(-742829.0879 0 365289.456)
(-744567.5055 0 341308.9351)
(-743534.0571 0 317934.7216)
(-740234.8025 0 295552.0319)
(-734861.1911 0 274011.5239)
(-727714.1001 0 253524.4461)
(-719043.8556 0 234011.8533)
(-709079.114 0 215593.0491)
(-698027.2078 0 198196.3144)
(-686047.0264 0 181913.4931)
(-673330.1096 0 166628.483)
(-659936.7799 0 152444.0839)
(-646112.2671 0 139206.8553)
(-631860.8852 0 127045.6889)
(-617370.9118 0 115752.7961)
(-602637.0184 0 105495.8317)
(-587816.9798 0 96021.06831)
(-572872.2052 0 87514.47548)
(-557950.5108 0 79699.05859)
(-543034.4893 0 72778.16991)
(-528209.6474 0 66462.77649)
(-513453.9385 0 60922.32439)
(-498843.9246 0 55901.27259)
(-484381.7771 0 51535.73906)
(-470123.3924 0 47604.5349)
(-456072.9822 3.372660571e-10 44206.64863)
(-442257.4056 0 41148.74598)
(-428713.5157 0 38509.8377)
(-415464.4274 -3.413832718e-10 36123.56822)
(-402545.219 0 34058.82918)
(-389960.205 0 32159.8474)
(-377681.9891 0 30510.57382)
(-367927.6319 0 28931.41379)
(-48210.55179 0 754420.3206)
(-114240.1697 0 751331.5759)
(-185130.6788 0 742598.3631)
(-252145.7144 0 731724.1426)
(-314718.1794 0 717500.1793)
(-373195.6854 0 700727.8616)
(-426978.1119 0 681648.6614)
(-475322.3073 0 660302.046)
(-518056.1137 0 636926.7625)
(-555842.7659 0 612200.0401)
(-588901.9861 0 586641.1477)
(-616674.0862 0 560003.5334)
(-639903.5206 0 532778.5431)
(-659066.541 0 505563.0056)
(-673789.7397 0 478038.5532)
(-685019.7247 0 450903.3691)
(-692915.6855 0 424069.2618)
(-697746.9015 0 397697.2177)
(-699925.7278 0 372172.1602)
(-699608.8604 -1.599226769e-09 347187.4383)
(-697212.2407 -3.127142019e-09 323347.6294)
(-692881.1683 0 300185.5497)
(-686952.5674 0 278283.6475)
(-679599.9704 0 257180.9295)
(-671065.0332 0 237375.5194)
(-661539.2953 0 218430.2576)
(-651143.363 0 200779.9533)
(-640043.293 0 183999.1981)
(-628330.9417 0 168465.2028)
(-616188.3436 0 153804.2478)
(-603653.639 0 140306.8243)
(-590874.4688 0 127674.1709)
(-577875.3301 0 116106.3896)
(-564751.2076 0 105389.463)
(-551506.8315 0 95625.45087)
(-538247.154 0 86688.09024)
(-524970.8372 0 78603.75507)
(-511724.45 0 71296.03039)
(-498495.5518 0 64738.30383)
(-485324.0294 0 58892.20829)
(-472241.3076 0 53693.92172)
(-459243.188 0 49119.80323)
(-446361.9922 0 45081.80546)
(-433592.4866 0 41559.87045)
(-420986.2335 0 38466.96018)
(-408560.2295 0 35777.54689)
(-396331.2609 0 33407.64901)
(-384345.0334 0 31320.88411)
(-372538.1772 0 29456.77834)
(-363286.3453 0 27822.58358)
(-45422.69275 0 805581.8243)
(-105276.464 0 803038.0579)
(-171570.6017 -1.582604582e-08 793304.2057)
(-234830.3084 0 782665.4338)
(-293070.6393 9.293824454e-09 768247.9679)
(-347477.0601 0 750933.6146)
(-397095.1747 0 730868.4591)
(-441674.2007 0 708415.8475)
(-481537.7258 0 684162.9512)
(-516930.1675 0 658665.4614)
(-547457.4886 -4.705552763e-09 631877.4813)
(-573333.0966 4.417092062e-09 604039.3303)
(-595267.5081 0 575896.1155)
(-613068.8177 0 547309.8234)
(-627192.3855 0 518580.3952)
(-638125.4364 0 490277.8862)
(-645791.2344 0 462078.579)
(-650914.7493 0 434631.8127)
(-653410.4476 0 407682.9451)
(-653783.2011 0 381640.9893)
(-652186.2138 1.587921454e-09 356403.1361)
(-648875.7988 0 332157.5727)
(-644093.0436 0 308910.3366)
(-638020.6669 0 286709.0697)
(-630865.7343 0 265595.9969)
(-622789.9134 0 245560.7914)
(-613910.3335 0 226612.5646)
(-604367.5378 1.43348046e-09 208745.542)
(-594271.0058 0 191928.18)
(-583734.6757 0 176188.5756)
(-572876.2795 0 161428.8811)
(-561722.9232 0 147717.1548)
(-550422.9385 0 134908.6626)
(-538931.6761 -6.925177103e-10 123098.9345)
(-527391.305 0 112113.3751)
(-515778.4918 6.898301014e-10 102085.3661)
(-504181.4309 0 92811.73049)
(-492552.6266 0 84435.88259)
(-480956.0038 0 76741.08528)
(-469362.6239 3.452908539e-10 69882.90227)
(-457806.0087 0 63637.21568)
(-446260.4712 0 58142.56486)
(-434732.0999 0 53177.78413)
(-423230.7402 -3.490905088e-10 48856.71542)
(-411768.4336 0 44976.7385)
(-400356.5242 0 41621.13713)
(-388985.4303 3.538586419e-10 38592.14762)
(-377711.1188 0 35942.19395)
(-366631.4468 0 33468.44556)
(-358472.2503 0 31467.01078)
(-43301.4898 0 854406.5577)
(-96112.19068 0 852398.7921)
(-158010.2008 0 841825.9546)
(-217922.1086 0 831180.2282)
(-270934.7485 0 816352.4078)
(-320790.4781 0 798277.9678)
(-366355.6557 0 777508.9348)
(-407563.5737 0 754546.8004)
(-444584.5193 0 729898.0789)
(-477188.1673 0 703702.3192)
(-505204.1685 0 676065.9937)
(-529330.9786 0 647688.1009)
(-549722.2934 0 618827.9438)
(-566252.8806 0 589377.155)
(-579723.6647 0 560076.3022)
(-590057.8411 0 530804.7305)
(-597657.1414 0 501881.6123)
(-602862.9552 0 473607.6255)
(-605766.0976 0 445780.3796)
(-606767.2056 0 418981.7926)
(-605941.5392 0 392818.8465)
(-603630.7865 0 367841.4622)
(-599936.0029 0 343672.8096)
(-595108.1647 0 320753.6691)
(-589285.5616 0 298742.5157)
(-582602.9836 0 277999.0283)
(-575192.823 0 258180.9777)
(-567139.9703 0 239611.9637)
(-558611.7169 -1.443506849e-09 221953.9824)
(-549642.0318 0 205513.5826)
(-540365.5682 0 189941.0957)
(-530808.6274 0 175518.9092)
(-521072.5926 0 161922.5188)
(-511158.8077 0 149377.8003)
(-501180.2429 0 137617.7345)
(-491144.3532 0 126812.4474)
(-481096.952 0 116756.1276)
(-471017.3904 0 107553.0704)
(-460947.6341 0 99053.86738)
(-450872.9435 0 91319.92843)
(-440802.3234 0 84234.83529)
(-430701.6702 0 77827.19822)
(-420553.1619 0 71993.10075)
(-410364.7326 0 66745.80459)
(-400112.9902 0 61980.71043)
(-389789.8202 0 57698.62837)
(-379325.2092 0 53782.49447)
(-368706.903 0 50206.08643)
(-358634.8594 0 46768.87833)
(-352251.2208 0 43987.12728)
(-41608.14103 0 896891.1892)
(-86688.71622 0 895120.1775)
(-143913.9348 0 883804.0142)
(-200532.0831 0 872923.3278)
(-248342.0116 0 857743.2764)
(-293863.6838 0 839423.4431)
(-335712.4111 0 818597.961)
(-373666.7054 0 795665.0447)
(-407580.6815 5.671568594e-09 770844.1118)
(-437179.4998 0 744279.2862)
(-462961.7786 0 716471.3889)
(-485383.9445 0 687951.498)
(-503981.2011 0 658630.6446)
(-519397.446 0 629001.5058)
(-532042.2783 0 599430.5897)
(-541821.492 0 569742.869)
(-549366.7589 0 540600.28)
(-554545.8867 0 511799.1704)
(-557831.4278 0 483742.5621)
(-559352.7561 0 456405.0199)
(-559305.902 0 429934.9728)
(-557919.5969 0 404449.0386)
(-555320.3398 0 379912.4656)
(-551705.1876 0 356507.9774)
(-547195.5811 0 334110.9717)
(-541902.195 0 312889.1695)
(-535928.6839 0 292696.8927)
(-529374.1544 0 273659.3536)
(-522365.8601 7.329937432e-10 255659.0465)
(-514942.4388 0 238751.8189)
(-507217.4605 0 222859.3178)
(-499222.6901 0 207980.8278)
(-491021.0591 0 194073.1909)
(-482652.875 0 181085.1393)
(-474163.2904 0 169018.947)
(-465635.9239 0 157777.1145)
(-457023.4851 -7.109340968e-10 147378.8703)
(-448387.1488 0 137705.2414)
(-439697.516 0 128798.1303)
(-430987.0184 0 120521.5534)
(-422210.9602 0 112923.9734)
(-413356.7176 0 105857.9325)
(-404390.0711 3.587717903e-10 99372.15846)
(-395299.0775 0 93329.97545)
(-386057.7097 0 87764.0773)
(-376618.6147 0 82550.8097)
(-366884.1735 0 77710.09292)
(-356627.8792 0 73102.50733)
(-347608.1967 0 68630.03272)
(-343212.2689 0 64822.51542)
(-512302.7023 0 491170.4736)
(-513012.2646 0 464723.3791)
(-512471.5457 0 439031.4714)
(-510929.8244 0 414458.2727)
(-508466.4463 0 390791.7197)
(-505223.8059 0 368297.6318)
(-501280.2473 0 346771.2939)
(-496711.9861 0 326428.6709)
(-491643.3553 0 307068.439)
(-486118.7213 0 288883.4851)
(-480239.8244 0 271640.037)
(-474029.3843 0 255535.9802)
(-467580.7151 0 240311.8522)
(-460882.3245 0 226160.3313)
(-454033.6174 0 212812.7)
(-447031.9377 0 200462.6282)
(-439925.4708 0 188839.3618)
(-432691.1328 0 178097.2963)
(-425366.3952 0 167992.221)
(-417930.0907 0 158653.6987)
(-410388.8597 -3.616756768e-10 149854.8666)
(-402697.6599 -3.623606635e-10 141703.5736)
(-394827.1942 0 133988.6676)
(-386761.9762 0 126806.8592)
(-378469.1168 0 119972.9318)
(-369935.3398 0 113572.4518)
(-361115.6242 0 107447.0137)
(-351867.6538 0 101686.3151)
(-341819.3771 0 96117.7512)
(-333678.7105 0 90752.30555)
(-330935.3281 0 85961.15626)
)
;

boundaryField
{
    front_top
    {
        type            wedge;
    }
    front_middle
    {
        type            wedge;
    }
    front_bottom
    {
        type            wedge;
    }
    back_top
    {
        type            wedge;
    }
    back_middle
    {
        type            wedge;
    }
    back_bottom
    {
        type            wedge;
    }
    axis_top
    {
        type            symmetryPlane;
    }
    axis_middle
    {
        type            symmetryPlane;
    }
    axis_bottom
    {
        type            symmetryPlane;
    }
    wall_top
    {
        type            extrapolatedCalculated;
        value           nonuniform List<vector> 
23
(
(-525888.3341 -2.684767592e-10 64545.69073)
(-511893.8828 0 62896.26629)
(-498084.8168 2.769041812e-10 61252.91703)
(-485298.8416 2.812165841e-10 59641.21959)
(-473124.1672 -2.855961441e-10 58078.90587)
(-461489.4167 0 56512.78112)
(-450078.496 2.945609456e-10 54899.59701)
(-439470.1424 2.991483164e-10 53242.71922)
(-429487.2799 -3.038071405e-10 51546.77172)
(-420008.4101 -3.085385091e-10 49759.22094)
(-410934.4434 -3.13343572e-10 47825.77866)
(-402279.5288 3.182234739e-10 45706.63724)
(-394506.4249 -3.231793504e-10 43391.91572)
(-387279.6252 0 40851.32061)
(-380670.8681 -3.333238857e-10 38040.7161)
(-374514.8095 0 34955.96)
(-368995.6124 0 31749.30565)
(-364294.2697 0 28931.41379)
(-360035.4267 0 27822.58358)
(-355807.7849 0 31467.01078)
(-350523.2714 0 43987.12728)
(-342472.136 0 64822.51542)
(-331063.6325 0 85961.15626)
)
;
    }
    wall_middle
    {
        type            extrapolatedCalculated;
        value           nonuniform 0();
    }
    wall_bottom
    {
        type            extrapolatedCalculated;
        value           nonuniform 0();
    }
    inlet
    {
        type            extrapolatedCalculated;
        value           nonuniform 0();
    }
    outlet
    {
        type            extrapolatedCalculated;
        value           nonuniform 0();
    }
    procBoundary7to6
    {
        type            processor;
        value           nonuniform List<vector> 
51
(
(-39990.62974 0 929063.9564)
(-76917.65589 0 927397.3948)
(-129607.8882 0 915815.8352)
(-183363.1766 0 905115.7444)
(-226103.3065 0 890098.4978)
(-267600.9296 0 872128.1715)
(-305877.9077 0 851686.693)
(-340380.8058 0 829005.2464)
(-370971.1845 0 804293.1115)
(-397877.0615 0 777914.2395)
(-421534.1183 0 750503.3191)
(-441799.5268 0 722116.806)
(-458859.1412 0 692903.0127)
(-473303.2635 0 663563.1091)
(-484922.1726 0 633971.3906)
(-494197.6964 0 604512.246)
(-501453.9165 0 575430.6813)
(-506699.2242 0 546623.4327)
(-510309.9788 0 518636.7888)
(-510309.9788 0 518636.7888)
(-466155.8167 0 520937.8099)
(-467466.89 0 494636.9881)
(-467726.013 0 469073.8896)
(-467121.2062 -1.625783291e-09 444556.376)
(-465726.5779 0 420864.4981)
(-463650.2856 0 398314.4339)
(-460950.746 7.785870042e-10 376639.1226)
(-457711.2135 0 356124.6977)
(-454021.0433 0 336521.3579)
(-449912.8461 0 318054.3015)
(-445467.7286 0 300492.8527)
(-440710.7986 0 284005.924)
(-435693.8443 0 268398.1042)
(-430420.7735 -7.390470455e-10 253771.0478)
(-424963.5889 0 239976.1605)
(-419322.4862 0 227059.6326)
(-413516.3822 0 214901.3645)
(-407519.1018 0 203505.2065)
(-401351.9944 -3.666066822e-10 192778.3665)
(-394989.0245 -3.668387202e-10 182695.9574)
(-388423.6202 0 173181.7982)
(-381612.8222 0 164195.5077)
(-374526.5081 0 155677.4962)
(-367162.7234 0 147596.638)
(-359489.4914 0 139901.6373)
(-351521.7313 -3.728581696e-10 132576.3208)
(-343233.3532 -3.745508194e-10 125582.9923)
(-334456.809 0 118936.2494)
(-324741.1586 0 112566.8908)
(-317446.3066 0 106468.8184)
(-315894.2354 0 100914.4348)
)
;
    }
    procBoundary7to8
    {
        type            processor;
        value           nonuniform List<vector> 
51
(
(-102007.3026 0 603053.5883)
(-222140.3696 0 601175.3887)
(-357860.372 0 597237.4244)
(-492404.9976 0 591485.2055)
(-615569.5799 0 583763.5938)
(-731596.3658 0 574463.3059)
(-839349.7225 0 563991.4631)
(-938228.4424 0 552284.3469)
(-1026889.525 -7.950066649e-09 539304.1337)
(-1105265.704 0 525111.0808)
(-1174174.918 0 510186.0101)
(-1233144.422 0 494545.4868)
(-1282448.745 0 478218.1993)
(-1322836.836 0 461674.1409)
(-1353843.602 0 444431.5528)
(-1376712.339 0 427167.1257)
(-1391521.441 0 409659.1204)
(-1399297.715 0 392300.628)
(-1400377.384 0 375007.1682)
(-1395416.317 2.34807445e-09 357953.3812)
(-1385099.565 -2.295722663e-09 341133.2457)
(-1369939.969 0 324729.2879)
(-1350742.977 0 308639.1336)
(-1327834.686 0 293135.3802)
(-1302070.834 0 277964.668)
(-1273564.72 0 263488.0833)
(-1243174.164 0 249357.1994)
(-1211060.897 0 236009.5253)
(-1177928.531 0 223101.2422)
(-1143756.451 0 210882.8591)
(-1109084.082 0 199208.0325)
(-1074220.278 0 188091.5632)
(-1039210.546 0 177615.2836)
(-1004576.869 0 167575.9083)
(-970187.7139 0 158214.6427)
(-936503.2131 0 149259.3115)
(-875995.4453 0 136810.9068)
(-875995.4453 0 136810.9068)
(-844682.6576 0 129206.6208)
(-814312.9088 0 121940.3356)
(-784723.0373 -5.069753922e-10 115201.3035)
(-756155.6882 0 108796.5132)
(-728480.6643 0 102818.6325)
(-701801.7861 0 97182.85383)
(-676120.9455 0 91884.59195)
(-651408.8407 0 86928.3501)
(-627753.3647 0 82246.5554)
(-604983.3054 0 77888.4273)
(-583067.8763 0 73750.42854)
(-562616.0747 0 69914.75999)
(-546747.6363 0 66255.56685)
)
;
    }
}


// ************************************************************************* //
