/*--------------------------------*- C++ -*----------------------------------*\
  =========                 |
  \\      /  F ield         | OpenFOAM: The Open Source CFD Toolbox
   \\    /   O peration     | Website:  https://openfoam.org
    \\  /    A nd           | Version:  7
     \\/     M anipulation  |
\*---------------------------------------------------------------------------*/
FoamFile
{
    version     2.0;
    format      ascii;
    class       volVectorField;
    location    "0.0009";
    object      U;
}
// * * * * * * * * * * * * * * * * * * * * * * * * * * * * * * * * * * * * * //

dimensions      [0 1 -1 0 0 0 0];

internalField   nonuniform List<vector> 
1167
(
(1.849470506e-08 4.445202028e-20 -0.002154785891)
(4.815390626e-08 -1.777298216e-20 -0.002154788684)
(7.581274647e-08 -5.47200813e-20 -0.002154794663)
(1.038086263e-07 -1.490117206e-19 -0.002154803522)
(1.308788088e-07 4.155059852e-20 -0.002154815071)
(1.567086299e-07 1.63171898e-19 -0.002154829193)
(1.812354766e-07 2.741520525e-19 -0.002154845771)
(2.043683656e-07 2.385311612e-19 -0.002154864685)
(2.25986636e-07 3.66394019e-19 -0.002154885812)
(2.460563204e-07 2.685224767e-19 -0.002154909051)
(2.6455198e-07 1.867163706e-19 -0.002154934307)
(2.814154766e-07 1.133200574e-19 -0.002154961466)
(2.966562221e-07 1.171121109e-19 -0.002154990441)
(3.102744764e-07 9.113414759e-20 -0.002155021141)
(3.222488266e-07 1.245091692e-19 -0.00215505345)
(3.326059507e-07 1.0041783e-19 -0.002155087283)
(3.413439291e-07 1.063472828e-19 -0.002155122522)
(3.485001834e-07 1.041667322e-19 -0.002155159076)
(3.540995074e-07 1.051121702e-19 -0.002155196827)
(3.581763352e-07 1.453398162e-19 -0.002155235672)
(3.607688193e-07 1.921328858e-19 -0.002155275486)
(3.619156485e-07 2.186768866e-19 -0.002155316156)
(3.616693724e-07 2.289431796e-19 -0.002155357548)
(3.600735925e-07 2.261115613e-19 -0.002155399544)
(3.57190029e-07 2.345531145e-19 -0.002155441997)
(3.530521777e-07 2.437009729e-19 -0.002155484779)
(3.477193919e-07 2.552934493e-19 -0.002155527734)
(3.41239257e-07 2.680582246e-19 -0.002155570731)
(3.336785183e-07 2.827335432e-19 -0.00215561361)
(3.250793579e-07 2.816283403e-19 -0.002155656223)
(3.15491166e-07 2.674808766e-19 -0.002155698411)
(3.049753076e-07 2.605653285e-19 -0.002155740009)
(2.935718507e-07 2.566087127e-19 -0.002155780861)
(2.813462737e-07 2.531927708e-19 -0.002155820791)
(2.68339808e-07 2.478079949e-19 -0.002155859645)
(2.546163453e-07 2.529091807e-19 -0.002155897249)
(1.889167048e-08 4.169642458e-19 -0.002155249114)
(4.918639669e-08 1.975397951e-19 -0.002155251983)
(7.743550147e-08 -8.588393694e-20 -0.002155258127)
(1.060235355e-07 8.259912795e-20 -0.002155267254)
(1.336941547e-07 8.889261497e-20 -0.00215527918)
(1.601382192e-07 9.142051836e-20 -0.002155293761)
(1.852052591e-07 6.708014729e-20 -0.002155310862)
(2.087953807e-07 2.784797241e-19 -0.002155330337)
(2.308692717e-07 4.125680601e-19 -0.002155352092)
(2.513757545e-07 3.729244055e-19 -0.00215537602)
(2.702339586e-07 2.196277274e-19 -0.002155401997)
(2.874421653e-07 1.862756195e-19 -0.002155429928)
(3.029976276e-07 1.599364626e-19 -0.002155459719)
(3.168616441e-07 1.541479685e-19 -0.002155491248)
(3.290626791e-07 1.254978176e-19 -0.002155524429)
(3.395975681e-07 1.115290058e-19 -0.002155559145)
(3.484892864e-07 1.046823887e-19 -0.002155595295)
(3.557617902e-07 9.687000255e-20 -0.00215563277)
(3.614435477e-07 7.539176227e-20 -0.00215567145)
(3.655662801e-07 8.441182516e-20 -0.002155711225)
(3.681697097e-07 7.499384297e-20 -0.002155751968)
(3.692969786e-07 9.593862291e-20 -0.00215579356)
(3.689964729e-07 1.247542935e-19 -0.002155835868)
(3.67321482e-07 1.607731069e-19 -0.002155878762)
(3.643187255e-07 1.920996416e-19 -0.002155922106)
(3.600387768e-07 1.987698289e-19 -0.002155965751)
(3.545313078e-07 2.043836317e-19 -0.002156009559)
(3.478709286e-07 2.108924463e-19 -0.002156053371)
(3.400999536e-07 2.18645109e-19 -0.002156097045)
(3.312833742e-07 2.11922196e-19 -0.002156140409)
(3.2146092e-07 2.110958085e-19 -0.002156183319)
(3.10695808e-07 2.273623997e-19 -0.002156225601)
(2.990274641e-07 2.429416531e-19 -0.002156267098)
(2.865099861e-07 2.583972107e-19 -0.002156307643)
(2.732117865e-07 2.675653708e-19 -0.002156347066)
(2.591745944e-07 2.815422449e-19 -0.002156385208)
(2.44456658e-07 2.870823788e-19 -0.002156421889)
(2.290929735e-07 2.929725019e-19 -0.002156456954)
(2.131406524e-07 2.97168899e-19 -0.002156490228)
(1.96635919e-07 3.176072616e-19 -0.002156521555)
(1.796311553e-07 3.213325888e-19 -0.002156550769)
(1.621605422e-07 3.149620384e-19 -0.002156577713)
(1.442620265e-07 3.105181126e-19 -0.002156602231)
(1.259768833e-07 3.069772628e-19 -0.00215662417)
(1.073403418e-07 3.031652826e-19 -0.002156643383)
(8.839402483e-08 3.054951297e-19 -0.002156659726)
(6.915823613e-08 3.176016803e-19 -0.002156673064)
(4.966766233e-08 3.139502146e-19 -0.002156683258)
(3.002103708e-08 3.194019807e-19 -0.002156690186)
(1.048212668e-08 3.20717557e-19 -0.002156693719)
(1.933568148e-08 2.893600831e-19 -0.002155700019)
(5.034187468e-08 8.507243209e-19 -0.002155703005)
(7.927633214e-08 4.569073362e-19 -0.002155709381)
(1.0858089e-07 4.613602224e-19 -0.002155718842)
(1.369127914e-07 2.748745151e-19 -0.002155731197)
(1.639389761e-07 1.91052705e-19 -0.002155746271)
(1.89545368e-07 1.47866775e-19 -0.00215576393)
(2.136890873e-07 3.467413683e-19 -0.002155784066)
(2.362851885e-07 3.847573652e-19 -0.002155806552)
(2.572227701e-07 3.309358228e-19 -0.002155831249)
(2.764943279e-07 2.823563899e-19 -0.002155858058)
(2.940897096e-07 3.187842722e-19 -0.002155886881)
(3.099554027e-07 2.256708506e-19 -0.002155917588)
(3.241165308e-07 2.050214645e-19 -0.00215595009)
(3.365649414e-07 1.21951523e-19 -0.002155984272)
(3.473008057e-07 8.462430681e-20 -0.00215602001)
(3.563523373e-07 1.047818971e-19 -0.002156057208)
(3.637341771e-07 1.022512099e-19 -0.00215609573)
(3.694847031e-07 1.479328146e-19 -0.002156135478)
(3.736374361e-07 1.137966694e-19 -0.002156176308)
(3.762352639e-07 1.037929991e-19 -0.002156218115)
(3.773270095e-07 8.575610491e-20 -0.002156260752)
(3.769620103e-07 1.14626287e-19 -0.002156304106)
(3.751975836e-07 1.347037446e-19 -0.002156348024)
(3.720713165e-07 1.474315253e-19 -0.002156392376)
(3.676449785e-07 1.607647998e-19 -0.002156437005)
(3.619701956e-07 1.445261191e-19 -0.002156481773)
(3.551055464e-07 1.410286852e-19 -0.002156526522)
(3.471103571e-07 1.262279542e-19 -0.002156571096)
(3.380349592e-07 1.433287414e-19 -0.002156615338)
(3.279477363e-07 1.73269888e-19 -0.002156659078)
(3.168881314e-07 2.019965642e-19 -0.002156702161)
(3.049243825e-07 2.340030404e-19 -0.002156744407)
(2.921036758e-07 2.754094992e-19 -0.002156785663)
(2.78493976e-07 3.010628299e-19 -0.002156825753)
(2.641335763e-07 3.121468339e-19 -0.002156864515)
(2.490718238e-07 2.983794434e-19 -0.002156901777)
(2.333633643e-07 2.747110586e-19 -0.002156937372)
(2.170513612e-07 2.812246497e-19 -0.002156971136)
(2.001929727e-07 2.890354933e-19 -0.002157002901)
(1.828244746e-07 2.856802217e-19 -0.002157032513)
(1.649960467e-07 2.89454374e-19 -0.002157059804)
(1.467399854e-07 2.908559635e-19 -0.002157084629)
(1.281023781e-07 2.953146343e-19 -0.002157106827)
(1.091191309e-07 3.019609956e-19 -0.002157126261)
(8.982970079e-08 2.943774183e-19 -0.002157142782)
(7.025698824e-08 2.984841033e-19 -0.002157156259)
(5.043509865e-08 3.03458699e-19 -0.002157166557)
(3.046440431e-08 3.039157622e-19 -0.002157173553)
(1.061775446e-08 3.163349798e-19 -0.002157177124)
(1.983421812e-08 9.530650179e-20 -0.002156138865)
(5.16255672e-08 2.25904095e-19 -0.002156141968)
(8.126667659e-08 2.649734479e-19 -0.002156148586)
(1.112727004e-07 2.989049738e-19 -0.002156158388)
(1.402725793e-07 2.590355251e-19 -0.002156171179)
(1.679502095e-07 2.197000499e-19 -0.002156186812)
(1.942210028e-07 2.01540994e-19 -0.002156205144)
(2.189590305e-07 2.216081763e-19 -0.002156226032)
(2.420440526e-07 2.810775614e-19 -0.002156249316)
(2.634645596e-07 2.281925008e-19 -0.002156274897)
(2.831950285e-07 2.238946595e-19 -0.002156302666)
(3.011665681e-07 1.438046232e-19 -0.002156332485)
(3.173965288e-07 1.001168038e-19 -0.002156364251)
(3.318666484e-07 1.371667858e-19 -0.002156397851)
(3.445494041e-07 1.532640469e-19 -0.002156433144)
(3.554866286e-07 1.808124824e-19 -0.002156470036)
(3.646832379e-07 1.826976335e-19 -0.002156508389)
(3.721775823e-07 1.998038987e-19 -0.002156548099)
(3.779933309e-07 2.141009499e-19 -0.002156589028)
(3.821745582e-07 1.966187621e-19 -0.002156631063)
(3.847640894e-07 1.87966651e-19 -0.00215667406)
(3.858108899e-07 1.901285695e-19 -0.002156717898)
(3.853738954e-07 1.693728599e-19 -0.002156762429)
(3.834927639e-07 1.576662465e-19 -0.002156807522)
(3.80223954e-07 1.465718385e-19 -0.002156853013)
(3.756191361e-07 1.517541095e-19 -0.002156898769)
(3.697527331e-07 1.709045482e-19 -0.00215694462)
(3.626731556e-07 1.621363577e-19 -0.002156990428)
(3.54447525e-07 1.607529552e-19 -0.002157036019)
(3.4511988e-07 1.449502162e-19 -0.002157081244)
(3.347523114e-07 1.53140479e-19 -0.002157125928)
(3.23395106e-07 1.589052784e-19 -0.002157169909)
(3.111070246e-07 1.607237753e-19 -0.002157213018)
(2.979645681e-07 1.510461887e-19 -0.002157255084)
(2.840090762e-07 1.554972264e-19 -0.002157295945)
(2.69302136e-07 1.609227257e-19 -0.002157335419)
(2.538844302e-07 1.496803231e-19 -0.002157373349)
(2.378179693e-07 1.675964525e-19 -0.002157409557)
(2.211435494e-07 1.67809596e-19 -0.002157443886)
(2.039184082e-07 1.815438223e-19 -0.002157476165)
(1.861813202e-07 1.828752298e-19 -0.002157506238)
(1.679745803e-07 2.112916624e-19 -0.002157533944)
(1.493470607e-07 2.304827591e-19 -0.002157559128)
(1.303363715e-07 2.475073252e-19 -0.002157581642)
(1.109904201e-07 2.629965987e-19 -0.002157601338)
(9.133971236e-08 2.641147942e-19 -0.002157618079)
(7.141592086e-08 2.574883013e-19 -0.002157631726)
(5.125023502e-08 2.518061583e-19 -0.002157642153)
(3.094978879e-08 2.548849622e-19 -0.002157649232)
(1.077947068e-08 2.582939795e-19 -0.002157652852)
(2.0326453e-08 2.929280474e-20 -0.002156565644)
(5.290241166e-08 -1.033822804e-19 -0.002156568867)
(8.326950074e-08 2.152144392e-19 -0.002156575754)
(1.14020953e-07 4.193634648e-19 -0.002156585975)
(1.437747802e-07 2.955859854e-19 -0.002156599322)
(1.721772806e-07 2.179888818e-19 -0.002156615619)
(1.990680108e-07 1.620800547e-19 -0.002156634697)
(2.243446955e-07 9.261960645e-20 -0.002156656391)
(2.479806307e-07 2.159322362e-20 -0.002156680597)
(2.699251992e-07 7.576986534e-20 -0.002156707192)
(2.900866298e-07 7.674737156e-20 -0.002156736022)
(3.084656209e-07 9.071430473e-20 -0.002156766973)
(3.250442979e-07 1.742378719e-19 -0.002156799927)
(3.397763663e-07 1.885408578e-19 -0.002156834726)
(3.5270373e-07 1.99766564e-19 -0.00215687128)
(3.638270764e-07 2.575289375e-19 -0.00215690945)
(3.731763643e-07 2.458514448e-19 -0.002156949115)
(3.807756981e-07 2.566808831e-19 -0.002156990149)
(3.866571159e-07 2.227941652e-19 -0.002157032412)
(3.908621464e-07 2.186762349e-19 -0.002157075783)
(3.934363101e-07 2.013306996e-19 -0.002157120112)
(3.944353363e-07 1.912807077e-19 -0.002157165275)
(3.939131575e-07 1.565258328e-19 -0.002157211117)
(3.919110978e-07 1.67111026e-19 -0.002157257496)
(3.884842013e-07 1.72218231e-19 -0.002157304256)
(3.836987688e-07 1.504229013e-19 -0.002157351249)
(3.776172892e-07 1.553464793e-19 -0.002157398319)
(3.703109476e-07 1.669807603e-19 -0.002157445301)
(3.618237119e-07 1.791463331e-19 -0.00215749204)
(3.522250232e-07 1.77469839e-19 -0.002157538357)
(3.415611574e-07 1.551727317e-19 -0.0021575841)
(3.299042128e-07 1.519045379e-19 -0.002157629083)
(3.173068043e-07 1.377842132e-19 -0.002157673152)
(3.038410608e-07 1.087980482e-19 -0.002157716128)
(2.895494768e-07 1.185917118e-19 -0.002157757843)
(2.744850242e-07 1.131844427e-19 -0.002157798125)
(2.587111133e-07 1.125136847e-19 -0.002157836803)
(2.422729359e-07 1.184590184e-19 -0.002157873711)
(2.252318666e-07 1.04919771e-19 -0.002157908676)
(2.076290063e-07 1.141867348e-19 -0.002157941544)
(1.89519449e-07 1.347265593e-19 -0.002157972141)
(1.709401229e-07 1.715801673e-19 -0.00215800032)
(1.519419926e-07 2.007107817e-19 -0.002158025917)
(1.325654388e-07 2.137767602e-19 -0.002158048792)
(1.128565519e-07 2.157217455e-19 -0.002158068793)
(9.284855231e-08 2.273614231e-19 -0.002158085784)
(7.257371517e-08 2.215215546e-19 -0.002158099628)
(5.206754868e-08 2.293683465e-19 -0.002158110199)
(3.143924244e-08 2.262236066e-19 -0.002158117373)
(1.094581894e-08 2.207161241e-19 -0.002158121035)
(2.082459196e-08 -1.294968307e-20 -0.002156980734)
(5.419702138e-08 -4.846511768e-20 -0.002156984112)
(8.532709463e-08 1.805020157e-20 -0.002156991324)
(1.168533408e-07 1.308678513e-19 -0.002157002017)
(1.4730617e-07 2.788003946e-19 -0.002157015957)
(1.763283229e-07 2.006152691e-19 -0.002157032941)
(2.038004448e-07 2.085962156e-19 -0.002157052815)
(2.296796154e-07 6.779894534e-20 -0.002157075454)
(2.538787678e-07 -3.707181504e-20 -0.002157100708)
(2.762813818e-07 6.320703921e-20 -0.002157128407)
(2.968764605e-07 1.495038609e-19 -0.002157158424)
(3.156413714e-07 2.330176228e-19 -0.002157190635)
(3.325086016e-07 3.129135498e-19 -0.002157224876)
(3.47521e-07 3.134137695e-19 -0.002157261038)
(3.606815248e-07 3.035092904e-19 -0.002157298989)
(3.719828838e-07 2.868055504e-19 -0.002157338584)
(3.814610195e-07 2.453602778e-19 -0.002157379705)
(3.891344633e-07 2.452584479e-19 -0.002157422192)
(3.950516074e-07 1.967870837e-19 -0.002157465933)
(3.992511813e-07 1.832267611e-19 -0.002157510763)
(4.017883699e-07 1.65583511e-19 -0.002157556566)
(4.027172627e-07 1.665994898e-19 -0.002157603174)
(4.020825616e-07 1.701940051e-19 -0.002157650458)
(3.99941709e-07 1.787690192e-19 -0.002157698241)
(3.963538135e-07 1.61469677e-19 -0.002157746392)
(3.913925998e-07 1.469396897e-19 -0.002157794737)
(3.851119001e-07 1.558459834e-19 -0.002157843131)
(3.775816418e-07 1.818022775e-19 -0.002157891398)
(3.688497463e-07 1.959828435e-19 -0.002157939379)
(3.589785564e-07 2.337670292e-19 -0.002157986899)
(3.480320287e-07 2.252762897e-19 -0.00215803379)
(3.360688655e-07 2.291340738e-19 -0.002158079883)
(3.231681105e-07 2.260672169e-19 -0.002158125)
(3.093760969e-07 2.292294197e-19 -0.00215816898)
(2.947584479e-07 2.365630909e-19 -0.002158211633)
(2.793606179e-07 2.359814764e-19 -0.002158252803)
(2.632490027e-07 2.464721291e-19 -0.002158292306)
(2.464686409e-07 2.36566853e-19 -0.002158329983)
(2.290811623e-07 2.42804058e-19 -0.002158365659)
(2.111299398e-07 2.407490858e-19 -0.002158399173)
(1.926628645e-07 2.496831805e-19 -0.002158430362)
(1.737327963e-07 2.433147063e-19 -0.002158459065)
(1.54380713e-07 2.477945956e-19 -0.002158485133)
(1.346592216e-07 2.434160301e-19 -0.00215850841)
(1.146049181e-07 2.394575037e-19 -0.002158528758)
(9.425994506e-08 2.504846243e-19 -0.002158546031)
(7.365243276e-08 2.533191488e-19 -0.002158560101)
(5.282360357e-08 2.672076588e-19 -0.002158570835)
(3.187951726e-08 2.670012901e-19 -0.002158578116)
(1.108340828e-08 2.650044272e-19 -0.002158581822)
(2.130393027e-08 -1.916568522e-19 -0.002157384608)
(5.542981988e-08 -5.73767077e-19 -0.002157388135)
(8.723448183e-08 -3.181664731e-19 -0.002157395675)
(1.194253945e-07 -1.976634431e-19 -0.002157406835)
(1.505045041e-07 -9.666997908e-20 -0.002157421385)
(1.80140419e-07 -1.863217124e-20 -0.00215743915)
(2.082450951e-07 -7.542979898e-21 -0.002157459964)
(2.346836432e-07 -1.275362204e-21 -0.002157483653)
(2.593291013e-07 -2.294333264e-21 -0.002157510024)
(2.821636846e-07 1.065314443e-19 -0.002157538945)
(3.031541103e-07 2.159017037e-19 -0.002157570277)
(3.222180251e-07 2.602383351e-19 -0.002157603844)
(3.393751983e-07 2.017001236e-19 -0.002157639519)
(3.546290118e-07 2.445094226e-19 -0.002157677173)
(3.67953067e-07 2.848512283e-19 -0.002157716631)
(3.793897343e-07 2.733483022e-19 -0.00215775778)
(3.88944129e-07 2.751398085e-19 -0.002157800457)
(3.966672219e-07 2.757902676e-19 -0.002157844536)
(4.025902095e-07 2.498602356e-19 -0.00215788986)
(4.067668795e-07 2.332891061e-19 -0.00215793629)
(4.092512618e-07 2.588537694e-19 -0.002157983673)
(4.10091635e-07 2.584545389e-19 -0.002158031859)
(4.093360414e-07 2.689794417e-19 -0.002158080689)
(4.070452805e-07 2.307194282e-19 -0.002158130008)
(4.032972834e-07 2.243647472e-19 -0.002158179654)
(3.981473351e-07 2.09233394e-19 -0.002158229473)
(3.916674161e-07 2.44967764e-19 -0.002158279288)
(3.839079684e-07 2.337535181e-19 -0.002158328946)
(3.749411023e-07 2.280677767e-19 -0.002158378257)
(3.648190999e-07 2.183416982e-19 -0.00215842707)
(3.536174457e-07 2.473440376e-19 -0.002158475194)
(3.413933664e-07 2.414790109e-19 -0.002158522472)
(3.282222259e-07 2.578965232e-19 -0.00215856872)
(3.141509527e-07 2.738699149e-19 -0.002158613768)
(2.992369289e-07 2.571010518e-19 -0.00215865744)
(2.835480513e-07 2.448613596e-19 -0.002158699561)
(2.671321588e-07 2.417700708e-19 -0.002158739962)
(2.500542727e-07 2.490041305e-19 -0.002158778466)
(2.323594359e-07 2.62268713e-19 -0.002158814914)
(2.141070086e-07 2.747481907e-19 -0.002158849128)
(1.953373811e-07 2.704623752e-19 -0.002158880958)
(1.761056306e-07 2.6592259e-19 -0.002158910235)
(1.564557488e-07 2.586857436e-19 -0.002158936813)
(1.364379679e-07 2.612914809e-19 -0.002158960535)
(1.160911069e-07 2.615016389e-19 -0.002158981262)
(9.545730243e-08 2.845418422e-19 -0.002158998849)
(7.456761805e-08 2.965312633e-19 -0.002159013168)
(5.346275856e-08 3.123705758e-19 -0.002159024087)
(3.224841858e-08 3.115453255e-19 -0.002159031489)
(1.119484677e-08 3.262022503e-19 -0.002159035254)
(2.16923457e-08 -4.510364029e-19 -0.002157777582)
(5.643363646e-08 -3.225466712e-19 -0.002157781263)
(8.880215068e-08 -4.531076875e-19 -0.002157789166)
(1.215747979e-07 -3.030120017e-19 -0.002157800889)
(1.532493884e-07 -3.738105547e-19 -0.002157816188)
(1.834577914e-07 -2.223057455e-19 -0.002157834857)
(2.120334966e-07 -1.960024649e-19 -0.002157856687)
(2.388593646e-07 -1.612510297e-20 -0.002157881474)
(2.638987525e-07 8.436458322e-20 -0.002157909079)
(2.870978203e-07 1.548903684e-19 -0.002157939344)
(3.08353753e-07 1.855387437e-19 -0.002157972077)
(3.276616452e-07 1.772098471e-19 -0.002158007129)
(3.450271824e-07 2.522482407e-19 -0.002158044365)
(3.60405006e-07 2.243750973e-19 -0.002158083598)
(3.738408723e-07 2.567631665e-19 -0.002158124701)
(3.85341865e-07 2.336791256e-19 -0.002158167514)
(3.949339412e-07 2.549292384e-19 -0.002158211881)
(4.02658537e-07 2.278679744e-19 -0.002158257663)
(4.085481273e-07 2.607229948e-19 -0.002158304687)
(4.126657548e-07 2.655943169e-19 -0.002158352822)
(4.15061652e-07 2.965034967e-19 -0.002158401889)
(4.157856436e-07 3.097354206e-19 -0.002158451748)
(4.148963442e-07 3.116601404e-19 -0.002158502217)
(4.124603094e-07 2.992722457e-19 -0.002158553155)
(4.08552083e-07 2.99568993e-19 -0.002158604381)
(4.032300356e-07 3.168093134e-19 -0.002158655743)
(3.965656646e-07 2.789409113e-19 -0.00215870706)
(3.886120409e-07 2.675494765e-19 -0.002158758166)
(3.794326059e-07 2.566322668e-19 -0.002158808888)
(3.691014795e-07 2.336512003e-19 -0.002158859048)
(3.57677702e-07 2.485952127e-19 -0.002158908478)
(3.452421437e-07 2.231993069e-19 -0.002158956994)
(3.318452532e-07 2.280804131e-19 -0.002159004433)
(3.175556304e-07 2.200241591e-19 -0.002159050601)
(3.024219092e-07 2.204079922e-19 -0.002159095341)
(2.865134807e-07 2.251909704e-19 -0.002159138462)
(2.698783124e-07 2.422602459e-19 -0.002159179802)
(2.525808601e-07 2.663316173e-19 -0.002159219183)
(2.346680032e-07 2.983662995e-19 -0.002159256439)
(2.161934521e-07 3.071361409e-19 -0.002159291401)
(1.972088461e-07 3.048760881e-19 -0.002159323906)
(1.777586715e-07 2.985514818e-19 -0.002159353797)
(1.578994074e-07 2.908314479e-19 -0.002159380916)
(1.376705229e-07 2.960115837e-19 -0.002159405116)
(1.171195265e-07 3.016911493e-19 -0.002159426246)
(9.628334212e-08 3.066094209e-19 -0.002159444173)
(7.519940081e-08 3.025300789e-19 -0.002159458758)
(5.390589268e-08 3.10297854e-19 -0.002159469879)
(3.251087261e-08 3.155001818e-19 -0.002159477409)
(1.1281344e-08 3.164354161e-19 -0.00215948124)
(2.197477451e-08 2.588469102e-19 -0.002158160519)
(5.716589341e-08 4.661953906e-19 -0.002158164389)
(8.997319801e-08 4.124286743e-20 -0.002158172724)
(1.231976661e-07 -2.445805604e-19 -0.002158185077)
(1.552630769e-07 -2.492426783e-19 -0.002158201167)
(1.857848376e-07 -9.212108864e-20 -0.002158220752)
(2.146306679e-07 7.115309407e-21 -0.002158243631)
(2.417479127e-07 7.420720543e-20 -0.002158269637)
(2.670528879e-07 2.386547246e-19 -0.002158298587)
(2.904166122e-07 2.143009868e-19 -0.002158330266)
(3.118146975e-07 2.085189071e-19 -0.002158364504)
(3.31251674e-07 1.772856354e-19 -0.00215840116)
(3.486682207e-07 2.906684649e-19 -0.002158440033)
(3.640936418e-07 2.377765202e-19 -0.002158480972)
(3.775424577e-07 2.231335297e-19 -0.002158523821)
(3.890081119e-07 2.242208586e-19 -0.002158568392)
(3.98546243e-07 2.256864279e-19 -0.002158614552)
(4.061818589e-07 2.139069133e-19 -0.002158662109)
(4.119775115e-07 2.412924198e-19 -0.002158710931)
(4.159798596e-07 2.235240015e-19 -0.002158760835)
(4.18244723e-07 1.98150891e-19 -0.002158811672)
(4.188237523e-07 2.338838458e-19 -0.002158863259)
(4.17782481e-07 2.490073322e-19 -0.002158915444)
(4.151977128e-07 2.85863334e-19 -0.002158968047)
(4.111312735e-07 2.87143753e-19 -0.002159020916)
(4.056560167e-07 3.158392793e-19 -0.002159073859)
(3.98828145e-07 3.225646514e-19 -0.002159126725)
(3.907213202e-07 3.12475831e-19 -0.002159179315)
(3.813927246e-07 3.143872228e-19 -0.002159231477)
(3.709198627e-07 3.222988945e-19 -0.002159283016)
(3.593633132e-07 3.116524741e-19 -0.002159333772)
(3.468000707e-07 2.93781873e-19 -0.002159383557)
(3.332803409e-07 3.023045641e-19 -0.0021594322)
(3.188655513e-07 3.038883021e-19 -0.00215947952)
(3.03622359e-07 3.197872287e-19 -0.00215952534)
(2.876007383e-07 3.25469698e-19 -0.002159569488)
(2.708674199e-07 3.403645161e-19 -0.002159611782)
(2.53469097e-07 3.439496327e-19 -0.002159652061)
(2.354673006e-07 3.528007028e-19 -0.002159690141)
(2.169033736e-07 3.490660837e-19 -0.002159725869)
(1.978343279e-07 3.50666816e-19 -0.002159759066)
(1.783057169e-07 3.463764947e-19 -0.002159789586)
(1.583700298e-07 3.451084506e-19 -0.002159817262)
(1.380678511e-07 3.41352754e-19 -0.002159841952)
(1.174455815e-07 3.399671459e-19 -0.002159863501)
(9.654228318e-08 3.273048824e-19 -0.002159881776)
(7.539512589e-08 3.230855762e-19 -0.002159896636)
(5.404369036e-08 3.053646963e-19 -0.002159907959)
(3.259591028e-08 2.996518841e-19 -0.002159915619)
(1.131205915e-08 2.889928337e-19 -0.002159919503)
(2.210748429e-08 1.374664642e-18 -0.002158534515)
(5.749624843e-08 5.819420687e-19 -0.002158538566)
(9.046171574e-08 4.708359642e-19 -0.002158547329)
(1.238151592e-07 2.702775642e-19 -0.002158560296)
(1.5597456e-07 2.232988085e-19 -0.00215857717)
(1.865863357e-07 2.175756432e-19 -0.00215859773)
(2.155509993e-07 2.332365355e-19 -0.002158621776)
(2.427414575e-07 2.202116656e-19 -0.002158649088)
(2.680184864e-07 3.069522108e-19 -0.002158679422)
(2.913446983e-07 2.303192001e-19 -0.002158712596)
(3.127167533e-07 2.487132439e-19 -0.002158748448)
(3.320620629e-07 2.743179438e-19 -0.002158786767)
(3.493741201e-07 1.862008237e-19 -0.002158827368)
(3.64678958e-07 1.537204783e-19 -0.002158870097)
(3.77955379e-07 1.629121552e-19 -0.00215891474)
(3.892613817e-07 2.104073932e-19 -0.002158961153)
(3.98615137e-07 2.584943715e-19 -0.002159009149)
(4.060738683e-07 2.687744821e-19 -0.002159058558)
(4.1169156e-07 2.448531394e-19 -0.002159109216)
(4.155113477e-07 2.184017484e-19 -0.002159160941)
(4.175909453e-07 2.15417248e-19 -0.002159213571)
(4.179910079e-07 1.917016651e-19 -0.00215926692)
(4.167859881e-07 2.179141976e-19 -0.002159320832)
(4.140500068e-07 2.573454662e-19 -0.002159375122)
(4.098472631e-07 2.813552472e-19 -0.002159429626)
(4.042492895e-07 2.963930069e-19 -0.002159484162)
(3.973152976e-07 3.299223543e-19 -0.002159538557)
(3.891109823e-07 3.31061693e-19 -0.002159592634)
(3.797153113e-07 3.291623395e-19 -0.002159646214)
(3.691871951e-07 3.50282683e-19 -0.002159699126)
(3.576076993e-07 3.709153072e-19 -0.002159751183)
(3.450294862e-07 3.863985383e-19 -0.002159802221)
(3.315218011e-07 3.897736448e-19 -0.002159852044)
(3.171333749e-07 4.132442447e-19 -0.002159900493)
(3.019335663e-07 4.242689467e-19 -0.002159947374)
(2.859703548e-07 4.233409824e-19 -0.002159992525)
(2.693077279e-07 4.093079686e-19 -0.00216003576)
(2.519928453e-07 3.716719775e-19 -0.002160076915)
(2.340820509e-07 3.592614291e-19 -0.002160115813)
(2.156202481e-07 3.596707781e-19 -0.002160152289)
(1.966555339e-07 3.565938152e-19 -0.002160186177)
(1.772439236e-07 3.690247384e-19 -0.002160217315)
(1.57424229e-07 3.778163838e-19 -0.002160245549)
(1.372445298e-07 3.699182654e-19 -0.002160270721)
(1.167437504e-07 3.598347517e-19 -0.002160292691)
(9.596631126e-08 3.532022849e-19 -0.002160311309)
(7.494466983e-08 3.519875755e-19 -0.002160326446)
(5.371933779e-08 3.419246772e-19 -0.002160337966)
(3.239738566e-08 3.377417115e-19 -0.002160345751)
(1.12388488e-08 3.304845495e-19 -0.002160349677)
(2.197844173e-08 -8.260014076e-20 -0.002158900597)
(5.715247706e-08 -3.088531257e-19 -0.002158904814)
(8.9903447e-08 1.473760499e-19 -0.002158914014)
(1.230278866e-07 4.193543488e-19 -0.002158927649)
(1.549754847e-07 5.023087854e-19 -0.002158945416)
(1.853964276e-07 4.256051122e-19 -0.00215896706)
(2.141074083e-07 3.905170498e-19 -0.002158992323)
(2.409634046e-07 3.579568225e-19 -0.002159020946)
(2.659225365e-07 2.967977498e-19 -0.002159052728)
(2.889644169e-07 3.248052854e-19 -0.002159087489)
(3.09996655e-07 2.773592235e-19 -0.002159124993)
(3.289830511e-07 2.360309643e-19 -0.002159165024)
(3.459578894e-07 1.717819229e-19 -0.00215920742)
(3.608866566e-07 1.790105227e-19 -0.002159251957)
(3.738146168e-07 1.852498156e-19 -0.002159298454)
(3.847780618e-07 1.877682888e-19 -0.002159346733)
(3.937918815e-07 2.119692933e-19 -0.002159396587)
(4.009293857e-07 2.607445277e-19 -0.002159447865)
(4.062350966e-07 2.589643565e-19 -0.002159500349)
(4.097705722e-07 3.017700266e-19 -0.002159553892)
(4.115879195e-07 3.085213852e-19 -0.002159608284)
(4.117622354e-07 2.86612752e-19 -0.002159663376)
(4.103694537e-07 2.975164704e-19 -0.002159718966)
(4.074782181e-07 3.118200268e-19 -0.002159774901)
(4.031617212e-07 3.267034352e-19 -0.002159830979)
(3.97481896e-07 3.413419972e-19 -0.002159887047)
(3.905128329e-07 3.554545332e-19 -0.0021599429)
(3.823152017e-07 3.644640644e-19 -0.002159998387)
(3.729664885e-07 3.667846911e-19 -0.002160053309)
(3.625284698e-07 3.815168836e-19 -0.002160107507)
(3.51076974e-07 4.151082819e-19 -0.00216016079)
(3.386629768e-07 4.423541888e-19 -0.00216021299)
(3.253501836e-07 4.390827862e-19 -0.002160263922)
(3.111963488e-07 4.470280366e-19 -0.002160313413)
(2.96251261e-07 4.477251296e-19 -0.002160361286)
(2.805792506e-07 4.409501469e-19 -0.002160407362)
(2.642240004e-07 4.481617571e-19 -0.002160451475)
(2.472444539e-07 4.415945995e-19 -0.00216049344)
(2.2967826e-07 4.41591327e-19 -0.002160533099)
(2.115796396e-07 4.330173177e-19 -0.002160570269)
(1.929906145e-07 4.296738411e-19 -0.0021606048)
(1.739616131e-07 4.284331058e-19 -0.002160636517)
(1.545302038e-07 4.276643905e-19 -0.002160665272)
(1.347407373e-07 4.268187106e-19 -0.002160690902)
(1.146319205e-07 4.182011321e-19 -0.002160713265)
(9.4245542e-08 4.171974947e-19 -0.00216073221)
(7.361252977e-08 4.092170784e-19 -0.002160747607)
(5.276950877e-08 4.095430821e-19 -0.002160759315)
(3.182286018e-08 4.10732303e-19 -0.002160767216)
(1.103529997e-08 4.124273574e-19 -0.002160771182)
(2.152356629e-08 -9.447429274e-19 -0.002159260319)
(5.596627033e-08 -4.331862849e-19 -0.002159264732)
(8.80457228e-08 -3.776270754e-19 -0.002159274436)
(1.204985633e-07 -8.892673053e-20 -0.00215928881)
(1.517562976e-07 3.747151033e-20 -0.002159307506)
(1.814228494e-07 8.7088417e-20 -0.002159330224)
(2.093498131e-07 1.475034837e-19 -0.002159356683)
(2.354781467e-07 1.427589494e-19 -0.002159386673)
(2.597604765e-07 1.266108127e-19 -0.00215941998)
(2.820782297e-07 1.936254336e-19 -0.00215945634)
(3.023707325e-07 1.302974362e-19 -0.002159495504)
(3.20680086e-07 1.712470969e-19 -0.002159537295)
(3.369684935e-07 2.706351996e-19 -0.002159581475)
(3.512351447e-07 2.96079668e-19 -0.002159627825)
(3.635384565e-07 2.850053424e-19 -0.002159676171)
(3.738837855e-07 2.486800911e-19 -0.002159726272)
(3.823459348e-07 2.128647375e-19 -0.002159777962)
(3.889626885e-07 2.354595293e-19 -0.002159831033)
(3.938060856e-07 2.817949415e-19 -0.002159885298)
(3.969293318e-07 3.140026102e-19 -0.002159940566)
(3.983962253e-07 3.389648424e-19 -0.002159996645)
(3.982878327e-07 3.639635203e-19 -0.002160053363)
(3.966781983e-07 3.585538826e-19 -0.002160110529)
(3.936382997e-07 3.627509011e-19 -0.002160167969)
(3.892396915e-07 3.732592058e-19 -0.002160225498)
(3.835485227e-07 3.88806261e-19 -0.00216028294)
(3.766311928e-07 4.098885163e-19 -0.002160340116)
(3.685658665e-07 4.391183554e-19 -0.002160396846)
(3.59411472e-07 4.700415005e-19 -0.00216045296)
(3.492465731e-07 4.843874524e-19 -0.002160508274)
(3.381226001e-07 5.081110789e-19 -0.002160562626)
(3.26105076e-07 5.329986496e-19 -0.002160615822)
(3.132383155e-07 5.411693181e-19 -0.002160667706)
(2.995868474e-07 5.311328553e-19 -0.002160718083)
(2.851930923e-07 5.288330451e-19 -0.002160766798)
(2.701146845e-07 5.250366235e-19 -0.00216081366)
(2.543923276e-07 5.263012856e-19 -0.002160858511)
(2.380752494e-07 5.33685081e-19 -0.002160901168)
(2.211985274e-07 5.278781584e-19 -0.002160941467)
(2.03811718e-07 5.026135324e-19 -0.002160979237)
(1.85958207e-07 4.94378422e-19 -0.002161014313)
(1.67672291e-07 4.777236833e-19 -0.002161046532)
(1.489953452e-07 4.721769932e-19 -0.002161075733)
(1.299599992e-07 4.68751138e-19 -0.002161101762)
(1.106078771e-07 4.595541831e-19 -0.002161124465)
(9.097275882e-08 4.564696112e-19 -0.0021611437)
(7.108481136e-08 4.545314297e-19 -0.002161159319)
(5.097703479e-08 4.613349578e-19 -0.002161171193)
(3.075260258e-08 4.707828557e-19 -0.002161179189)
(1.067171099e-08 4.839846922e-19 -0.002161183187)
(2.067415346e-08 -5.566659164e-20 -0.002159615811)
(5.374009545e-08 -1.115595288e-19 -0.002159620396)
(8.45049278e-08 -1.461786266e-19 -0.002159630587)
(1.155740458e-07 -3.09287894e-19 -0.00215964566)
(1.454298383e-07 -1.839536303e-19 -0.002159665226)
(1.73710225e-07 -1.501141224e-19 -0.002159688994)
(2.003292556e-07 -8.214157606e-20 -0.002159716713)
(2.252135535e-07 2.674640304e-20 -0.002159748127)
(2.482148305e-07 -3.466400683e-20 -0.002159782939)
(2.692522969e-07 -9.744567337e-21 -0.00215982087)
(2.883652401e-07 3.752898597e-20 -0.002159861716)
(3.055152366e-07 1.212345848e-19 -0.002159905227)
(3.206656294e-07 2.01585332e-19 -0.002159951137)
(3.338893268e-07 2.485640406e-19 -0.002159999264)
(3.451841317e-07 2.452391523e-19 -0.00216004936)
(3.546088063e-07 2.674587899e-19 -0.002160101211)
(3.622318698e-07 2.470470703e-19 -0.002160154623)
(3.680907672e-07 2.392241073e-19 -0.002160209366)
(3.722599764e-07 2.87395057e-19 -0.002160265268)
(3.747967852e-07 2.908083648e-19 -0.002160322091)
(3.757872916e-07 3.306078015e-19 -0.002160379683)
(3.753082453e-07 3.686295563e-19 -0.002160437822)
(3.734363952e-07 3.70834789e-19 -0.002160496357)
(3.702455706e-07 3.799790436e-19 -0.00216055507)
(3.658038073e-07 3.92227293e-19 -0.002160613814)
(3.601847524e-07 4.054918141e-19 -0.002160672378)
(3.53451099e-07 4.181612901e-19 -0.002160730617)
(3.456776152e-07 4.597557442e-19 -0.002160788329)
(3.369246445e-07 5.052958044e-19 -0.002160845364)
(3.272631536e-07 5.308298585e-19 -0.002160901533)
(3.167401064e-07 5.3771722e-19 -0.002160956678)
(3.054130126e-07 5.55553385e-19 -0.002161010617)
(2.933259523e-07 5.624153027e-19 -0.002161063184)
(2.805289942e-07 5.564967908e-19 -0.002161114207)
(2.670719541e-07 5.613131572e-19 -0.002161163514)
(2.529870424e-07 5.771277598e-19 -0.00216121094)
(2.383229048e-07 5.830289071e-19 -0.002161256308)
(2.231052718e-07 5.620356189e-19 -0.002161299457)
(2.073763725e-07 5.432821114e-19 -0.002161340206)
(1.911660974e-07 5.252205157e-19 -0.002161378403)
(1.745146811e-07 5.122053907e-19 -0.002161413867)
(1.574480213e-07 5.021242369e-19 -0.002161446448)
(1.400002654e-07 4.932988364e-19 -0.002161475972)
(1.221994055e-07 4.934157587e-19 -0.002161502294)
(1.040801429e-07 4.786713678e-19 -0.002161525248)
(8.567085973e-08 4.805305661e-19 -0.002161544695)
(6.699539896e-08 4.806432273e-19 -0.002161560478)
(4.808638813e-08 4.786122986e-19 -0.002161572469)
(2.90416931e-08 4.807805965e-19 -0.002161580525)
(1.010276066e-08 4.801053774e-19 -0.002161584525)
(1.924977248e-08 -1.563389255e-20 -0.002159969274)
(5.002751258e-08 -2.20182888e-19 -0.002159973987)
(7.863714679e-08 2.321233094e-19 -0.002159984623)
(1.074771404e-07 1.406562352e-19 -0.002160000371)
(1.351448383e-07 1.120286587e-20 -0.002160020839)
(1.613360217e-07 1.90231337e-20 -0.002160045725)
(1.8591886e-07 8.229674837e-20 -0.002160074725)
(2.087458943e-07 1.906537113e-19 -0.002160107503)
(2.297249739e-07 3.51679912e-20 -0.002160143754)
(2.488748964e-07 4.156427797e-20 -0.002160183245)
(2.661581039e-07 5.288646331e-20 -0.002160225705)
(2.815101038e-07 6.077031653e-20 -0.002160270826)
(2.950082668e-07 3.906825714e-20 -0.002160318393)
(3.066670558e-07 1.1861065e-19 -0.002160368157)
(3.164957751e-07 1.489868707e-19 -0.002160419854)
(3.24588511e-07 2.054819339e-19 -0.002160473294)
(3.309828046e-07 2.328803103e-19 -0.002160528214)
(3.357634216e-07 2.532233817e-19 -0.002160584421)
(3.389783619e-07 2.796494305e-19 -0.002160641688)
(3.407207731e-07 3.027569876e-19 -0.002160699817)
(3.41073198e-07 3.254228268e-19 -0.00216075861)
(3.401181049e-07 3.426016474e-19 -0.002160817876)
(3.37931521e-07 3.482114203e-19 -0.002160877428)
(3.345866182e-07 3.801309236e-19 -0.002160937081)
(3.301560049e-07 4.049968552e-19 -0.002160996658)
(3.247063371e-07 4.250440101e-19 -0.002161055983)
(3.183120053e-07 4.370431315e-19 -0.002161114883)
(3.110307209e-07 4.572444753e-19 -0.002161173194)
(3.029348399e-07 4.712172079e-19 -0.002161230741)
(2.940701288e-07 4.807206109e-19 -0.002161287372)
(2.844924129e-07 4.819466619e-19 -0.002161342906)
(2.742352258e-07 4.766246108e-19 -0.002161397197)
(2.63350431e-07 4.941804557e-19 -0.00216145006)
(2.518666434e-07 5.047648232e-19 -0.002161501355)
(2.398263533e-07 5.097322987e-19 -0.002161550895)
(2.272536177e-07 5.070739664e-19 -0.002161598537)
(2.141811074e-07 5.121910522e-19 -0.002161644099)
(2.006257849e-07 5.321184171e-19 -0.002161687428)
(1.866180308e-07 5.329040872e-19 -0.00216172835)
(1.721781154e-07 5.237596051e-19 -0.002161766706)
(1.57331881e-07 5.287035262e-19 -0.002161802329)
(1.420993283e-07 5.254300633e-19 -0.002161835055)
(1.264998674e-07 5.230719815e-19 -0.002161864722)
(1.105561483e-07 5.214189847e-19 -0.00216189117)
(9.428915698e-08 5.388333783e-19 -0.002161914241)
(7.772118815e-08 5.240793793e-19 -0.002161933779)
(6.086682757e-08 5.291573389e-19 -0.002161949635)
(4.375461666e-08 5.301461509e-19 -0.002161961663)
(2.647485569e-08 5.216665344e-19 -0.002161969723)
(9.246131858e-09 5.168587854e-19 -0.002161973676)
(1.712316655e-08 5.166866829e-20 -0.002160323385)
(4.449390511e-08 7.191201192e-20 -0.002160328238)
(6.992254432e-08 -4.889820945e-20 -0.002160339372)
(9.552477404e-08 9.795040996e-20 -0.002160355857)
(1.200285993e-07 -7.615323294e-20 -0.002160377267)
(1.431045628e-07 5.491533163e-20 -0.002160403237)
(1.645936552e-07 1.367354945e-19 -0.002160433409)
(1.844106291e-07 7.000760023e-20 -0.002160467456)
(2.025492208e-07 9.428762949e-20 -0.002160505104)
(2.189626768e-07 9.369782395e-20 -0.002160546055)
(2.335660112e-07 9.669178179e-20 -0.002160589964)
(2.464157734e-07 8.726802706e-20 -0.002160636571)
(2.575554594e-07 5.630367668e-20 -0.00216068562)
(2.669712492e-07 1.346911975e-19 -0.002160736794)
(2.747661993e-07 1.859866471e-19 -0.002160789876)
(2.809849089e-07 2.373647507e-19 -0.002160844608)
(2.856941689e-07 2.409277454e-19 -0.002160900744)
(2.889808044e-07 2.426086631e-19 -0.00216095807)
(2.909082731e-07 2.83205624e-19 -0.002161016337)
(2.915820346e-07 3.144116792e-19 -0.002161075373)
(2.9108471e-07 3.410131417e-19 -0.002161134937)
(2.895058089e-07 3.654059504e-19 -0.002161194875)
(2.869232125e-07 3.980030972e-19 -0.00216125496)
(2.834132389e-07 4.119899644e-19 -0.00216131505)
(2.790498899e-07 4.407921708e-19 -0.002161374934)
(2.738979693e-07 4.449674635e-19 -0.002161434479)
(2.68027645e-07 4.580451648e-19 -0.00216149349)
(2.614954143e-07 4.462834248e-19 -0.002161551836)
(2.543632025e-07 4.646388026e-19 -0.002161609337)
(2.466683603e-07 4.82363135e-19 -0.002161665858)
(2.384537951e-07 4.728622332e-19 -0.002161721229)
(2.297465248e-07 4.624663042e-19 -0.002161775309)
(2.205846286e-07 4.787047847e-19 -0.002161827938)
(2.109881344e-07 4.913006735e-19 -0.002161878968)
(2.009755636e-07 4.993764944e-19 -0.002161928244)
(1.905695969e-07 5.024729062e-19 -0.00216197561)
(1.79770122e-07 4.870328294e-19 -0.002162020912)
(1.685936514e-07 5.036715526e-19 -0.002162063986)
(1.570435427e-07 5.100432532e-19 -0.002162104682)
(1.451344889e-07 5.22949105e-19 -0.002162142827)
(1.328662108e-07 5.376926447e-19 -0.002162178273)
(1.202479195e-07 5.409566986e-19 -0.002162210843)
(1.072819696e-07 5.460612027e-19 -0.002162240386)
(9.397989258e-08 5.465746412e-19 -0.002162266727)
(8.034918913e-08 5.527936682e-19 -0.002162289717)
(6.639897222e-08 5.406735961e-19 -0.002162309183)
(5.213601173e-08 5.351001453e-19 -0.002162324979)
(3.757741137e-08 5.305601703e-19 -0.002162336942)
(2.280035638e-08 5.313357684e-19 -0.002162344932)
(8.007761788e-09 5.319149112e-19 -0.002162348789)
(1.416783197e-08 1.58115013e-19 -0.002160681826)
(3.67994775e-08 5.097518166e-19 -0.002160686801)
(5.778652643e-08 2.129581771e-19 -0.002160698431)
(7.882627232e-08 3.470098098e-20 -0.002160715611)
(9.880913179e-08 1.126864956e-19 -0.002160737856)
(1.174471275e-07 1.260372633e-19 -0.002160764771)
(1.346458282e-07 1.312884782e-19 -0.002160796013)
(1.503741975e-07 1.384297106e-19 -0.002160831265)
(1.645662018e-07 1.962285872e-19 -0.002160870181)
(1.771299306e-07 1.892941702e-19 -0.002160912379)
(1.880983786e-07 3.035575556e-19 -0.002160957552)
(1.975316945e-07 2.340140257e-19 -0.002161005425)
(2.054039808e-07 2.264694874e-19 -0.002161055648)
(2.118037957e-07 2.183852563e-19 -0.002161107946)
(2.168210116e-07 2.132153371e-19 -0.002161162061)
(2.204968513e-07 2.073425073e-19 -0.002161217687)
(2.229397131e-07 2.571861843e-19 -0.002161274616)
(2.242106078e-07 2.969880708e-19 -0.002161332569)
(2.244272243e-07 3.207447527e-19 -0.00216139134)
(2.236779322e-07 3.425483024e-19 -0.002161450706)
(2.220676649e-07 3.637558776e-19 -0.002161510467)
(2.196795388e-07 3.863246375e-19 -0.002161570428)
(2.166000834e-07 4.139806265e-19 -0.002161630405)
(2.129078416e-07 4.116101516e-19 -0.002161690225)
(2.086729454e-07 4.123185751e-19 -0.002161749723)
(2.039660921e-07 4.21015956e-19 -0.00216180874)
(1.988431146e-07 4.237673672e-19 -0.002161867128)
(1.93367192e-07 4.514969219e-19 -0.002161924738)
(1.875745356e-07 4.636589029e-19 -0.002161981437)
(1.815050353e-07 4.718001905e-19 -0.002162037074)
(1.751738617e-07 4.801630697e-19 -0.002162091526)
(1.686103435e-07 4.874342902e-19 -0.002162144641)
(1.61818821e-07 4.972890374e-19 -0.002162196301)
(1.548138369e-07 5.09318905e-19 -0.002162246349)
(1.4758931e-07 5.234028068e-19 -0.002162294667)
(1.401471812e-07 5.413305654e-19 -0.002162341092)
(1.324693301e-07 5.453251436e-19 -0.002162385501)
(1.245507356e-07 5.442772728e-19 -0.002162427729)
(1.163756012e-07 5.199378287e-19 -0.002162467638)
(1.079338391e-07 5.166439816e-19 -0.002162505065)
(9.92051322e-08 5.216290384e-19 -0.002162539859)
(9.017662366e-08 5.234888376e-19 -0.002162571854)
(8.083272645e-08 5.183283675e-19 -0.002162600891)
(7.116500819e-08 5.208058883e-19 -0.002162626803)
(6.116386502e-08 5.17371177e-19 -0.002162649427)
(5.08191537e-08 5.250741751e-19 -0.002162668593)
(4.012538614e-08 5.281876291e-19 -0.002162684139)
(2.908393406e-08 5.2521453e-19 -0.002162695899)
(1.775148909e-08 5.417086224e-19 -0.002162703715)
(6.310272392e-09 5.470499032e-19 -0.002162707422)
(1.016024412e-08 1.093378161e-19 -0.002161048734)
(2.636678445e-08 2.485941837e-19 -0.002161053754)
(4.130508903e-08 3.301924967e-19 -0.002161065788)
(5.611273518e-08 1.375603566e-19 -0.002161083537)
(6.996992837e-08 3.266221503e-19 -0.002161106489)
(8.268171158e-08 2.010995971e-19 -0.002161134267)
(9.418800038e-08 1.389724814e-19 -0.002161166503)
(1.043977262e-07 2.031074959e-19 -0.002161202798)
(1.132154861e-07 3.610385559e-19 -0.002161242729)
(1.206605748e-07 3.105725823e-19 -0.002161285939)
(1.268069379e-07 2.909003775e-19 -0.00216133212)
(1.316334371e-07 2.806898346e-19 -0.00216138089)
(1.351915782e-07 3.577468421e-19 -0.002161431908)
(1.376058941e-07 3.008511494e-19 -0.002161484909)
(1.389165581e-07 2.49981099e-19 -0.002161539547)
(1.392507068e-07 2.310973277e-19 -0.002161595557)
(1.386939142e-07 3.093889862e-19 -0.00216165267)
(1.373337776e-07 3.639679409e-19 -0.002161710619)
(1.353059033e-07 3.662954314e-19 -0.002161769198)
(1.327065843e-07 3.725306352e-19 -0.002161828155)
(1.296480403e-07 3.797262966e-19 -0.002161887326)
(1.262190443e-07 3.840893461e-19 -0.002161946477)
(1.225117984e-07 3.789663479e-19 -0.002162005476)
(1.186053831e-07 3.96562678e-19 -0.002162064118)
(1.145708516e-07 3.992817794e-19 -0.002162122289)
(1.10475523e-07 4.260781845e-19 -0.002162179812)
(1.063718175e-07 4.425912104e-19 -0.002162236591)
(1.023103103e-07 4.803694765e-19 -0.002162292469)
(9.831489791e-08 4.854130444e-19 -0.002162347354)
(9.440803332e-08 4.918384904e-19 -0.002162401106)
(9.05925464e-08 4.960720546e-19 -0.002162453629)
(8.687654135e-08 5.010001714e-19 -0.002162504796)
(8.324300535e-08 5.064658341e-19 -0.002162554506)
(7.968332096e-08 5.173893919e-19 -0.002162602636)
(7.617313665e-08 5.305789391e-19 -0.002162649071)
(7.267971859e-08 5.447798198e-19 -0.002162693689)
(6.916811087e-08 5.57067609e-19 -0.002162736361)
(6.559342667e-08 5.729331773e-19 -0.002162776959)
(6.192367222e-08 5.753831496e-19 -0.00216281534)
(5.81096171e-08 5.660712544e-19 -0.002162851369)
(5.411155683e-08 5.567627148e-19 -0.002162884885)
(4.988265623e-08 5.519834706e-19 -0.002162915744)
(4.538668398e-08 5.480945573e-19 -0.002162943774)
(4.05847474e-08 5.465896105e-19 -0.002162968821)
(3.544364777e-08 5.520369672e-19 -0.002162990702)
(2.993171176e-08 5.587033626e-19 -0.002163009257)
(2.40226268e-08 5.650666274e-19 -0.002163024301)
(1.770005842e-08 5.711001536e-19 -0.002163035667)
(1.099295107e-08 5.773594902e-19 -0.002163043173)
(4.050207111e-09 5.844668156e-19 -0.002163046647)
(4.84005302e-09 7.558878488e-20 -0.002161428706)
(1.252873034e-08 1.453009184e-19 -0.002161433704)
(1.947080809e-08 1.804588126e-19 -0.002161446085)
(2.607601992e-08 1.845776837e-19 -0.002161464346)
(3.193306651e-08 2.217963042e-19 -0.002161487953)
(3.690494754e-08 2.139476251e-19 -0.002161516498)
(4.087806697e-08 2.045481117e-19 -0.002161549523)
(4.375993124e-08 2.021380138e-19 -0.002161586566)
(4.556494039e-08 2.890208944e-19 -0.002161627228)
(4.637231603e-08 3.659827075e-19 -0.002161671152)
(4.616832144e-08 3.126868426e-19 -0.002161717922)
(4.497632031e-08 3.763916011e-19 -0.002161767124)
(4.295491682e-08 3.909391048e-19 -0.002161818454)
(4.016430912e-08 3.939888574e-19 -0.00216187155)
(3.669655181e-08 4.061799505e-19 -0.002161926077)
(3.26972051e-08 4.215054198e-19 -0.002161981766)
(2.82517432e-08 4.095975978e-19 -0.002162038281)
(2.351481099e-08 4.037395603e-19 -0.002162095405)
(1.85949054e-08 3.997296282e-19 -0.002162152875)
(1.362864567e-08 3.992525764e-19 -0.002162210484)
(8.716150867e-09 4.062355028e-19 -0.002162268023)
(3.965631935e-09 4.193747291e-19 -0.002162325313)
(-5.312764856e-10 4.343620587e-19 -0.002162382191)
(-4.692453012e-09 4.449623263e-19 -0.002162438506)
(-8.444862011e-09 4.587751769e-19 -0.002162494129)
(-1.172791236e-08 4.799725347e-19 -0.00216254894)
(-1.449054395e-08 5.088474042e-19 -0.002162602833)
(-1.670637095e-08 5.00405137e-19 -0.002162655711)
(-1.835624585e-08 4.959382819e-19 -0.002162707481)
(-1.944935631e-08 4.958362958e-19 -0.002162758061)
(-1.998779496e-08 5.076565362e-19 -0.002162807361)
(-2.000240351e-08 5.267338084e-19 -0.002162855311)
(-1.95214478e-08 5.168164201e-19 -0.002162901814)
(-1.859682349e-08 5.266015588e-19 -0.002162946804)
(-1.727620627e-08 5.311333679e-19 -0.00216299017)
(-1.563268568e-08 5.378045239e-19 -0.002163031837)
(-1.372851286e-08 5.452484973e-19 -0.002163071681)
(-1.164079043e-08 5.53212786e-19 -0.002163109614)
(-9.440654033e-09 5.613652835e-19 -0.0021631455)
(-7.212782847e-09 5.717392048e-19 -0.002163179226)
(-5.034017193e-09 5.777524518e-19 -0.002163210642)
(-2.984906647e-09 5.749898011e-19 -0.002163239612)
(-1.137275994e-09 5.883065289e-19 -0.00216326597)
(4.361886283e-10 5.898772246e-19 -0.002163289561)
(1.668049482e-09 5.877624855e-19 -0.002163310201)
(2.499136037e-09 5.974654767e-19 -0.00216332772)
(2.874605702e-09 6.020076218e-19 -0.002163341925)
(2.752321353e-09 5.915411248e-19 -0.002163352633)
(2.127587295e-09 5.992785269e-19 -0.002163359644)
(1.091793406e-09 5.981422098e-19 -0.002163362766)
(-2.056870104e-09 5.429667272e-20 -0.002161827482)
(-5.398566735e-09 8.509414578e-20 -0.002161832418)
(-8.775722622e-09 9.943413959e-20 -0.002161845123)
(-1.273589232e-08 1.74437439e-19 -0.002161863831)
(-1.721770339e-08 2.413843839e-19 -0.002161887952)
(-2.232443488e-08 2.568439935e-19 -0.002161916998)
(-2.814863445e-08 2.806064858e-19 -0.002161950475)
(-3.467121508e-08 3.335118339e-19 -0.002161987941)
(-4.182009901e-08 2.900822923e-19 -0.002162028988)
(-4.959400954e-08 3.724329388e-19 -0.002162073151)
(-5.798381426e-08 4.533623643e-19 -0.00216211995)
(-6.682862551e-08 4.876441604e-19 -0.002162169023)
(-7.601556195e-08 4.635531044e-19 -0.002162219986)
(-8.546889943e-08 4.681052205e-19 -0.002162272419)
(-9.500759671e-08 5.021465056e-19 -0.002162326024)
(-1.045362702e-07 5.011879509e-19 -0.002162380449)
(-1.13898858e-07 4.610954897e-19 -0.0021624354)
(-1.229253348e-07 4.387275807e-19 -0.002162490623)
(-1.314934339e-07 4.216748605e-19 -0.002162545846)
(-1.394540809e-07 3.99111268e-19 -0.002162600888)
(-1.466954891e-07 4.091809023e-19 -0.00216265551)
(-1.530974508e-07 4.468874095e-19 -0.002162709587)
(-1.585672444e-07 4.810884298e-19 -0.002162762929)
(-1.630184067e-07 4.791720045e-19 -0.002162815452)
(-1.66381539e-07 4.853135665e-19 -0.00216286701)
(-1.686034444e-07 4.980147434e-19 -0.002162917553)
(-1.696431707e-07 5.16461297e-19 -0.002162966972)
(-1.694909574e-07 5.015515669e-19 -0.002163015238)
(-1.681479988e-07 4.856835413e-19 -0.002163062266)
(-1.656424596e-07 4.683178539e-19 -0.002163108041)
(-1.620041729e-07 4.829852404e-19 -0.002163152495)
(-1.572937336e-07 4.861250716e-19 -0.00216319561)
(-1.515721176e-07 5.063421792e-19 -0.002163237326)
(-1.449254739e-07 5.118058248e-19 -0.002163277613)
(-1.3744391e-07 5.181219261e-19 -0.002163316408)
(-1.292374663e-07 5.247024768e-19 -0.002163353659)
(-1.204109273e-07 5.304492311e-19 -0.002163389294)
(-1.110770247e-07 5.356106258e-19 -0.002163423234)
(-1.013600152e-07 5.39966281e-19 -0.002163455389)
(-9.138482212e-08 5.428587091e-19 -0.002163485651)
(-8.12801374e-08 5.427327518e-19 -0.002163513904)
(-7.116548583e-08 5.512411772e-19 -0.002163540011)
(-6.11619226e-08 5.587140304e-19 -0.002163563829)
(-5.138284788e-08 5.713415448e-19 -0.002163585193)
(-4.193930903e-08 5.845972163e-19 -0.002163603932)
(-3.292929689e-08 5.996978258e-19 -0.002163619857)
(-2.444319299e-08 5.935787803e-19 -0.002163632774)
(-1.656207187e-08 5.98570825e-19 -0.002163642473)
(-9.332330058e-09 5.963088874e-19 -0.002163648744)
(-2.736444344e-09 5.955271878e-19 -0.002163651354)
(-1.083904168e-08 3.092521082e-20 -0.002162252014)
(-2.822770159e-08 -1.168707711e-21 -0.002162256805)
(-4.476114575e-08 -1.662850957e-19 -0.002162269735)
(-6.22284811e-08 1.55038681e-19 -0.002162288681)
(-7.997623294e-08 3.866454438e-19 -0.00216231301)
(-9.796810944e-08 2.986530551e-19 -0.002162342201)
(-1.16195067e-07 2.96214228e-19 -0.002162375785)
(-1.345945419e-07 3.186615359e-19 -0.002162413288)
(-1.531528542e-07 3.357428095e-19 -0.00216245419)
(-1.718589756e-07 3.631853644e-19 -0.002162497949)
(-1.905499457e-07 3.778621139e-19 -0.002162544126)
(-2.090610045e-07 4.631426693e-19 -0.002162592307)
(-2.2732397e-07 4.542426095e-19 -0.002162642008)
(-2.451431569e-07 4.553294678e-19 -0.002162692849)
(-2.62347574e-07 4.616395689e-19 -0.002162744468)
(-2.788076606e-07 4.627808386e-19 -0.002162796479)
(-2.943093086e-07 4.584267367e-19 -0.002162848626)
(-3.087057362e-07 4.576811567e-19 -0.002162900591)
(-3.218113337e-07 4.643246959e-19 -0.002162952151)
(-3.334946466e-07 4.718298583e-19 -0.002163003079)
(-3.436114352e-07 5.02293442e-19 -0.002163053196)
(-3.520422503e-07 4.856717259e-19 -0.002163102354)
(-3.586860951e-07 4.809783436e-19 -0.00216315042)
(-3.634559605e-07 4.793263652e-19 -0.002163197309)
(-3.662872694e-07 4.813348198e-19 -0.00216324294)
(-3.671350877e-07 4.865339163e-19 -0.002163287272)
(-3.659758603e-07 4.941391124e-19 -0.002163330268)
(-3.628154867e-07 5.03521177e-19 -0.002163371916)
(-3.576846396e-07 4.852476939e-19 -0.002163412209)
(-3.506296653e-07 4.748511168e-19 -0.002163451151)
(-3.417247166e-07 4.68643843e-19 -0.002163488758)
(-3.310547659e-07 4.591857965e-19 -0.002163525033)
(-3.187333025e-07 4.709148549e-19 -0.00216356)
(-3.048770613e-07 4.729388022e-19 -0.00216359365)
(-2.896355046e-07 4.939578021e-19 -0.002163625998)
(-2.73154755e-07 5.110135752e-19 -0.002163657015)
(-2.556003101e-07 5.153704962e-19 -0.002163686695)
(-2.371348529e-07 5.206215073e-19 -0.002163714981)
(-2.179405872e-07 5.269638088e-19 -0.002163741834)
(-1.981938514e-07 5.34885838e-19 -0.002163767163)
(-1.780784591e-07 5.334093597e-19 -0.002163790893)
(-1.577693134e-07 5.336210699e-19 -0.002163812895)
(-1.374430565e-07 5.339795896e-19 -0.002163833054)
(-1.172696939e-07 5.435282611e-19 -0.002163851203)
(-9.741080969e-08 5.623204091e-19 -0.002163867183)
(-7.801661676e-08 5.727207411e-19 -0.002163880793)
(-5.922582863e-08 5.763064683e-19 -0.002163891837)
(-4.11691306e-08 5.733299943e-19 -0.002163900079)
(-2.394998334e-08 5.716529025e-19 -0.002163905292)
(-7.630766874e-09 5.71011344e-19 -0.002163907203)
(-2.193116573e-08 6.568553939e-20 -0.002162710215)
(-5.706144038e-08 1.23447141e-19 -0.002162714716)
(-9.024174348e-08 1.762418962e-19 -0.00216272769)
(-1.247991231e-07 1.699019774e-19 -0.002162746594)
(-1.592650593e-07 1.776058038e-19 -0.002162770804)
(-1.934113642e-07 2.274363827e-19 -0.002162799812)
(-2.271854356e-07 2.73052329e-19 -0.002162833091)
(-2.605701352e-07 3.171637306e-19 -0.002162870054)
(-2.935290231e-07 3.561907587e-19 -0.0021629101)
(-3.258951853e-07 3.796026424e-19 -0.00216295271)
(-3.574568306e-07 3.988324763e-19 -0.00216299742)
(-3.881127272e-07 4.154629862e-19 -0.002163043686)
(-4.176815038e-07 4.169481709e-19 -0.002163091031)
(-4.459194023e-07 4.267953474e-19 -0.002163139071)
(-4.72683368e-07 4.340281688e-19 -0.002163187349)
(-4.977295778e-07 4.393190194e-19 -0.002163235528)
(-5.20851265e-07 4.444767446e-19 -0.00216328329)
(-5.418680656e-07 4.529772654e-19 -0.00216333033)
(-5.605736264e-07 4.69352656e-19 -0.002163376439)
(-5.768178015e-07 5.007560845e-19 -0.002163421366)
(-5.904368523e-07 4.899235759e-19 -0.002163464995)
(-6.013122214e-07 4.770021372e-19 -0.00216350715)
(-6.093308493e-07 4.668539201e-19 -0.002163547783)
(-6.144138689e-07 4.627825127e-19 -0.002163586798)
(-6.165010896e-07 4.613140253e-19 -0.002163624202)
(-6.155599534e-07 4.601971528e-19 -0.002163659962)
(-6.115931446e-07 4.572990358e-19 -0.002163694133)
(-6.046291197e-07 4.499231666e-19 -0.002163726725)
(-5.94731658e-07 4.404049793e-19 -0.002163757823)
(-5.819769879e-07 4.547994074e-19 -0.002163787465)
(-5.664811662e-07 4.631640625e-19 -0.002163815758)
(-5.483716289e-07 4.693712311e-19 -0.002163842751)
(-5.278098983e-07 4.76540964e-19 -0.002163868547)
(-5.049689024e-07 4.836027049e-19 -0.002163893196)
(-4.800527018e-07 4.841583975e-19 -0.002163916777)
(-4.532661298e-07 4.837810416e-19 -0.002163939323)
(-4.248348627e-07 4.887392877e-19 -0.002163960882)
(-3.949888639e-07 4.936413379e-19 -0.002163981455)
(-3.639750032e-07 4.984000096e-19 -0.002164001045)
(-3.320371665e-07 4.924836612e-19 -0.002164019613)
(-2.994229635e-07 5.080923294e-19 -0.002164037111)
(-2.663777575e-07 5.133345999e-19 -0.002164053451)
(-2.331444878e-07 5.1877337e-19 -0.002164068529)
(-1.999631005e-07 5.240216376e-19 -0.002164082208)
(-1.670585457e-07 5.223509217e-19 -0.002164094326)
(-1.346456326e-07 5.255862049e-19 -0.002164104693)
(-1.029257366e-07 5.376397319e-19 -0.002164113098)
(-7.209057754e-08 5.304522341e-19 -0.002164119299)
(-4.232165428e-08 5.329323642e-19 -0.002164123038)
(-1.378090012e-08 5.340526411e-19 -0.002164124015)
(-3.58460051e-08 9.446354262e-20 -0.002163211299)
(-9.321917422e-08 2.291034008e-19 -0.002163215363)
(-1.472438581e-07 4.787802991e-19 -0.002163228214)
(-2.031645316e-07 1.729032221e-19 -0.002163246843)
(-2.584629832e-07 -2.17411544e-20 -0.002163270617)
(-3.127546026e-07 1.532756562e-19 -0.002163298998)
(-3.660087115e-07 2.450824125e-19 -0.002163331339)
(-4.181621484e-07 3.194077051e-19 -0.002163366982)
(-4.690229461e-07 4.070908831e-19 -0.002163405337)
(-5.183386887e-07 4.031378592e-19 -0.002163445865)
(-5.659574621e-07 4.287351213e-19 -0.002163487968)
(-6.116955736e-07 3.629148345e-19 -0.002163531063)
(-6.55242358e-07 3.904594113e-19 -0.002163574695)
(-6.96400639e-07 4.039188046e-19 -0.002163618373)
(-7.349390659e-07 4.110123447e-19 -0.002163661648)
(-7.70558478e-07 4.157158934e-19 -0.002163704193)
(-8.030531726e-07 4.200489966e-19 -0.002163745616)
(-8.321628706e-07 4.232032915e-19 -0.002163785672)
(-8.577045451e-07 4.248317352e-19 -0.002163824102)
(-8.794792449e-07 4.216591678e-19 -0.002163860724)
(-8.973233614e-07 4.035809947e-19 -0.002163895401)
(-9.111045226e-07 4.211374798e-19 -0.002163928026)
(-9.207093e-07 4.29798332e-19 -0.002163958564)
(-9.260635378e-07 4.352031098e-19 -0.002163986988)
(-9.271186736e-07 4.3862346e-19 -0.002164013344)
(-9.238632239e-07 4.398190378e-19 -0.002164037674)
(-9.163277519e-07 4.375913528e-19 -0.002164060084)
(-9.045743496e-07 4.299643694e-19 -0.002164080671)
(-8.887016897e-07 4.524232868e-19 -0.002164099579)
(-8.688310359e-07 4.594334352e-19 -0.002164116947)
(-8.451238901e-07 4.647724969e-19 -0.002164132935)
(-8.177669352e-07 4.707386507e-19 -0.002164147699)
(-7.869744944e-07 4.787337562e-19 -0.002164161399)
(-7.529936237e-07 4.902385667e-19 -0.002164174186)
(-7.160875874e-07 4.763919183e-19 -0.002164186196)
(-6.765426134e-07 4.632359945e-19 -0.002164197561)
(-6.346489436e-07 4.607271735e-19 -0.002164208377)
(-5.907233181e-07 4.665774401e-19 -0.002164218737)
(-5.450837511e-07 4.690490561e-19 -0.002164228683)
(-4.980608942e-07 4.69246523e-19 -0.002164238253)
(-4.499800889e-07 4.802384253e-19 -0.002164247429)
(-4.011711652e-07 4.914670323e-19 -0.002164256184)
(-3.519586312e-07 5.033037058e-19 -0.002164264431)
(-3.026620836e-07 5.054180194e-19 -0.002164272074)
(-2.535872258e-07 4.972407542e-19 -0.002164278956)
(-2.050257109e-07 4.978256803e-19 -0.002164284909)
(-1.572564181e-07 4.962744903e-19 -0.002164289707)
(-1.105430391e-07 5.017486076e-19 -0.002164293115)
(-6.516792978e-08 5.05050498e-19 -0.002164294844)
(-2.142079105e-08 5.065015565e-19 -0.002164294578)
(-5.316554584e-08 6.525993225e-20 -0.002163766494)
(-1.382082655e-07 1.218126611e-19 -0.002163769973)
(-2.181196534e-07 1.520710597e-19 -0.002163782531)
(-3.005665087e-07 1.212962447e-19 -0.002163800569)
(-3.817690105e-07 1.274690871e-19 -0.00216382343)
(-4.611614306e-07 1.628241067e-19 -0.002163850492)
(-5.386616429e-07 2.237423836e-19 -0.002163881055)
(-6.140469868e-07 2.758728491e-19 -0.002163914462)
(-6.870202403e-07 2.850689985e-19 -0.002163950093)
(-7.573599749e-07 3.63267566e-19 -0.002163987285)
(-8.248578177e-07 3.793401925e-19 -0.002164025352)
(-8.891632834e-07 3.833068232e-19 -0.002164063746)
(-9.49972791e-07 3.954929981e-19 -0.00216410193)
(-1.007042154e-06 3.960844421e-19 -0.002164139335)
(-1.060004264e-06 3.939888886e-19 -0.002164175565)
(-1.108592237e-06 3.927629145e-19 -0.002164210208)
(-1.152528845e-06 3.985320776e-19 -0.00216424291)
(-1.19152173e-06 3.978980313e-19 -0.00216427342)
(-1.225359292e-06 3.958222082e-19 -0.002164301466)
(-1.253812433e-06 3.944320967e-19 -0.002164326935)
(-1.276720362e-06 3.941217839e-19 -0.002164349672)
(-1.29392883e-06 3.988605732e-19 -0.002164369666)
(-1.305340577e-06 4.048232716e-19 -0.002164386886)
(-1.310881724e-06 4.145043972e-19 -0.00216440141)
(-1.310526489e-06 4.243023555e-19 -0.002164413309)
(-1.304291201e-06 4.331888707e-19 -0.002164422743)
(-1.292238506e-06 4.395565488e-19 -0.002164429859)
(-1.274475864e-06 4.494403727e-19 -0.002164434878)
(-1.251141273e-06 4.58556921e-19 -0.002164438003)
(-1.22242117e-06 4.621121576e-19 -0.002164439499)
(-1.188531498e-06 4.607781412e-19 -0.002164439593)
(-1.149732517e-06 4.620783169e-19 -0.002164438568)
(-1.106308301e-06 4.643338716e-19 -0.002164436655)
(-1.05858728e-06 4.671101091e-19 -0.002164434126)
(-1.006909711e-06 4.676140933e-19 -0.002164431194)
(-9.516471663e-07 4.676889737e-19 -0.002164428099)
(-8.931825243e-07 4.576854172e-19 -0.002164425017)
(-8.319256337e-07 4.639142148e-19 -0.002164422131)
(-7.682900419e-07 4.59157228e-19 -0.002164419557)
(-7.02702324e-07 4.529428792e-19 -0.002164417409)
(-6.355862107e-07 4.552584331e-19 -0.00216441573)
(-5.673707136e-07 4.665183908e-19 -0.002164414551)
(-4.984808513e-07 4.627194094e-19 -0.002164413834)
(-4.293319912e-07 4.793407739e-19 -0.002164413518)
(-3.603286051e-07 4.820857341e-19 -0.00216441348)
(-2.918586479e-07 4.848623385e-19 -0.002164413567)
(-2.242947057e-07 4.880208434e-19 -0.002164413566)
(-1.579912786e-07 4.910495147e-19 -0.002164413239)
(-9.334907664e-08 4.932593652e-19 -0.002164412287)
(-3.0835136e-08 4.943473113e-19 -0.002164410377)
(-1.714925861e-06 3.636311585e-19 -0.002164826786)
(-1.743894467e-06 3.696882259e-19 -0.002164833973)
(-1.76516127e-06 3.726922226e-19 -0.002164837554)
(-1.778633755e-06 3.660751087e-19 -0.002164837568)
(-1.784254713e-06 3.928365559e-19 -0.002164834173)
(-1.782024995e-06 4.131463499e-19 -0.002164827518)
(-1.77199899e-06 4.367779627e-19 -0.002164817862)
(-1.754283669e-06 4.286412684e-19 -0.002164805444)
(-1.729036585e-06 4.27651468e-19 -0.002164790596)
(-1.696456095e-06 4.311045972e-19 -0.002164773628)
(-1.656798938e-06 4.383061434e-19 -0.002164754918)
(-1.610355132e-06 4.450078641e-19 -0.002164734817)
(-1.557466964e-06 4.493289991e-19 -0.002164713718)
(-1.498509954e-06 4.485667035e-19 -0.002164691981)
(-1.433903888e-06 4.580977773e-19 -0.002164669985)
(-1.364088504e-06 4.642103756e-19 -0.002164648075)
(-1.289533467e-06 4.688623518e-19 -0.002164626586)
(-1.210736797e-06 4.73346298e-19 -0.00216460582)
(-1.128215612e-06 4.636390259e-19 -0.002164586045)
(-1.04250146e-06 4.639067365e-19 -0.002164567494)
(-9.541337467e-07 4.732159953e-19 -0.002164550349)
(-8.636571733e-07 4.85032562e-19 -0.002164534757)
(-7.716191887e-07 4.715385716e-19 -0.002164520803)
(-6.785666634e-07 4.670834165e-19 -0.00216450853)
(-5.850339757e-07 4.694467346e-19 -0.002164497916)
(-4.915457881e-07 4.663617502e-19 -0.002164488896)
(-3.986107299e-07 4.670388628e-19 -0.002164481339)
(-3.067142683e-07 4.79209429e-19 -0.002164475065)
(-2.163273537e-07 4.862009011e-19 -0.002164469836)
(-1.27996036e-07 4.904681162e-19 -0.002164465369)
(-4.240807155e-08 4.925114635e-19 -0.002164461303)
)
;

boundaryField
{
    front_top
    {
        type            wedge;
    }
    front_middle
    {
        type            wedge;
    }
    front_bottom
    {
        type            wedge;
    }
    back_top
    {
        type            wedge;
    }
    back_middle
    {
        type            wedge;
    }
    back_bottom
    {
        type            wedge;
    }
    axis_top
    {
        type            symmetryPlane;
    }
    axis_middle
    {
        type            symmetryPlane;
    }
    axis_bottom
    {
        type            symmetryPlane;
    }
    wall_top
    {
        type            slip;
    }
    wall_middle
    {
        type            noSlip;
    }
    wall_bottom
    {
        type            noSlip;
    }
    inlet
    {
        type            fixedValue;
        value           nonuniform 0();
    }
    outlet
    {
        type            zeroGradient;
    }
    procBoundary7to6
    {
        type            processor;
        value           nonuniform List<vector> 
51
(
(-7.459752436e-08 5.168768412e-20 -0.002164389239)
(-1.938743024e-07 7.203062536e-20 -0.002164391926)
(-3.058212726e-07 -1.529459483e-20 -0.002164403911)
(-4.211203669e-07 1.840316678e-20 -0.00216442085)
(-5.344442172e-07 1.984559733e-19 -0.002164442089)
(-6.449228653e-07 1.113203394e-19 -0.002164466969)
(-7.523275823e-07 2.138153122e-19 -0.002164494792)
(-8.563278497e-07 2.433132829e-19 -0.002164524852)
(-9.56616558e-07 2.539151836e-19 -0.002164556405)
(-1.052924214e-06 3.908211198e-19 -0.002164588674)
(-1.144851487e-06 3.646758929e-19 -0.002164620988)
(-1.231979032e-06 3.863109993e-19 -0.002164652748)
(-1.314020269e-06 4.263504322e-19 -0.002164683299)
(-1.390568611e-06 3.939729676e-19 -0.002164712111)
(-1.461216009e-06 3.761167193e-19 -0.002164738745)
(-1.525657784e-06 3.555986953e-19 -0.002164762729)
(-1.583518474e-06 3.966021303e-19 -0.002164783777)
(-1.634530485e-06 3.761185495e-19 -0.002164801586)
(-1.678410336e-06 3.634119293e-19 -0.002164815964)
(-1.678410336e-06 3.634119293e-19 -0.002164815964)
(-2.281370324e-06 3.103023866e-19 -0.002165368363)
(-2.317603154e-06 3.530067812e-19 -0.002165355614)
(-2.343689113e-06 3.780514937e-19 -0.002165338213)
(-2.359529332e-06 3.967565898e-19 -0.002165316331)
(-2.365102444e-06 3.940552221e-19 -0.002165290174)
(-2.360438661e-06 3.913534611e-19 -0.002165260038)
(-2.345643123e-06 3.891115739e-19 -0.002165226251)
(-2.320878997e-06 3.953716429e-19 -0.002165189211)
(-2.286364809e-06 4.016913659e-19 -0.002165149342)
(-2.242379552e-06 4.138062906e-19 -0.00216510712)
(-2.18925727e-06 4.278435619e-19 -0.002165063025)
(-2.127387517e-06 4.433631289e-19 -0.002165017581)
(-2.057203886e-06 4.613750851e-19 -0.002164971289)
(-1.979198314e-06 4.659150871e-19 -0.002164924685)
(-1.893893932e-06 4.667282199e-19 -0.002164878258)
(-1.801856598e-06 4.694560516e-19 -0.00216483252)
(-1.703677225e-06 4.727814001e-19 -0.002164787918)
(-1.599986719e-06 4.752396672e-19 -0.002164744907)
(-1.491432214e-06 4.770100337e-19 -0.002164703861)
(-1.37868448e-06 4.978292079e-19 -0.00216466515)
(-1.262420882e-06 5.099731176e-19 -0.002164629056)
(-1.143331483e-06 5.020448016e-19 -0.002164595843)
(-1.022109434e-06 4.972360436e-19 -0.002164565676)
(-8.994464507e-07 4.952952155e-19 -0.002164538699)
(-7.760257639e-07 4.960061792e-19 -0.002164514954)
(-6.525191222e-07 4.970637421e-19 -0.00216449445)
(-5.295853535e-07 4.977889115e-19 -0.002164477097)
(-4.078473288e-07 5.030026107e-19 -0.002164462765)
(-2.879200235e-07 5.002296698e-19 -0.002164451235)
(-1.705293851e-07 5.050840545e-19 -0.002164442245)
(-5.661915487e-08 5.074769257e-19 -0.002164435422)
)
;
    }
    procBoundary7to8
    {
        type            processor;
        value           nonuniform List<vector> 
51
(
(1.811516716e-08 -6.639020156e-19 -0.002154310296)
(4.717990407e-08 -2.349888399e-19 -0.002154313004)
(7.431014023e-08 1.231048275e-19 -0.002154318813)
(1.017983625e-07 7.202675198e-20 -0.002154327437)
(1.283904557e-07 1.254268812e-19 -0.002154338703)
(1.537577633e-07 2.192850443e-19 -0.002154352472)
(1.777994029e-07 3.412870387e-19 -0.002154368602)
(2.004613797e-07 2.873760543e-19 -0.00215438701)
(2.216875347e-07 1.177151055e-19 -0.002154407593)
(2.413947933e-07 6.78696281e-20 -0.002154430246)
(2.595415956e-07 1.181395653e-19 -0.002154454865)
(2.761156699e-07 1.493088127e-19 -0.002154481361)
(2.910756381e-07 1.676014013e-19 -0.00215450963)
(3.044409618e-07 1.97806202e-19 -0.002154539592)
(3.162179315e-07 1.66912863e-19 -0.002154571157)
(3.264042257e-07 1.508940783e-19 -0.002154604218)
(3.350185659e-07 1.498126903e-19 -0.002154638685)
(3.420720894e-07 1.540543925e-19 -0.00215467444)
(3.476023979e-07 1.988849889e-19 -0.002154711395)
(3.516419645e-07 2.372798921e-19 -0.002154749427)
(3.542248745e-07 2.7584962e-19 -0.002154788438)
(3.553954422e-07 2.800282737e-19 -0.002154828296)
(3.55192466e-07 2.980466726e-19 -0.002154868896)
(3.536724077e-07 2.787335497e-19 -0.002154910099)
(3.508795174e-07 2.693923617e-19 -0.002154951788)
(3.468663002e-07 2.669065017e-19 -0.00215499382)
(3.416690948e-07 2.91979289e-19 -0.002155036057)
(3.353391702e-07 3.031478516e-19 -0.002155078355)
(3.27944563e-07 3.019694658e-19 -0.002155120563)
(3.195312626e-07 2.882013455e-19 -0.002155162535)
(3.101635931e-07 2.800681512e-19 -0.002155204105)
(2.998755468e-07 2.604645541e-19 -0.002155245123)
(2.887279872e-07 2.604948238e-19 -0.00215528542)
(2.767556987e-07 2.622111797e-19 -0.002155324841)
(2.64011953e-07 2.652963477e-19 -0.002155363216)
(2.505492773e-07 2.699407547e-19 -0.00215540038)
(2.40210562e-07 2.809287918e-19 -0.002155933444)
(2.40210562e-07 2.809287918e-19 -0.002155933444)
(2.251695536e-07 3.073167364e-19 -0.002155968057)
(2.095359834e-07 3.199576869e-19 -0.002156000925)
(1.933523015e-07 3.204857877e-19 -0.002156031886)
(1.766717248e-07 3.169268486e-19 -0.002156060773)
(1.595256932e-07 3.152025618e-19 -0.002156087432)
(1.419597905e-07 3.153772799e-19 -0.0021561117)
(1.240017083e-07 3.178499203e-19 -0.00215613343)
(1.05692804e-07 3.23850379e-19 -0.002156152465)
(8.706276736e-08 3.249435662e-19 -0.002156168669)
(6.814091536e-08 3.185185638e-19 -0.002156181895)
(4.895429233e-08 3.113080943e-19 -0.002156192015)
(2.960593194e-08 3.134435352e-19 -0.002156198893)
(1.035160845e-08 3.068904098e-19 -0.002156202408)
)
;
    }
}


// ************************************************************************* //
