/*--------------------------------*- C++ -*----------------------------------*\
  =========                 |
  \\      /  F ield         | OpenFOAM: The Open Source CFD Toolbox
   \\    /   O peration     | Website:  https://openfoam.org
    \\  /    A nd           | Version:  7
     \\/     M anipulation  |
\*---------------------------------------------------------------------------*/
FoamFile
{
    version     2.0;
    format      ascii;
    class       surfaceScalarField;
    location    "0.003";
    object      phi;
}
// * * * * * * * * * * * * * * * * * * * * * * * * * * * * * * * * * * * * * //

dimensions      [1 0 -1 0 0 0 0];

internalField   nonuniform List<scalar> 
2257
(
3.621912971e-15
4.567072792e-11
1.336390117e-10
3.510882928e-15
4.566721704e-11
1.374292702e-14
1.336287796e-10
3.018923876e-14
2.16686842e-10
5.229093569e-14
2.950444698e-10
7.945424938e-14
3.688980156e-10
1.110481442e-13
4.384371872e-10
1.464242851e-13
5.03845246e-10
1.849874028e-13
5.652990366e-10
2.261229338e-13
6.22969294e-10
2.691558341e-13
6.770206579e-10
3.135609475e-13
7.276117703e-10
3.58696384e-13
7.748956471e-10
4.040932371e-13
8.190195406e-10
4.491877738e-13
8.601253632e-10
4.935473229e-13
8.983495656e-10
5.366740118e-13
9.338235543e-10
5.782018151e-13
9.666736077e-10
6.176943166e-13
9.970212056e-10
6.548946966e-13
1.024982989e-09
6.894136542e-13
1.050671135e-09
7.2102212e-13
1.074193286e-09
7.494295915e-13
1.095652878e-09
7.74434684e-13
1.115149143e-09
7.958946742e-13
1.132777256e-09
8.136041054e-13
1.14862856e-09
8.274824296e-13
1.162790623e-09
8.373846632e-13
1.17534748e-09
8.432495473e-13
1.186379592e-09
8.450534662e-13
1.195964012e-09
8.427187238e-13
1.204174664e-09
8.362481971e-13
1.211082388e-09
8.256794833e-13
1.216754826e-09
8.110038151e-13
1.221256866e-09
7.922515515e-13
1.224650624e-09
7.694629049e-13
1.226995571e-09
7.427019155e-13
1.228348461e-09
7.120159515e-13
1.228763708e-09
6.775056931e-13
1.228293307e-09
6.392689558e-13
1.226986978e-09
5.973713587e-13
1.224892204e-09
5.519220754e-13
1.222054406e-09
5.030250569e-13
1.218517054e-09
4.507553881e-13
1.214321576e-09
3.952709116e-13
1.209507537e-09
3.36616106e-13
1.204112784e-09
2.749478519e-13
1.198173427e-09
2.103732637e-13
1.191723956e-09
1.429251373e-13
1.184797366e-09
7.278825715e-14
1.177424898e-09
1.169636599e-09
3.406538915e-15
4.56638105e-11
1.333406636e-14
1.336188521e-10
2.928289158e-14
2.166708931e-10
5.070367168e-14
2.95023049e-10
7.703424486e-14
3.68871685e-10
1.076756094e-13
4.384065458e-10
1.420252949e-13
5.038108963e-10
1.794244129e-13
5.652616375e-10
2.193163439e-13
6.229294021e-10
2.611099545e-13
6.769788643e-10
3.041697304e-13
7.275687105e-10
3.48004949e-13
7.748518119e-10
3.920342346e-13
8.189755113e-10
4.358277368e-13
8.600815697e-10
4.788553072e-13
8.98306538e-10
5.207320058e-13
9.337816776e-10
5.6100521e-13
9.666333345e-10
5.993813714e-13
9.969828295e-10
6.354600701e-13
1.02494691e-09
6.689773037e-13
1.050637618e-09
6.996277738e-13
1.074162636e-09
7.271965401e-13
1.09562531e-09
7.514869415e-13
1.115124852e-09
7.722917187e-13
1.132756451e-09
7.894951404e-13
1.148611357e-09
8.029444465e-13
1.162777174e-09
8.125509902e-13
1.175337873e-09
8.182667587e-13
1.186373876e-09
8.200092722e-13
1.19596227e-09
8.17748771e-13
1.204176925e-09
8.115062326e-13
1.211088631e-09
8.012727859e-13
1.21676506e-09
7.870370483e-13
1.221271101e-09
7.688521387e-13
1.224668809e-09
7.467635239e-13
1.227017659e-09
7.207938081e-13
1.22837443e-09
6.910414711e-13
1.22879346e-09
6.575908907e-13
1.228326758e-09
6.204961403e-13
1.227024073e-09
5.7987276e-13
1.224932828e-09
5.357474199e-13
1.222098532e-09
4.882928624e-13
1.218564509e-09
4.376182313e-13
1.214372251e-09
3.837541264e-13
1.209561401e-09
3.268620475e-13
1.204169676e-09
2.669662845e-13
1.198233323e-09
2.042388741e-13
1.191786684e-09
1.387906273e-13
1.184862814e-09
7.064988205e-14
1.177493039e-09
1.169707249e-09
3.301052112e-15
4.566050945e-11
1.29213914e-14
1.336092318e-10
2.838591873e-14
2.166554286e-10
4.917239167e-14
2.950022626e-10
7.472779863e-14
3.688461296e-10
1.044384341e-13
4.383768352e-10
1.377464716e-13
5.037775883e-10
1.74059055e-13
5.652253249e-10
2.127464745e-13
6.228907147e-10
2.532735931e-13
6.769383371e-10
2.950861791e-13
7.275268979e-10
3.376035268e-13
7.748092945e-10
3.803691492e-13
8.189327457e-10
4.228465701e-13
8.600390923e-10
4.64624261e-13
8.982647603e-10
5.052403015e-13
9.337410616e-10
5.443664154e-13
9.665942084e-10
5.81591177e-13
9.969456047e-10
6.16617334e-13
1.024911884e-09
6.491242563e-13
1.050605111e-09
6.788947134e-13
1.074132865e-09
7.056597459e-13
1.095598544e-09
7.292192205e-13
1.115101293e-09
7.494224126e-13
1.132736248e-09
7.661078085e-13
1.148594672e-09
7.791679094e-13
1.162764114e-09
7.885143847e-13
1.175328527e-09
7.940672815e-13
1.186368323e-09
7.957600901e-13
1.195960577e-09
7.935997965e-13
1.204179085e-09
7.875780706e-13
1.211094653e-09
7.776501037e-13
1.216774988e-09
7.638629114e-13
1.221284889e-09
7.462343976e-13
1.224686437e-09
7.247976074e-13
1.227039096e-09
6.996321018e-13
1.228399596e-09
6.707570918e-13
1.228822335e-09
6.383078968e-13
1.228359207e-09
6.023619227e-13
1.227060019e-09
5.629188438e-13
1.224972271e-09
5.201469946e-13
1.222141304e-09
4.740944041e-13
1.218610561e-09
4.249012585e-13
1.214421444e-09
3.726718539e-13
1.20961363e-09
3.174162945e-13
1.204224932e-09
2.593102908e-13
1.198291429e-09
1.983694381e-13
1.191847625e-09
1.347875345e-13
1.184926396e-09
6.866362612e-14
1.177559162e-09
1.169775913e-09
3.202093539e-15
4.565730735e-11
1.253136329e-14
1.335999025e-10
2.752803e-14
2.16640432e-10
4.768662107e-14
2.94982104e-10
7.246677503e-14
3.688213495e-10
1.013086427e-13
4.383479933e-10
1.336288143e-13
5.037452681e-10
1.688426415e-13
5.651901111e-10
2.063995504e-13
6.228531578e-10
2.457290928e-13
6.768990076e-10
2.862894687e-13
7.274863376e-10
3.275827371e-13
7.747680012e-10
3.690672404e-13
8.188912612e-10
4.103092476e-13
8.599978503e-10
4.508391588e-13
8.982242304e-10
4.90296316e-13
9.337016044e-10
5.282586506e-13
9.665562461e-10
5.643981942e-13
9.969094652e-10
5.983800605e-13
1.024877902e-09
6.299548707e-13
1.050573536e-09
6.588419848e-13
1.074103978e-09
6.848164409e-13
1.09557257e-09
7.076942713e-13
1.115078415e-09
7.27304766e-13
1.132716638e-09
7.435078237e-13
1.148578468e-09
7.562006066e-13
1.162751421e-09
7.652927908e-13
1.175319435e-09
7.706813299e-13
1.186362934e-09
7.723595745e-13
1.195958899e-09
7.70287079e-13
1.204181157e-09
7.644455926e-13
1.211100494e-09
7.548456492e-13
1.216784588e-09
7.414662799e-13
1.221298268e-09
7.243711859e-13
1.224703532e-09
7.036107018e-13
1.227059856e-09
6.791818175e-13
1.228424025e-09
6.512142084e-13
1.228850303e-09
6.197254997e-13
1.228390696e-09
5.848165442e-13
1.227094928e-09
5.465859768e-13
1.225010502e-09
5.050620187e-13
1.222182828e-09
4.604078997e-13
1.218655215e-09
4.12667891e-13
1.214469184e-09
3.619325178e-13
1.209664365e-09
3.083334698e-13
1.204278531e-09
2.518707435e-13
1.198347891e-09
1.927424157e-13
1.191906753e-09
1.309558498e-13
1.184988182e-09
6.6688383e-14
1.17762343e-09
1.169842601e-09
3.106592848e-15
4.565420076e-11
1.216013126e-14
1.33590849e-10
2.671516381e-14
2.166258769e-10
4.628210757e-14
2.94962537e-10
7.031714451e-14
3.687973144e-10
9.829250344e-14
4.38320018e-10
1.296514804e-13
5.037139092e-10
1.638396577e-13
5.651559229e-10
2.00277024e-13
6.228167204e-10
2.384521586e-13
6.768608325e-10
2.77843163e-13
7.274469466e-10
3.179046053e-13
7.747279398e-10
3.581839356e-13
8.188509819e-10
3.9820589e-13
8.599578283e-10
4.375800012e-13
8.981848563e-10
4.758740589e-13
9.336633103e-10
5.127320741e-13
9.66519388e-10
5.478055921e-13
9.968743916e-10
5.808138683e-13
1.024844894e-09
6.114639789e-13
1.050542886e-09
6.395132109e-13
1.074075929e-09
6.647355778e-13
1.095547348e-09
6.869546639e-13
1.115056196e-09
7.059980842e-13
1.132697594e-09
7.217489249e-13
1.148562718e-09
7.340831489e-13
1.162739087e-09
7.429054033e-13
1.175310612e-09
7.481714252e-13
1.186357668e-09
7.498235434e-13
1.195957246e-09
7.478399137e-13
1.204183141e-09
7.42210168e-13
1.211106124e-09
7.328928573e-13
1.216793905e-09
7.199465887e-13
1.221311214e-09
7.03344365e-13
1.224720135e-09
6.831853109e-13
1.227080015e-09
6.595306083e-13
1.22844768e-09
6.323814138e-13
1.228877452e-09
6.018528585e-13
1.228421224e-09
5.679819338e-13
1.227128799e-09
5.308574576e-13
1.225047626e-09
4.906110202e-13
1.222223074e-09
4.472344098e-13
1.218698592e-09
4.00897542e-13
1.214515521e-09
3.516436673e-13
1.209713619e-09
2.995491959e-13
1.204330626e-09
2.447685946e-13
1.198402672e-09
1.872970394e-13
1.191964225e-09
1.273283234e-13
1.185048151e-09
6.483084139e-14
1.177685927e-09
1.169907432e-09
3.014205176e-15
4.565118655e-11
1.179926337e-14
1.335820639e-10
2.592250995e-14
2.166117537e-10
4.490708128e-14
2.949435524e-10
6.82439096e-14
3.687739776e-10
9.54077321e-14
4.382928541e-10
1.25840933e-13
5.03683476e-10
1.590226779e-13
5.651227412e-10
1.944161652e-13
6.227813269e-10
2.314744386e-13
6.768237742e-10
2.697021591e-13
7.274087188e-10
3.086071258e-13
7.746890348e-10
3.477115624e-13
8.188118774e-10
3.865983286e-13
8.599189415e-10
4.248259288e-13
8.981466287e-10
4.620133899e-13
9.336261229e-10
4.977996237e-13
9.664836018e-10
5.318738963e-13
9.968403174e-10
5.63931053e-13
1.024812836e-09
5.936986422e-13
1.050513118e-09
6.209359325e-13
1.074048692e-09
6.454465799e-13
1.095522837e-09
6.670265704e-13
1.115034616e-09
6.855440558e-13
1.132679077e-09
7.008499474e-13
1.148547412e-09
7.128401869e-13
1.162727096e-09
7.21441571e-13
1.175302011e-09
7.265788968e-13
1.186352531e-09
7.282283565e-13
1.195955597e-09
7.262995071e-13
1.20418507e-09
7.208358898e-13
1.211111587e-09
7.118398742e-13
1.216802901e-09
6.992590761e-13
1.221323795e-09
6.83188663e-13
1.224736205e-09
6.636316267e-13
1.227099573e-09
6.406632028e-13
1.228470648e-09
6.143610506e-13
1.228903754e-09
5.846870485e-13
1.228450898e-09
5.518174266e-13
1.227161669e-09
5.158167746e-13
1.225083627e-09
4.767086501e-13
1.222262182e-09
4.346435995e-13
1.218740657e-09
3.89596202e-13
1.214560568e-09
3.417525163e-13
1.209761463e-09
2.911511178e-13
1.204381227e-09
2.378862967e-13
1.198455937e-09
1.821069383e-13
1.192020004e-09
1.237730976e-13
1.185106485e-09
6.308080882e-14
1.17774662e-09
1.169970513e-09
2.927269087e-15
4.564825929e-11
1.1458336e-14
1.335735328e-10
2.517329601e-14
2.165980387e-10
4.36102107e-14
2.949251155e-10
6.626543692e-14
3.687513224e-10
9.263685057e-14
4.382664827e-10
1.222008877e-13
5.036539119e-10
1.5443552e-13
5.650905065e-10
1.888003703e-13
6.227469621e-10
2.247959764e-13
6.767877786e-10
2.619231116e-13
7.273715917e-10
2.997104166e-13
7.746512475e-10
3.377135877e-13
8.187738743e-10
3.754830187e-13
8.598811721e-10
4.126160463e-13
8.981094957e-10
4.487400865e-13
9.335899988e-10
4.835161176e-13
9.664488258e-10
5.166269197e-13
9.968072066e-10
5.477717443e-13
1.024781692e-09
5.766962752e-13
1.050484194e-09
6.031618572e-13
1.074022226e-09
6.269760682e-13
1.095499023e-09
6.479704746e-13
1.115013621e-09
6.659718397e-13
1.132661075e-09
6.808691493e-13
1.148532514e-09
6.9251363e-13
1.162715452e-09
7.008937584e-13
1.175293631e-09
7.059445881e-13
1.18634748e-09
7.075424707e-13
1.195953999e-09
7.057226109e-13
1.20418689e-09
7.004209557e-13
1.211116889e-09
6.916721522e-13
1.21681165e-09
6.795111276e-13
1.221335956e-09
6.638862037e-13
1.22475183e-09
6.44928824e-13
1.22711853e-09
6.226678411e-13
1.228492909e-09
5.970850916e-13
1.228929337e-09
5.683255478e-13
1.228479658e-09
5.363732776e-13
1.227193621e-09
5.013964914e-13
1.225118603e-09
4.634488696e-13
1.22230013e-09
4.225342931e-13
1.218781572e-09
3.788195685e-13
1.214604283e-09
3.322717464e-13
1.209808011e-09
2.831005543e-13
1.204430398e-09
2.313237091e-13
1.198507714e-09
1.770430888e-13
1.192074285e-09
1.203795103e-13
1.185163149e-09
6.129683736e-14
1.177805702e-09
1.170031809e-09
2.843315018e-15
4.564541597e-11
1.113029196e-14
1.335652459e-10
2.445313417e-14
2.165847159e-10
4.2362728e-14
2.949072059e-10
6.438040676e-14
3.687293047e-10
9.001017001e-14
4.38240853e-10
1.187345152e-13
5.036251876e-10
1.500476711e-13
5.650591934e-10
1.834421932e-13
6.227135675e-10
2.184176965e-13
6.767528031e-10
2.545048468e-13
7.273355045e-10
2.912417912e-13
7.746145106e-10
3.281722689e-13
8.187369438e-10
3.648754852e-13
8.598444689e-10
4.009687669e-13
8.980734024e-10
4.360868284e-13
9.335548808e-10
4.699007275e-13
9.664150119e-10
5.020830196e-13
9.967750243e-10
5.323658153e-13
1.024751409e-09
5.604797921e-13
1.05045608e-09
5.862204721e-13
1.073996485e-09
6.093913322e-13
1.095475852e-09
6.298071492e-13
1.114993206e-09
6.473418705e-13
1.132643541e-09
6.618117723e-13
1.148518045e-09
6.731886816e-13
1.162704075e-09
6.81358613e-13
1.175285461e-09
6.862604764e-13
1.186342578e-09
6.87872014e-13
1.195952388e-09
6.860948155e-13
1.204188667e-09
6.809829127e-13
1.211122001e-09
6.72514693e-13
1.216820118e-09
6.606794049e-13
1.221347791e-09
6.455682056e-13
1.224766941e-09
6.271331277e-13
1.227136965e-09
6.054892477e-13
1.228514553e-09
5.806803919e-13
1.228954146e-09
5.527075596e-13
1.22850763e-09
5.217292133e-13
1.227224599e-09
4.876991443e-13
1.225152634e-09
4.507947709e-13
1.222337034e-09
4.110592314e-13
1.218821307e-09
3.685091301e-13
1.214646833e-09
3.233234977e-13
1.209853197e-09
2.754657642e-13
1.204478256e-09
2.251408886e-13
1.198558038e-09
1.723158286e-13
1.19212711e-09
1.171457356e-13
1.185218319e-09
5.970131754e-14
1.177863147e-09
1.170091511e-09
2.764669297e-15
4.56426513e-11
1.08221304e-14
1.335571884e-10
2.37761379e-14
2.165717619e-10
4.119075395e-14
2.948897913e-10
6.25963928e-14
3.68707899e-10
8.751072067e-14
4.382159386e-10
1.154388625e-13
5.035972594e-10
1.458831305e-13
5.650287491e-10
1.783558379e-13
6.226810948e-10
2.123765284e-13
6.767187824e-10
2.474813951e-13
7.273003997e-10
2.832031992e-13
7.745787888e-10
3.191106047e-13
8.187010364e-10
3.548124605e-13
8.59808767e-10
3.899196181e-13
8.980382953e-10
4.240919944e-13
9.335207084e-10
4.56977331e-13
9.663821265e-10
4.882945501e-13
9.967437071e-10
5.177457832e-13
1.024721958e-09
5.45115707e-13
1.05042871e-09
5.701467724e-13
1.073971454e-09
5.926975481e-13
1.095453301e-09
6.126024426e-13
1.114973301e-09
6.296431222e-13
1.1326265e-09
6.437743442e-13
1.148503913e-09
6.548501569e-13
1.162692999e-09
6.628319391e-13
1.175277479e-09
6.676360746e-13
1.186337774e-09
6.691956133e-13
1.195950828e-09
6.67531141e-13
1.204190331e-09
6.625415961e-13
1.211126991e-09
6.543181241e-13
1.216828342e-09
6.428660712e-13
1.221359243e-09
6.281592291e-13
1.224781648e-09
6.103007118e-13
1.227154823e-09
5.892124393e-13
1.228535641e-09
5.650749383e-13
1.228978283e-09
5.379397148e-13
1.228534766e-09
5.077764165e-13
1.227254763e-09
4.747508807e-13
1.225185659e-09
4.388029003e-13
1.222372982e-09
4.001277617e-13
1.218859982e-09
3.587543406e-13
1.214688206e-09
3.147415476e-13
1.209897209e-09
2.682518642e-13
1.204524746e-09
2.192167417e-13
1.198607074e-09
1.678462619e-13
1.19217848e-09
1.140837471e-13
1.185272081e-09
5.813945687e-14
1.177919091e-09
1.17014965e-09
2.690154545e-15
4.563996115e-11
1.053034517e-14
1.335493482e-10
2.313439251e-14
2.165591578e-10
4.007694163e-14
2.948728488e-10
6.090508229e-14
3.686870709e-10
8.514635524e-14
4.381916974e-10
1.12324928e-13
5.035700809e-10
1.41956893e-13
5.649991171e-10
1.735648938e-13
6.226494868e-10
2.066851739e-13
6.766856621e-10
2.408437295e-13
7.272662411e-10
2.756014994e-13
7.74544031e-10
3.105609584e-13
8.186660769e-10
3.453119682e-13
8.59774016e-10
3.795041247e-13
8.980041031e-10
4.127625424e-13
9.3348745e-10
4.447935065e-13
9.663500956e-10
4.752724262e-13
9.967132281e-10
5.039721314e-13
1.024693258e-09
5.306071046e-13
1.050402075e-09
5.550202055e-13
1.073947041e-09
5.769715803e-13
1.09543135e-09
5.963322446e-13
1.11495394e-09
6.129777721e-13
1.132609854e-09
6.267451515e-13
1.148490146e-09
6.37591748e-13
1.162682153e-09
6.453486479e-13
1.175269722e-09
6.500420768e-13
1.186333081e-09
6.516183368e-13
1.195949252e-09
6.499782714e-13
1.204191971e-09
6.451941906e-13
1.211131775e-09
6.371663883e-13
1.216836369e-09
6.260247345e-13
1.221370385e-09
6.117817923e-13
1.224795891e-09
5.943579584e-13
1.227172247e-09
5.739120131e-13
1.228556087e-09
5.503866368e-13
1.229001809e-09
5.239542846e-13
1.228561198e-09
4.946479407e-13
1.227284069e-09
4.624463038e-13
1.225217861e-09
4.275203204e-13
1.222407908e-09
3.898045239e-13
1.218897698e-09
3.495189221e-13
1.214728492e-09
3.066627962e-13
1.209940065e-09
2.613259984e-13
1.204570082e-09
2.13627929e-13
1.198654772e-09
1.635197743e-13
1.192228588e-09
1.11214502e-13
1.185324386e-09
5.663175407e-14
1.177973674e-09
1.170206282e-09
2.619903202e-15
4.563734124e-11
1.025545309e-14
1.335417127e-10
2.253034815e-14
2.165468829e-10
3.902962679e-14
2.948563495e-10
5.931891866e-14
3.686667816e-10
8.29356374e-14
4.381680806e-10
1.094134276e-13
5.035436031e-10
1.382814496e-13
5.649702491e-10
1.690800543e-13
6.226186882e-10
2.013369589e-13
6.766534052e-10
2.346036407e-13
7.272329744e-10
2.684798683e-13
7.745101548e-10
3.025379656e-13
8.186320188e-10
3.364181702e-13
8.597401358e-10
3.697253133e-13
8.97970796e-10
4.021535953e-13
9.334550217e-10
4.333537186e-13
9.663188955e-10
4.630862773e-13
9.966834956e-10
4.910393245e-13
1.024665305e-09
5.170394663e-13
1.050376075e-09
5.408240277e-13
1.073923257e-09
5.622542831e-13
1.09540992e-09
5.811114681e-13
1.114935083e-09
5.973404328e-13
1.132593625e-09
6.108317326e-13
1.148476655e-09
6.213846369e-13
1.1626716e-09
6.290153174e-13
1.175262092e-09
6.335712194e-13
1.186328525e-09
6.350991308e-13
1.195947724e-09
6.33571062e-13
1.2041935e-09
6.288843838e-13
1.211136461e-09
6.211498942e-13
1.216844104e-09
6.10273327e-13
1.221381262e-09
5.963689058e-13
1.224809795e-09
5.794556149e-13
1.227189161e-09
5.595035905e-13
1.228576039e-09
5.366700787e-13
1.229024642e-09
5.108723273e-13
1.228586996e-09
4.822942614e-13
1.227312647e-09
4.50948798e-13
1.225249206e-09
4.168530634e-13
1.222442004e-09
3.801790989e-13
1.218934372e-09
3.408606151e-13
1.21476781e-09
2.991146857e-13
1.209981811e-09
2.548834452e-13
1.204614314e-09
2.083303076e-13
1.198701325e-09
1.595075168e-13
1.192277411e-09
1.084383603e-13
1.185375456e-09
5.529534197e-14
1.178026817e-09
1.170261577e-09
2.554920709e-15
4.563478632e-11
1.00008531e-14
1.335342667e-10
2.197136195e-14
2.165349124e-10
3.806331887e-14
2.948402575e-10
5.784849612e-14
3.686469964e-10
8.087865712e-14
4.381450505e-10
1.067093753e-13
5.035177723e-10
1.348646784e-13
5.649420938e-10
1.64889571e-13
6.225886633e-10
1.963583313e-13
6.766219365e-10
2.28817826e-13
7.272005149e-10
2.618535228e-13
7.744771191e-10
2.950965177e-13
8.185987758e-10
3.281337475e-13
8.597070986e-10
3.606479089e-13
8.979382818e-10
3.922670929e-13
9.334234025e-10
4.227393944e-13
9.662884232e-10
4.517280716e-13
9.966545069e-10
4.790436846e-13
1.024637989e-09
5.044014592e-13
1.050350717e-09
5.276526898e-13
1.073900005e-09
5.485384482e-13
1.095389034e-09
5.670009453e-13
1.11491662e-09
5.828459578e-13
1.13257778e-09
5.9598741e-13
1.148463513e-09
6.063569116e-13
1.16266123e-09
6.137820585e-13
1.175254667e-09
6.183007446e-13
1.186324006e-09
6.197638393e-13
1.195946261e-09
6.182554702e-13
1.204195008e-09
6.137572754e-13
1.21114096e-09
6.061908361e-13
1.21685167e-09
5.956614065e-13
1.221391791e-09
5.820498828e-13
1.224823407e-09
5.655372781e-13
1.227205673e-09
5.461366992e-13
1.22859544e-09
5.238191718e-13
1.22904696e-09
4.987380234e-13
1.228612077e-09
4.70799233e-13
1.227340586e-09
4.402059789e-13
1.225279799e-09
4.06947769e-13
1.222475262e-09
3.711073533e-13
1.218970212e-09
3.328326734e-13
1.214806085e-09
2.920283014e-13
1.210022616e-09
2.489175183e-13
1.204657424e-09
2.034187614e-13
1.198746823e-09
1.55757438e-13
1.192325072e-09
1.058924541e-13
1.185425321e-09
5.395937941e-14
1.17807875e-09
1.170315537e-09
2.494636127e-15
4.563229169e-11
9.765412059e-15
1.33526996e-10
2.145453888e-14
2.165232233e-10
3.716781289e-14
2.948245443e-10
5.64971384e-14
3.686276671e-10
7.899326169e-14
4.381225544e-10
1.042113696e-13
5.034925542e-10
1.316987097e-13
5.649146065e-10
1.610372309e-13
6.225593248e-10
1.91768075e-13
6.765912056e-10
2.234668772e-13
7.271688161e-10
2.557593431e-13
7.744448266e-10
2.882181777e-13
8.18566317e-10
3.205154564e-13
8.596748013e-10
3.522588743e-13
8.979065384e-10
3.831842267e-13
9.333924772e-10
4.12930537e-13
9.662586768e-10
4.412944552e-13
9.96626143e-10
4.679680889e-13
1.024611316e-09
4.927937101e-13
1.050325892e-09
5.154814968e-13
1.073877318e-09
5.359547693e-13
1.095368561e-09
5.539863377e-13
1.114898589e-09
5.695151549e-13
1.132562252e-09
5.823478119e-13
1.148450681e-09
5.924570606e-13
1.162651121e-09
5.997900716e-13
1.175247334e-09
6.041725589e-13
1.186319624e-09
6.056825062e-13
1.195944751e-09
6.041735507e-13
1.204196517e-09
5.997699646e-13
1.211145363e-09
5.924460073e-13
1.216858994e-09
5.821086013e-13
1.221402129e-09
5.689020779e-13
1.224836613e-09
5.527303662e-13
1.227221845e-09
5.337689876e-13
1.228614401e-09
5.120034603e-13
1.229068725e-09
4.87441959e-13
1.228636638e-09
4.602317502e-13
1.227367796e-09
4.302754706e-13
1.225309756e-09
3.978021274e-13
1.222507735e-09
3.627661248e-13
1.219005248e-09
3.253045718e-13
1.214843547e-09
2.85477662e-13
1.210062443e-09
2.43281189e-13
1.204699621e-09
1.989088411e-13
1.198791196e-09
1.522563207e-13
1.192371725e-09
1.035704784e-13
1.185474006e-09
5.274186036e-14
1.178129579e-09
1.170368278e-09
2.441010257e-15
4.562985068e-11
9.554597963e-15
1.335198824e-10
2.099034927e-14
2.165117875e-10
3.636258578e-14
2.94809172e-10
5.526149459e-14
3.686087682e-10
7.725658966e-14
4.381005593e-10
1.019308624e-13
5.0346788e-10
1.288318627e-13
5.648877055e-10
1.575244611e-13
6.225306322e-10
1.875868461e-13
6.765611432e-10
2.186205625e-13
7.271377824e-10
2.501983974e-13
7.744132488e-10
2.819825134e-13
8.185345329e-10
3.135628913e-13
8.596432209e-10
3.446562617e-13
8.97875445e-10
3.748941453e-13
9.333622393e-10
4.040231307e-13
9.662295479e-10
4.317663915e-13
9.965983997e-10
4.579080299e-13
1.024585174e-09
4.821694119e-13
1.05030163e-09
5.044357128e-13
1.073855051e-09
5.244614017e-13
1.095348535e-09
5.42179391e-13
1.114880871e-09
5.573454156e-13
1.132547086e-09
5.699607878e-13
1.148438065e-09
5.798384222e-13
1.162641243e-09
5.869790478e-13
1.175240193e-09
5.913455382e-13
1.186315257e-09
5.9278314e-13
1.195943313e-09
5.91398756e-13
1.204197901e-09
5.870545354e-13
1.211149707e-09
5.79862366e-13
1.216866186e-09
5.69789448e-13
1.221412201e-09
5.568230712e-13
1.22484958e-09
5.41094993e-13
1.227237573e-09
5.224873966e-13
1.228633009e-09
5.011894567e-13
1.229090023e-09
4.771571348e-13
1.228660671e-09
4.504622221e-13
1.227394491e-09
4.212393455e-13
1.225338979e-09
3.893977919e-13
1.222539577e-09
3.551677096e-13
1.219039478e-09
3.184389759e-13
1.214880275e-09
2.794393796e-13
1.210101442e-09
2.38147089e-13
1.204740913e-09
1.946504254e-13
1.198834693e-09
1.490524834e-13
1.192417323e-09
1.013354095e-13
1.185521723e-09
5.168661157e-14
1.178179227e-09
1.170419965e-09
2.391077095e-15
4.56274596e-11
9.360139083e-15
1.335129133e-10
2.05635054e-14
2.165005842e-10
3.562164676e-14
2.947941139e-10
5.414483996e-14
3.68590245e-10
7.571029939e-14
4.380789938e-10
9.988521483e-14
5.034437051e-10
1.262398391e-13
5.648613509e-10
1.543821313e-13
6.225024899e-10
1.838564151e-13
6.765316689e-10
2.142568677e-13
7.27107382e-10
2.452368846e-13
7.743822688e-10
2.763723758e-13
8.185033974e-10
3.073534804e-13
8.596122398e-10
3.37821186e-13
8.978449773e-10
3.674595103e-13
9.33332601e-10
3.960350139e-13
9.662009724e-10
4.232325321e-13
9.965712022e-10
4.488551112e-13
1.024559551e-09
4.726557506e-13
1.05027783e-09
4.944787283e-13
1.073833228e-09
5.141806447e-13
1.095328833e-09
5.315181364e-13
1.114863533e-09
5.46465806e-13
1.132532138e-09
5.587999222e-13
1.148425731e-09
5.685449773e-13
1.162631498e-09
5.755126767e-13
1.175233225e-09
5.797594591e-13
1.186311011e-09
5.812320742e-13
1.195941841e-09
5.798380911e-13
1.204199295e-09
5.756654718e-13
1.21115388e-09
5.685533098e-13
1.216873299e-09
5.586788933e-13
1.221422076e-09
5.459951872e-13
1.224862264e-09
5.305214248e-13
1.227253047e-09
5.123742712e-13
1.228651156e-09
4.91426704e-13
1.229110971e-09
4.678895272e-13
1.228684208e-09
4.416863169e-13
1.227420694e-09
4.129777153e-13
1.225367687e-09
3.818190504e-13
1.222570736e-09
3.481912451e-13
1.219073106e-09
3.12278761e-13
1.214916188e-09
2.739774264e-13
1.210139744e-09
2.335306671e-13
1.20478136e-09
1.908411277e-13
1.198877382e-09
1.461281483e-13
1.192462036e-09
9.935284675e-14
1.185568499e-09
5.062513028e-14
1.178227955e-09
1.17047059e-09
2.347809449e-15
4.562511179e-11
9.19264488e-15
1.335060685e-10
2.019671319e-14
2.164895801e-10
3.498932778e-14
2.947793213e-10
5.317632154e-14
3.68572058e-10
7.43481528e-14
4.38057822e-10
9.807982916e-14
5.034199734e-10
1.239856809e-13
5.64835445e-10
1.516121539e-13
6.224748635e-10
1.805455936e-13
6.765027355e-10
2.104340815e-13
7.270774935e-10
2.408431031e-13
7.743518597e-10
2.714442589e-13
8.184727962e-10
3.018743237e-13
8.595818098e-10
3.317793189e-13
8.978150723e-10
3.609382117e-13
9.333034421e-10
3.889894614e-13
9.661729211e-10
4.157485426e-13
9.965444431e-10
4.408886859e-13
1.024534411e-09
4.643148958e-13
1.050254403e-09
4.857510495e-13
1.073811792e-09
5.050895033e-13
1.095309494e-09
5.22155923e-13
1.114846467e-09
5.368043098e-13
1.13251749e-09
5.490017921e-13
1.148413534e-09
5.585270809e-13
1.162621973e-09
5.654461161e-13
1.175226306e-09
5.695663386e-13
1.18630689e-09
5.710019263e-13
1.195940405e-09
5.696709644e-13
1.204200626e-09
5.655044962e-13
1.211158046e-09
5.586089374e-13
1.216880194e-09
5.488515601e-13
1.221431833e-09
5.364093075e-13
1.224874706e-09
5.211973006e-13
1.227268259e-09
5.033001334e-13
1.228669053e-09
4.827948057e-13
1.229131476e-09
4.595949675e-13
1.228707408e-09
4.339173904e-13
1.227446372e-09
4.056488297e-13
1.225395956e-09
3.750240351e-13
1.22260136e-09
3.419911875e-13
1.219106139e-09
3.066451487e-13
1.214951534e-09
2.690922439e-13
1.210177296e-09
2.292906733e-13
1.204821161e-09
1.874615076e-13
1.198919211e-09
1.43479861e-13
1.192506017e-09
9.759466535e-14
1.185614384e-09
4.968129396e-14
1.178275868e-09
1.170520272e-09
2.310891151e-15
4.56228009e-11
9.045834195e-15
1.334993335e-10
1.987415776e-14
2.164787518e-10
3.443073644e-14
2.947647647e-10
5.232360719e-14
3.685541651e-10
7.317897019e-14
4.380369666e-10
9.655551294e-14
5.033965968e-10
1.220419716e-13
5.648099585e-10
1.49222023e-13
6.224476834e-10
1.777308452e-13
6.764742267e-10
2.071316329e-13
7.270480927e-10
2.370847091e-13
7.743219067e-10
2.672094892e-13
8.184426715e-10
2.971381904e-13
8.595518811e-10
3.266320329e-13
8.977855785e-10
3.553120375e-13
9.332747621e-10
3.829793263e-13
9.661452538e-10
4.092822762e-13
9.965181402e-10
4.34104049e-13
1.024509589e-09
4.571415748e-13
1.050231366e-09
4.78302219e-13
1.073790631e-09
4.972986386e-13
1.095290498e-09
5.141127512e-13
1.114829653e-09
5.285344112e-13
1.132503068e-09
5.404923181e-13
1.148401576e-09
5.499370222e-13
1.162612528e-09
5.566896314e-13
1.175219554e-09
5.608345741e-13
1.186302745e-09
5.621923509e-13
1.195939047e-09
5.60869986e-13
1.204201949e-09
5.567610402e-13
1.211162155e-09
5.499077518e-13
1.216887047e-09
5.403934827e-13
1.221441348e-09
5.280700924e-13
1.224887029e-09
5.131305165e-13
1.227283198e-09
4.954498669e-13
1.228686734e-09
4.752018165e-13
1.229151724e-09
4.523895789e-13
1.22873022e-09
4.270339135e-13
1.227471727e-09
3.993090559e-13
1.225423681e-09
3.690798949e-13
1.22263159e-09
3.365927849e-13
1.219138626e-09
3.017501221e-13
1.214986377e-09
2.64759799e-13
1.210214287e-09
2.256005951e-13
1.204860321e-09
1.843740703e-13
1.198960438e-09
1.411559497e-13
1.192549236e-09
9.594695489e-14
1.185659593e-09
4.891488366e-14
1.1783229e-09
1.170569186e-09
2.279011566e-15
4.562052189e-11
8.92079576e-15
1.334926917e-10
1.960640647e-14
2.164680662e-10
3.397891606e-14
2.947503922e-10
5.164691215e-14
3.685364971e-10
7.22132059e-14
4.380164003e-10
9.52670863e-14
5.03373543e-10
1.204284458e-13
5.647847972e-10
1.472676497e-13
6.224208442e-10
1.753779293e-13
6.764461164e-10
2.044147046e-13
7.270190559e-10
2.339691519e-13
7.742923522e-10
2.636676888e-13
8.184129729e-10
2.932544458e-13
8.595222943e-10
3.223324962e-13
8.977565004e-10
3.506881638e-13
9.332464064e-10
3.7794439e-13
9.661179976e-10
4.039653287e-13
9.964921192e-10
4.284281266e-13
1.024485127e-09
4.5123194e-13
1.050208562e-09
4.72060451e-13
1.073769803e-09
4.908804866e-13
1.095271678e-09
5.074190573e-13
1.114813114e-09
5.216817046e-13
1.132488805e-09
5.33439899e-13
1.148389817e-09
5.427183733e-13
1.16260325e-09
5.49413184e-13
1.175212859e-09
5.534443812e-13
1.186298714e-09
5.548669983e-13
1.195937625e-09
5.534770062e-13
1.204203339e-09
5.494448535e-13
1.211166188e-09
5.42645164e-13
1.216893847e-09
5.33183089e-13
1.22145081e-09
5.21067197e-13
1.224899145e-09
5.062350341e-13
1.227298031e-09
4.888551929e-13
1.228704113e-09
4.687831277e-13
1.229171796e-09
4.462632957e-13
1.22875274e-09
4.212266894e-13
1.227496764e-09
3.937895006e-13
1.225451118e-09
3.640127202e-13
1.222661366e-09
3.318810387e-13
1.219170758e-09
2.976009816e-13
1.215020657e-09
2.610354472e-13
1.210250852e-09
2.224602799e-13
1.204898896e-09
1.817470064e-13
1.199001151e-09
1.39135668e-13
1.192591847e-09
9.455623352e-14
1.185704172e-09
4.81799156e-14
1.178369277e-09
1.170617366e-09
2.25682314e-15
4.561826506e-11
8.833280601e-15
1.334861153e-10
1.940653123e-14
2.164574929e-10
3.362118985e-14
2.947361775e-10
5.109669366e-14
3.685190216e-10
7.143796611e-14
4.37996059e-10
9.427197824e-14
5.033507089e-10
1.191589074e-13
5.647599103e-10
1.456966723e-13
6.223943064e-10
1.735474486e-13
6.764182656e-10
2.022661221e-13
7.269903373e-10
2.314805844e-13
7.742631378e-10
2.609182374e-13
8.183835353e-10
2.901645814e-13
8.59493048e-10
3.189933036e-13
8.977276717e-10
3.470041311e-13
9.332183956e-10
3.740093025e-13
9.660909924e-10
3.997276378e-13
9.964664009e-10
4.239746952e-13
1.02446088e-09
4.46484846e-13
1.050186052e-09
4.671467069e-13
1.073749141e-09
4.857085966e-13
1.095253116e-09
5.021438117e-13
1.114796679e-09
5.161832635e-13
1.132474766e-09
5.278753335e-13
1.148378125e-09
5.369806872e-13
1.162594144e-09
5.435973708e-13
1.175206242e-09
5.475733834e-13
1.186294738e-09
5.488902313e-13
1.195936308e-09
5.475729852e-13
1.204204656e-09
5.4349875e-13
1.211170262e-09
5.368225607e-13
1.216900523e-09
5.273712987e-13
1.221460261e-09
5.153398007e-13
1.224911177e-09
5.006532975e-13
1.227312717e-09
4.833580384e-13
1.228721409e-09
4.635724167e-13
1.229191582e-09
4.412014045e-13
1.228775111e-09
4.164753303e-13
1.22752149e-09
3.892501526e-13
1.225478343e-09
3.597688341e-13
1.222690848e-09
3.279815096e-13
1.219202545e-09
2.939990468e-13
1.215054639e-09
2.578985339e-13
1.210286953e-09
2.196865076e-13
1.204937108e-09
1.795313757e-13
1.199041306e-09
1.373467657e-13
1.192634032e-09
9.338704371e-14
1.185748132e-09
4.751526131e-14
1.178415149e-09
1.170664882e-09
2.23824421e-15
4.561602682e-11
8.761953211e-15
1.334795916e-10
1.924867344e-14
2.164470062e-10
3.335052042e-14
2.947220757e-10
5.070626276e-14
3.685016659e-10
7.090326732e-14
4.37975862e-10
9.354450304e-14
5.033280677e-10
1.182212746e-13
5.647352335e-10
1.445924626e-13
6.223679352e-10
1.722048922e-13
6.763906532e-10
2.006758012e-13
7.269618663e-10
2.297179061e-13
7.742340956e-10
2.58902354e-13
8.183543508e-10
2.879609538e-13
8.594639894e-10
3.165274988e-13
8.976991051e-10
3.443209679e-13
9.331906021e-10
3.711272159e-13
9.660641862e-10
3.966389399e-13
9.964408892e-10
4.206947387e-13
1.024436824e-09
4.430145866e-13
1.050163732e-09
4.634895151e-13
1.073728666e-09
4.819130994e-13
1.095234693e-09
4.981525064e-13
1.11478044e-09
5.121251719e-13
1.132460793e-09
5.236432898e-13
1.148366607e-09
5.327542704e-13
1.162585033e-09
5.392365165e-13
1.17519976e-09
5.431906818e-13
1.186290784e-09
5.444191021e-13
1.195935079e-09
5.430463769e-13
1.204206029e-09
5.390154836e-13
1.211174293e-09
5.322907096e-13
1.216907248e-09
5.2299281e-13
1.221469559e-09
5.109457498e-13
1.224923224e-09
4.963708842e-13
1.227327292e-09
4.791445388e-13
1.228738635e-09
4.594427078e-13
1.229211283e-09
4.372723617e-13
1.228797281e-09
4.126499937e-13
1.227546112e-09
3.857282737e-13
1.225505265e-09
3.564043148e-13
1.222720172e-09
3.249319568e-13
1.219234018e-09
2.911698882e-13
1.215088401e-09
2.553936709e-13
1.210322729e-09
2.175156391e-13
1.204974986e-09
1.776982461e-13
1.199081124e-09
1.359554105e-13
1.192675774e-09
9.238239138e-14
1.185791705e-09
4.705377419e-14
1.178460477e-09
1.170711935e-09
2.229073476e-15
4.561379775e-11
8.724878474e-15
1.334730958e-10
1.916757578e-14
2.164365635e-10
3.320553982e-14
2.947080377e-10
5.046446787e-14
3.68484407e-10
7.055245004e-14
4.379557741e-10
9.308402069e-14
5.033055361e-10
1.176740553e-13
5.647106435e-10
1.438930777e-13
6.223417162e-10
1.713445487e-13
6.763632017e-10
1.997277162e-13
7.269334832e-10
2.286009919e-13
7.742052224e-10
2.576621854e-13
8.183252896e-10
2.865629723e-13
8.594350886e-10
3.14946755e-13
8.976707214e-10
3.426459257e-13
9.331629029e-10
3.692802915e-13
9.660375518e-10
3.947124591e-13
9.96415457e-10
4.185858349e-13
1.02441295e-09
4.408366077e-13
1.050141481e-09
4.611410882e-13
1.073708362e-09
4.794804009e-13
1.095216353e-09
4.955779692e-13
1.114764342e-09
5.094371938e-13
1.132446934e-09
5.20883937e-13
1.148355161e-09
5.298658008e-13
1.162576052e-09
5.363561429e-13
1.175193269e-09
5.401761334e-13
1.186286964e-09
5.414489045e-13
1.195933807e-09
5.399792661e-13
1.204207498e-09
5.359412891e-13
1.211178331e-09
5.292013737e-13
1.216913988e-09
5.19838088e-13
1.221478922e-09
5.078774446e-13
1.224935184e-09
4.932593257e-13
1.22734191e-09
4.761758589e-13
1.228755718e-09
4.564737745e-13
1.229230986e-09
4.344094496e-13
1.228819346e-09
4.098723727e-13
1.22757065e-09
3.830247502e-13
1.225532112e-09
3.538947843e-13
1.222749302e-09
3.225182275e-13
1.219265394e-09
2.890488666e-13
1.215121871e-09
2.534214728e-13
1.210358356e-09
2.158762612e-13
1.205012531e-09
1.762654993e-13
1.199120734e-09
1.348859436e-13
1.192717154e-09
9.159870297e-14
1.185834992e-09
4.667515536e-14
1.178505401e-09
1.170758611e-09
2.223944604e-15
4.56115738e-11
8.705392851e-15
1.334666143e-10
1.912546006e-14
2.164261434e-10
3.313175562e-14
2.946940314e-10
5.034981374e-14
3.684671889e-10
7.042457897e-14
4.379356993e-10
9.292056765e-14
5.032830401e-10
1.174404466e-13
5.646861236e-10
1.435937964e-13
6.223155629e-10
1.710353015e-13
6.763357602e-10
1.993305872e-13
7.269051879e-10
2.281500035e-13
7.74176403e-10
2.571460961e-13
8.182962935e-10
2.859331288e-13
8.594063015e-10
3.143166412e-13
8.976423379e-10
3.419005079e-13
9.331353191e-10
3.685318407e-13
9.660109205e-10
3.938250901e-13
9.963901638e-10
4.176995544e-13
1.024389076e-09
4.398087503e-13
1.050119372e-09
4.601191504e-13
1.073688051e-09
4.78312977e-13
1.095198159e-09
4.944138585e-13
1.114748241e-09
5.081348007e-13
1.132433213e-09
5.195523146e-13
1.148343743e-09
5.284338634e-13
1.16256717e-09
5.348263675e-13
1.175186877e-09
5.38609798e-13
1.186283181e-09
5.397652034e-13
1.195932651e-09
5.383447278e-13
1.204208919e-09
5.341926845e-13
1.211182483e-09
5.274810963e-13
1.2169207e-09
5.18019895e-13
1.221488383e-09
5.060224414e-13
1.224947182e-09
4.914033304e-13
1.227356529e-09
4.742498255e-13
1.228772872e-09
4.546453252e-13
1.22925059e-09
4.325282809e-13
1.228841463e-09
4.081116054e-13
1.227595066e-09
3.81246478e-13
1.225558977e-09
3.522127205e-13
1.222778335e-09
3.208983165e-13
1.219296709e-09
2.875152719e-13
1.215155254e-09
2.520410142e-13
1.210393831e-09
2.145814313e-13
1.205049991e-09
1.752143232e-13
1.199160101e-09
1.339799189e-13
1.192758388e-09
9.101419097e-14
1.185877958e-09
4.629497619e-14
1.17855012e-09
1.170804905e-09
2.22434065e-15
8.708555992e-15
1.913851881e-14
3.317165833e-14
5.041905322e-14
7.049241196e-14
9.298975453e-14
1.175374563e-13
1.437389757e-13
1.711734229e-13
1.994922685e-13
2.28335793e-13
2.572987566e-13
2.861630412e-13
3.145140063e-13
3.421447951e-13
3.687207283e-13
3.940311186e-13
4.178423972e-13
4.399585548e-13
4.601841875e-13
4.783918614e-13
4.943879506e-13
5.081485362e-13
5.194527345e-13
5.283663653e-13
5.346231644e-13
5.383783277e-13
5.394450142e-13
5.379219018e-13
5.337454166e-13
5.268924711e-13
5.17469693e-13
5.053309883e-13
4.907100718e-13
4.734558906e-13
4.537924594e-13
1.229270253e-09
4.316528225e-13
1.228863602e-09
4.071387428e-13
1.22761958e-09
3.803359962e-13
1.22558578e-09
3.512257079e-13
1.222807446e-09
3.20018802e-13
1.219327915e-09
2.865977991e-13
1.215188675e-09
2.512377983e-13
1.210429191e-09
2.137876207e-13
1.205087441e-09
1.74552732e-13
1.199199336e-09
1.33419204e-13
1.192799522e-09
9.061587655e-14
1.185920761e-09
4.608077843e-14
1.178594655e-09
1.170850986e-09
4.538332388e-13
4.316622006e-13
4.070060048e-13
3.801303468e-13
3.509548503e-13
3.196483812e-13
2.862344634e-13
2.507825248e-13
2.13415168e-13
1.741382587e-13
1.331324537e-13
9.034255094e-14
4.599340647e-14
)
;

boundaryField
{
    front_top
    {
        type            wedge;
        value           nonuniform List<scalar> 
1166
(
-4.329529864e-25
9.721721774e-26
3.105678792e-25
-5.187052188e-25
-4.944284562e-25
-1.966744356e-25
-1.989013549e-25
-2.305999951e-25
-1.603293981e-25
-4.387159173e-25
-4.662267827e-25
1.205185775e-25
8.63188324e-26
-2.931747596e-25
4.243330221e-25
-8.699378737e-26
-1.076809955e-24
-1.112635677e-25
-1.516908361e-25
-2.960000176e-25
9.273271431e-26
-2.734098687e-25
8.305009341e-26
6.168941384e-25
-1.553423278e-24
-1.336152161e-24
-1.37834222e-24
-1.650222555e-24
-1.522479904e-24
-1.358818229e-24
-1.354049847e-24
-1.426008711e-24
-1.182006804e-24
-1.207409229e-24
-1.287724416e-24
-1.140055328e-24
-1.226867466e-24
-1.542741947e-24
-9.781562375e-25
-8.138769383e-25
-1.244093436e-24
-8.526017372e-25
-1.029529899e-24
-1.465166086e-24
-1.188087875e-24
-5.399125452e-25
-3.973302123e-25
-6.546516533e-25
4.127477869e-24
3.679348554e-24
3.594179437e-24
3.651557586e-24
3.560512067e-24
3.386481155e-24
3.059842418e-24
3.366621824e-24
3.393082709e-24
3.083510849e-24
2.776102188e-24
2.527715859e-24
2.544980012e-24
2.635810766e-24
2.63640644e-24
2.775500761e-24
2.990880411e-24
2.598673966e-24
2.280285037e-24
2.505018643e-24
2.897075011e-24
2.850416882e-24
2.51265675e-24
-3.426711544e-24
-3.951144468e-24
-3.51340879e-24
-3.128710985e-24
-3.095730266e-24
-3.091258567e-24
-3.09306967e-24
-2.669941093e-24
-2.678958993e-24
-2.583961493e-24
-3.07271062e-24
-3.278446096e-24
-2.720931767e-24
-2.776414442e-24
-2.376115114e-24
-2.082112858e-24
-2.118254483e-24
-2.295162776e-24
-2.568983012e-24
-2.246649466e-24
-1.852121047e-24
-2.028858745e-24
-2.197637625e-24
4.872143856e-24
4.339121589e-24
4.697126015e-24
4.7288084e-24
4.430489524e-24
4.193493763e-24
4.015171683e-24
4.052998845e-24
3.911474296e-24
3.903924355e-24
3.539644774e-24
3.009480049e-24
2.959751731e-24
3.203274657e-24
3.514303255e-24
3.490500175e-24
3.402027716e-24
3.247114553e-24
3.070257422e-24
3.187526224e-24
3.371493384e-24
3.272373397e-24
3.14002096e-24
1.520672493e-24
1.338702553e-24
1.512269211e-24
1.557714298e-24
1.422863214e-24
1.257652389e-24
1.165827768e-24
1.200745016e-24
1.141659773e-24
1.146774471e-24
1.00442477e-24
7.283497228e-25
6.839677605e-25
8.762299464e-25
1.099012817e-24
1.145099502e-24
1.124466768e-24
1.06439267e-24
9.636417252e-25
1.016462586e-24
1.152674537e-24
1.066611793e-24
8.921724667e-25
-3.863059999e-24
-3.721546205e-24
-3.558241041e-24
-3.416786915e-24
-3.366210696e-24
-3.419115757e-24
-3.38297363e-24
-3.256242962e-24
-3.210377191e-24
-3.100005456e-24
-3.022387304e-24
-3.108940229e-24
-3.094504206e-24
-2.872636035e-24
-2.641610404e-24
-2.525166328e-24
-2.466918437e-24
-2.425620934e-24
-2.487139669e-24
-2.45836194e-24
-2.280921767e-24
-2.389531596e-24
-2.673284387e-24
-3.458418735e-23
-3.350298709e-23
-3.244415891e-23
-3.148202794e-23
-3.05634032e-23
-2.986907254e-23
-2.90781761e-23
-2.823085921e-23
-2.75299928e-23
-2.676062084e-23
-2.596355967e-23
-2.54508032e-23
-2.495502629e-23
-2.426714818e-23
-2.36406346e-23
-2.315300152e-23
-2.276000373e-23
-2.238592518e-23
-2.226958922e-23
-2.214445017e-23
-2.174480032e-23
-2.186787665e-23
-2.218405844e-23
4.996511586e-23
4.856458918e-23
4.717485933e-23
4.572536539e-23
4.429077335e-23
4.294962839e-23
4.164151868e-23
4.038480176e-23
3.912337059e-23
3.810762642e-23
3.736664605e-23
3.630825562e-23
3.528579539e-23
3.469154496e-23
3.412389541e-23
3.355997319e-23
3.305755115e-23
3.26491476e-23
3.224500532e-23
3.19906093e-23
3.197398758e-23
3.190015158e-23
3.176572762e-23
-1.05744306e-24
-8.425680303e-25
-7.364553605e-25
-8.008683768e-25
-8.231918462e-25
-8.026326151e-25
-8.527673566e-25
-9.858490736e-25
-1.085009884e-24
-1.023727653e-24
-8.793997044e-25
-9.37905735e-25
-9.884259934e-25
-8.131569888e-25
-6.760852948e-25
-6.351837122e-25
-6.108226308e-25
-5.91185448e-25
-6.115848939e-25
-5.893705285e-25
-5.056287743e-25
-5.129438692e-25
-5.995539793e-25
-3.155325661e-23
-3.047180076e-23
-2.946256067e-23
-2.864319592e-23
-2.781659328e-23
-2.695520189e-23
-2.624920907e-23
-2.57506708e-23
-2.517179912e-23
-2.446128386e-23
-2.378233808e-23
-2.325170998e-23
-2.273323505e-23
-2.205842864e-23
-2.148797707e-23
-2.110798016e-23
-2.077361594e-23
-2.049704492e-23
-2.029354499e-23
-2.010369836e-23
-1.994531656e-23
-1.992047932e-23
-1.999222556e-23
1.833576216e-23
1.791804428e-23
1.751901451e-23
1.695020482e-23
1.645093756e-23
1.60091199e-23
1.548817901e-23
1.485840504e-23
1.430576646e-23
1.389907886e-23
1.353798666e-23
1.314674599e-23
1.28254878e-23
1.279715998e-23
1.271088103e-23
1.241572926e-23
1.221455647e-23
1.204979431e-23
1.190818451e-23
1.18612115e-23
1.186076052e-23
1.180370672e-23
1.17648403e-23
-7.207790839e-24
-6.983955395e-24
-6.588140633e-24
-6.315224132e-24
-6.184013293e-24
-5.958117577e-24
-5.831030671e-24
-5.83435306e-24
-5.836027815e-24
-5.744742398e-24
-5.635870216e-24
-5.575697092e-24
-5.34512249e-24
-5.00128523e-24
-4.816474774e-24
-4.754522409e-24
-4.687996043e-24
-4.631226927e-24
-4.607893966e-24
-4.506368677e-24
-4.410650216e-24
-4.458630702e-24
-4.500407663e-24
-4.923311005e-23
-4.781862982e-23
-4.618356236e-23
-4.467617111e-23
-4.343495558e-23
-4.216095845e-23
-4.09775567e-23
-3.991575327e-23
-3.893817826e-23
-3.798033862e-23
-3.714229112e-23
-3.629829283e-23
-3.531404696e-23
-3.436914574e-23
-3.359489134e-23
-3.300512088e-23
-3.249646886e-23
-3.206982155e-23
-3.170579721e-23
-3.144473328e-23
-3.126829419e-23
-3.121317555e-23
-3.125925341e-23
1.312333469e-23
1.271424883e-23
1.251189508e-23
1.225320586e-23
1.187187748e-23
1.151291971e-23
1.117451537e-23
1.082989728e-23
1.038195805e-23
9.96821418e-24
9.633222099e-24
9.359821033e-24
9.225696487e-24
9.18546221e-24
9.106436978e-24
8.927333923e-24
8.77966495e-24
8.661053151e-24
8.579959788e-24
8.544584435e-24
8.530311228e-24
8.485469122e-24
8.481282277e-24
9.60815213e-23
9.322682095e-23
9.063196449e-23
8.80507083e-23
8.54729222e-23
8.295334383e-23
8.058621478e-23
7.830291629e-23
7.601510368e-23
7.386263031e-23
7.188001467e-23
7.008809566e-23
6.850545621e-23
6.718166928e-23
6.597346228e-23
6.475639818e-23
6.37393886e-23
6.289743549e-23
6.223037849e-23
6.179343575e-23
6.151782442e-23
6.134142872e-23
6.13866433e-23
9.100727126e-24
8.748168452e-24
8.685374132e-24
8.51880789e-24
8.249830381e-24
7.997038903e-24
7.805993047e-24
7.5982683e-24
7.259331259e-24
6.951911272e-24
6.676282791e-24
6.488641842e-24
6.400741517e-24
6.380734202e-24
6.356537278e-24
6.209165548e-24
6.114213782e-24
6.032358928e-24
5.938975805e-24
5.964130686e-24
5.985520584e-24
5.931163288e-24
5.944928424e-24
-1.530144748e-23
-1.494838408e-23
-1.432159526e-23
-1.381532913e-23
-1.346597534e-23
-1.307207545e-23
-1.262798563e-23
-1.227068663e-23
-1.202914524e-23
-1.176015372e-23
-1.163244561e-23
-1.13719132e-23
-1.101258242e-23
-1.069057004e-23
-1.038366504e-23
-1.025521469e-23
-1.007510406e-23
-9.93310337e-24
-9.853784457e-24
-9.719427442e-24
-9.645925237e-24
-9.635948947e-24
-9.626831349e-24
-1.560144386e-22
-1.514576637e-22
-1.468380273e-22
-1.424629701e-22
-1.383548989e-22
-1.34318546e-22
-1.303648103e-22
-1.267054281e-22
-1.233023393e-22
-1.200717044e-22
-1.171217428e-22
-1.142696624e-22
-1.115996803e-22
-1.091109839e-22
-1.068918828e-22
-1.05022485e-22
-1.033754822e-22
-1.020343617e-22
-1.009621343e-22
-1.001122758e-22
-9.957710435e-23
-9.936920644e-23
-9.941268133e-23
8.234089828e-23
7.985934461e-23
7.760784284e-23
7.53200345e-23
7.301062622e-23
7.096711966e-23
6.905681708e-23
6.705781875e-23
6.520554965e-23
6.343749424e-23
6.165682555e-23
6.016620081e-23
5.882803721e-23
5.759345518e-23
5.649694696e-23
5.551552685e-23
5.464392911e-23
5.391572552e-23
5.335676677e-23
5.296357753e-23
5.273274627e-23
5.258845585e-23
5.258353962e-23
-2.453249514e-23
-2.38668312e-23
-2.30415307e-23
-2.23980883e-23
-2.186072981e-23
-2.112363792e-23
-2.04106379e-23
-1.989355559e-23
-1.936921866e-23
-1.88652713e-23
-1.849027464e-23
-1.804679062e-23
-1.75925885e-23
-1.720219271e-23
-1.682816684e-23
-1.650641913e-23
-1.625519463e-23
-1.604000001e-23
-1.587323544e-23
-1.57321832e-23
-1.561548562e-23
-1.558275169e-23
-1.563710617e-23
-3.477693756e-23
-3.380345242e-23
-3.273707799e-23
-3.179617968e-23
-3.093716041e-23
-2.998439356e-23
-2.904659556e-23
-2.826824773e-23
-2.748577554e-23
-2.676636518e-23
-2.620317744e-23
-2.554925072e-23
-2.492375944e-23
-2.441067827e-23
-2.389240913e-23
-2.343388822e-23
-2.307713401e-23
-2.275806334e-23
-2.253142295e-23
-2.234931855e-23
-2.219150269e-23
-2.214744076e-23
-2.218387223e-23
1.492388163e-23
1.44225999e-23
1.403035761e-23
1.359869787e-23
1.315423396e-23
1.279232944e-23
1.249440126e-23
1.214464421e-23
1.179355822e-23
1.147609321e-23
1.111671697e-23
1.08389745e-23
1.061004806e-23
1.034738293e-23
1.018547166e-23
1.005285387e-23
9.887434452e-24
9.778628342e-24
9.665798179e-24
9.594474148e-24
9.5853138e-24
9.542111177e-24
9.502954216e-24
2.318757446e-23
2.245776746e-23
2.180964629e-23
2.115213463e-23
2.050297838e-23
1.99229972e-23
1.939293379e-23
1.885302218e-23
1.831547047e-23
1.783767306e-23
1.735652555e-23
1.69100053e-23
1.653597691e-23
1.613535905e-23
1.585248447e-23
1.562429623e-23
1.537399436e-23
1.518513987e-23
1.503233422e-23
1.493292481e-23
1.48708959e-23
1.481819045e-23
1.479463831e-23
-5.402831912e-23
-5.246078603e-23
-5.090282854e-23
-4.941530093e-23
-4.799013862e-23
-4.659251243e-23
-4.524504754e-23
-4.397368906e-23
-4.278698359e-23
-4.165183847e-23
-4.060541305e-23
-3.964130425e-23
-3.872975245e-23
-3.793518869e-23
-3.717178211e-23
-3.649093527e-23
-3.591485039e-23
-3.542266333e-23
-3.504013146e-23
-3.473825397e-23
-3.453732187e-23
-3.445569262e-23
-3.446254904e-23
6.98563637e-23
6.776264997e-23
6.575840816e-23
6.381000188e-23
6.192912298e-23
6.013838584e-23
5.843549175e-23
5.681777894e-23
5.525341166e-23
5.379833189e-23
5.24449019e-23
5.113769645e-23
4.995023416e-23
4.887242978e-23
4.792748235e-23
4.708523542e-23
4.637949449e-23
4.580402201e-23
4.532293844e-23
4.498102767e-23
4.474966584e-23
4.461180165e-23
4.458389189e-23
1.101095719e-22
1.06827423e-22
1.036655102e-22
1.006032819e-22
9.765005741e-23
9.482118943e-23
9.212971537e-23
8.958346619e-23
8.711857722e-23
8.482661099e-23
8.270925971e-23
8.066359437e-23
7.8794479e-23
7.710753938e-23
7.56050713e-23
7.426711911e-23
7.313926401e-23
7.221162852e-23
7.145393725e-23
7.090470135e-23
7.054444516e-23
7.030761374e-23
7.024428032e-23
-3.934361722e-23
-3.820006385e-23
-3.707470139e-23
-3.599157867e-23
-3.495484848e-23
-3.395960804e-23
-3.298625735e-23
-3.20307603e-23
-3.119397762e-23
-3.037813173e-23
-2.955422211e-23
-2.888400445e-23
-2.825660952e-23
-2.765306287e-23
-2.711910783e-23
-2.664730256e-23
-2.620211445e-23
-2.582626884e-23
-2.553778883e-23
-2.529480937e-23
-2.512317005e-23
-2.508333242e-23
-2.510545576e-23
-6.390091138e-23
-6.203544311e-23
-6.020640053e-23
-5.844014596e-23
-5.675236267e-23
-5.513519909e-23
-5.356218523e-23
-5.202738059e-23
-5.064076309e-23
-4.931834258e-23
-4.803435409e-23
-4.690921804e-23
-4.586344714e-23
-4.488446574e-23
-4.401563818e-23
-4.325917369e-23
-4.254501788e-23
-4.194429342e-23
-4.149794366e-23
-4.112368458e-23
-4.085253779e-23
-4.07579543e-23
-4.076628302e-23
-2.864973191e-23
-2.783843118e-23
-2.70205448e-23
-2.622543964e-23
-2.548170586e-23
-2.476366895e-23
-2.405418825e-23
-2.334740665e-23
-2.273565301e-23
-2.214767401e-23
-2.156005376e-23
-2.107322857e-23
-2.060222607e-23
-2.016648797e-23
-1.979554173e-23
-1.946318482e-23
-1.91121881e-23
-1.881762261e-23
-1.863319195e-23
-1.84440357e-23
-1.829212325e-23
-1.82578519e-23
-1.827533857e-23
-6.892238813e-23
-6.693253403e-23
-6.496529178e-23
-6.305220185e-23
-6.123747389e-23
-5.948948508e-23
-5.779777476e-23
-5.616450685e-23
-5.465491493e-23
-5.322995047e-23
-5.185856877e-23
-5.06357243e-23
-4.948541315e-23
-4.84484055e-23
-4.75307777e-23
-4.669221805e-23
-4.592770978e-23
-4.527923869e-23
-4.481056556e-23
-4.440752622e-23
-4.409961557e-23
-4.396409134e-23
-4.395713344e-23
1.077717991e-23
1.040746118e-23
1.008789787e-23
9.795933611e-24
9.498226521e-24
9.219665091e-24
8.954896745e-24
8.728234444e-24
8.487804889e-24
8.252440988e-24
8.07545847e-24
7.8523507e-24
7.660624286e-24
7.489609239e-24
7.32477636e-24
7.192233621e-24
7.111329176e-24
7.063092656e-24
6.961085421e-24
6.923809337e-24
6.925507227e-24
6.900186479e-24
6.877898886e-24
1.187448884e-22
1.151769973e-22
1.117915792e-22
1.085195593e-22
1.053484562e-22
1.023174906e-22
9.941608122e-23
9.668852263e-23
9.406931869e-23
9.158714934e-23
8.931276127e-23
8.714106234e-23
8.513650118e-23
8.332617546e-23
8.168936505e-23
8.023927243e-23
7.902408688e-23
7.801160805e-23
7.713798521e-23
7.649855252e-23
7.606873922e-23
7.580238882e-23
7.570036225e-23
3.511175744e-23
3.402088971e-23
3.302819772e-23
3.206234028e-23
3.111407293e-23
3.02188467e-23
2.93608063e-23
2.857527574e-23
2.778834215e-23
2.703969425e-23
2.639512749e-23
2.574830867e-23
2.514632691e-23
2.460283517e-23
2.41099758e-23
2.367397657e-23
2.334693798e-23
2.30778036e-23
2.280163757e-23
2.261669534e-23
2.250086239e-23
2.242357914e-23
2.239039885e-23
-7.478322174e-23
-7.262328891e-23
-7.048140529e-23
-6.842514748e-23
-6.645128656e-23
-6.454663282e-23
-6.272922488e-23
-6.097208869e-23
-5.934366456e-23
-5.782229937e-23
-5.633769662e-23
-5.498108642e-23
-5.375405244e-23
-5.26250391e-23
-5.160348971e-23
-5.070267303e-23
-4.987320817e-23
-4.916381381e-23
-4.863507459e-23
-4.820792215e-23
-4.788731987e-23
-4.769465117e-23
-4.761948029e-23
7.586163034e-23
7.358477457e-23
7.142248221e-23
6.931405339e-23
6.730529211e-23
6.538346618e-23
6.353772635e-23
6.180992187e-23
6.013531457e-23
5.853369615e-23
5.707919697e-23
5.572791272e-23
5.445402945e-23
5.328338579e-23
5.224241569e-23
5.131624192e-23
5.053896465e-23
4.988571881e-23
4.931696468e-23
4.888624759e-23
4.859124531e-23
4.84041526e-23
4.832358386e-23
2.874492515e-23
2.786398975e-23
2.703273118e-23
2.621301991e-23
2.546669207e-23
2.474643173e-23
2.404436786e-23
2.340487394e-23
2.277198367e-23
2.214256126e-23
2.159043454e-23
2.110197141e-23
2.061462147e-23
2.015942378e-23
1.9770951e-23
1.942455843e-23
1.913559377e-23
1.889874144e-23
1.867970719e-23
1.851168092e-23
1.840776786e-23
1.833999032e-23
1.830872751e-23
1.830891685e-23
-1.067921726e-22
-1.036842102e-22
-1.006712454e-22
-9.776312293e-23
-9.492405521e-23
-9.221000296e-23
-8.962669253e-23
-8.713963246e-23
-8.479748396e-23
-8.262953038e-23
-8.057142875e-23
-7.861725388e-23
-7.683861032e-23
-7.522633263e-23
-7.375984893e-23
-7.244214922e-23
-7.128309642e-23
-7.029365048e-23
-6.949913247e-23
-6.887824211e-23
-6.840240201e-23
-6.809619192e-23
-6.794568964e-23
-6.795137504e-23
3.117412335e-23
3.021431462e-23
2.929291138e-23
2.841941658e-23
2.761343553e-23
2.683049569e-23
2.607980084e-23
2.538329649e-23
2.470559488e-23
2.403734497e-23
2.342505395e-23
2.288569916e-23
2.236878973e-23
2.188485665e-23
2.14481905e-23
2.108459866e-23
2.076451197e-23
2.048480907e-23
2.025862948e-23
2.006865033e-23
1.994263906e-23
1.986398276e-23
1.982393055e-23
1.979859141e-23
-3.140698343e-23
-3.053820587e-23
-2.96783836e-23
-2.882983683e-23
-2.799139514e-23
-2.719434234e-23
-2.642705487e-23
-2.568827939e-23
-2.500769385e-23
-2.437272388e-23
-2.377298263e-23
-2.319834455e-23
-2.2671775e-23
-2.21958584e-23
-2.176755743e-23
-2.137508171e-23
-2.102215135e-23
-2.072007736e-23
-2.046977249e-23
-2.028387585e-23
-2.013723933e-23
-2.003122585e-23
-1.996878323e-23
-1.997571605e-23
-2.045217363e-23
-1.990753863e-23
-1.936163789e-23
-1.880839722e-23
-1.826353423e-23
-1.774751791e-23
-1.724009787e-23
-1.675578905e-23
-1.632141817e-23
-1.59041497e-23
-1.550990516e-23
-1.513834758e-23
-1.479761464e-23
-1.448381688e-23
-1.420510692e-23
-1.395746238e-23
-1.372022821e-23
-1.351207787e-23
-1.334008258e-23
-1.321965743e-23
-1.312574991e-23
-1.304809673e-23
-1.300550334e-23
-1.300616762e-23
-3.514730451e-24
-3.471431165e-24
-3.407542098e-24
-3.311565345e-24
-3.215425266e-24
-3.125621014e-24
-3.025933867e-24
-2.9354303e-24
-2.873099258e-24
-2.795634367e-24
-2.721126924e-24
-2.661391451e-24
-2.605748375e-24
-2.544479529e-24
-2.499772999e-24
-2.472141031e-24
-2.414773658e-24
-2.358343393e-24
-2.317848203e-24
-2.297126364e-24
-2.282365211e-24
-2.259363207e-24
-2.249161331e-24
-2.254393179e-24
-9.7561947e-24
-9.536457269e-24
-9.299034563e-24
-9.026210744e-24
-8.769995329e-24
-8.523545386e-24
-8.272272962e-24
-8.042791143e-24
-7.849874726e-24
-7.636523781e-24
-7.433963528e-24
-7.268976284e-24
-7.113401435e-24
-6.949988875e-24
-6.818352356e-24
-6.725790563e-24
-6.596643459e-24
-6.475006928e-24
-6.386411631e-24
-6.322674072e-24
-6.279108098e-24
-6.235186887e-24
-6.213928359e-24
-6.210130915e-24
3.74384012e-25
2.943169692e-25
2.461480712e-25
2.473692888e-25
2.349708899e-25
2.263898788e-25
2.327239766e-25
2.281609935e-25
2.065389122e-25
2.158631417e-25
2.23785508e-25
2.031088368e-25
1.843149484e-25
2.016736835e-25
1.901275335e-25
1.497407138e-25
1.737003654e-25
2.030163127e-25
2.087269979e-25
2.060164906e-25
2.024733214e-25
2.122102078e-25
2.106553293e-25
2.067900515e-25
3.036281169e-23
2.941096804e-23
2.851906922e-23
2.770549028e-23
2.691042123e-23
2.614903991e-23
2.543619178e-23
2.474850533e-23
2.408146854e-23
2.347914005e-23
2.291253683e-23
2.235028321e-23
2.183122739e-23
2.138661389e-23
2.095475172e-23
2.054417937e-23
2.023300126e-23
1.997299492e-23
1.973936761e-23
1.95419876e-23
1.938244243e-23
1.928032817e-23
1.920566732e-23
1.916396505e-23
9.31469988e-25
8.434476495e-25
7.72745814e-25
7.595092252e-25
7.307852475e-25
7.040242398e-25
6.978113146e-25
6.780355395e-25
6.499513068e-25
6.561062318e-25
6.593055099e-25
6.169977989e-25
5.879459815e-25
5.928703518e-25
5.697590011e-25
5.342809217e-25
5.43601158e-25
5.598337196e-25
5.73197536e-25
5.696086788e-25
5.552048661e-25
5.633781707e-25
5.610788132e-25
5.556616212e-25
-1.636897581e-24
-1.652683459e-24
-1.651613939e-24
-1.593808345e-24
-1.555300602e-24
-1.515496738e-24
-1.463910099e-24
-1.42692816e-24
-1.395625452e-24
-1.33888435e-24
-1.279696518e-24
-1.277536949e-24
-1.270381007e-24
-1.225456105e-24
-1.211435587e-24
-1.212004208e-24
-1.177767945e-24
-1.139283785e-24
-1.097441425e-24
-1.082872138e-24
-1.089811743e-24
-1.070243715e-24
-1.062774958e-24
-1.065179614e-24
7.564631322e-24
7.282670602e-24
7.024435681e-24
6.835264908e-24
6.635458938e-24
6.447302172e-24
6.275174374e-24
6.102661257e-24
5.939029686e-24
5.805292929e-24
5.696378545e-24
5.529130117e-24
5.37480128e-24
5.280355373e-24
5.165429381e-24
5.04851905e-24
4.975409909e-24
4.92044842e-24
4.891065393e-24
4.843420396e-24
4.776154594e-24
4.756727357e-24
4.739951986e-24
4.719499658e-24
-1.084781852e-23
-1.058809666e-23
-1.033167475e-23
-1.002532642e-23
-9.748230855e-24
-9.478248652e-24
-9.207592822e-24
-8.966046406e-24
-8.730566963e-24
-8.484229211e-24
-8.23330523e-24
-8.07198657e-24
-7.922363702e-24
-7.727988414e-24
-7.580443311e-24
-7.463066735e-24
-7.32684415e-24
-7.195453741e-24
-7.061036223e-24
-6.974126869e-24
-6.936584538e-24
-6.872084436e-24
-6.829232101e-24
-6.809083467e-24
2.080731101e-24
1.96041827e-24
1.854031149e-24
1.811558804e-24
1.756042963e-24
1.705403758e-24
1.662404229e-24
1.608303508e-24
1.569727302e-24
1.552235542e-24
1.549948886e-24
1.473181415e-24
1.406335064e-24
1.40236731e-24
1.360233069e-24
1.310288019e-24
1.299250247e-24
1.295038397e-24
1.315822503e-24
1.309502105e-24
1.269620099e-24
1.266804826e-24
1.264496751e-24
1.258031564e-24
)
;
    }
    front_middle
    {
        type            wedge;
        value           nonuniform 0();
    }
    front_bottom
    {
        type            wedge;
        value           nonuniform 0();
    }
    back_top
    {
        type            wedge;
        value           nonuniform List<scalar> 
1166
(
1.706840279e-25
-3.514843604e-25
-5.572892845e-25
2.795988433e-25
2.625087025e-25
-2.837900947e-26
-1.949228339e-26
1.849781613e-26
-4.57197536e-26
2.383537167e-25
2.712468429e-25
-3.104270067e-25
-2.715301284e-25
1.123089141e-25
-6.013102601e-25
-8.639532492e-26
9.065224171e-25
-5.632729849e-26
-1.360186444e-26
1.323241926e-25
-2.550979159e-25
1.117258674e-25
-2.443809304e-25
-7.782881478e-25
-1.318103745e-24
-1.447925276e-24
-1.322597657e-24
-9.680437082e-25
-1.017031014e-24
-1.105711942e-24
-1.037653502e-24
-8.967870049e-25
-1.074599e-24
-9.869121454e-25
-8.476331792e-25
-9.397660066e-25
-8.015269904e-25
-4.380901526e-25
-9.599558223e-25
-1.084983681e-24
-6.208241243e-25
-9.826555602e-25
-7.809217125e-25
-3.269560631e-25
-5.896852168e-25
-1.230129102e-24
-1.368775519e-24
-1.112476977e-24
4.2050399e-24
4.402383669e-24
4.241724206e-24
3.94819796e-24
3.81475765e-24
3.770601905e-24
3.890581833e-24
3.385497108e-24
3.172267153e-24
3.304851691e-24
3.4456754e-24
3.539877107e-24
3.380027282e-24
3.160711174e-24
3.04237006e-24
2.801517126e-24
2.49692487e-24
2.815517332e-24
3.077430751e-24
2.809531441e-24
2.393306476e-24
2.427720202e-24
2.769253075e-24
-3.296172228e-24
-2.568609287e-24
-2.80940307e-24
-3.003656451e-24
-2.855387408e-24
-2.68428535e-24
-2.515567995e-24
-2.779027444e-24
-2.619287459e-24
-2.571409597e-24
-1.948433423e-24
-1.618291976e-24
-2.061086915e-24
-1.901520664e-24
-2.207149497e-24
-2.419030871e-24
-2.310984465e-24
-2.075326982e-24
-1.755317525e-24
-2.043384496e-24
-2.417730737e-24
-2.231335045e-24
-2.066295726e-24
5.392349372e-24
5.614895053e-24
4.957425107e-24
4.635699959e-24
4.656857888e-24
4.626430861e-24
4.549749492e-24
4.268635665e-24
4.179905036e-24
3.969246339e-24
4.128920038e-24
4.469176344e-24
4.344088923e-24
3.941061016e-24
3.486027375e-24
3.384123863e-24
3.363440255e-24
3.428880573e-24
3.534676036e-24
3.365761019e-24
3.150044788e-24
3.235183728e-24
3.373273582e-24
1.95052217e-24
2.027687337e-24
1.75308425e-24
1.609772925e-24
1.65076901e-24
1.725679495e-24
1.73128492e-24
1.614207744e-24
1.595355472e-24
1.516476458e-24
1.589722179e-24
1.801639142e-24
1.786887757e-24
1.540607675e-24
1.269206118e-24
1.180510268e-24
1.164432332e-24
1.194182409e-24
1.270909617e-24
1.200674888e-24
1.053559347e-24
1.135043779e-24
1.311283091e-24
-3.484469124e-24
-3.404703092e-24
-3.354615984e-24
-3.289332905e-24
-3.141175943e-24
-2.897465623e-24
-2.751238352e-24
-2.704223349e-24
-2.585022822e-24
-2.539450681e-24
-2.471025351e-24
-2.248752614e-24
-2.137956192e-24
-2.245512397e-24
-2.373743373e-24
-2.400049311e-24
-2.380777136e-24
-2.357834285e-24
-2.245427387e-24
-2.237326116e-24
-2.391693583e-24
-2.27342926e-24
-1.993237648e-24
-3.420364929e-23
-3.321825535e-23
-3.22796259e-23
-3.131051905e-23
-3.036848887e-23
-2.927860791e-23
-2.836298628e-23
-2.758324184e-23
-2.673833714e-23
-2.604902781e-23
-2.548044591e-23
-2.472162833e-23
-2.404447553e-23
-2.366230244e-23
-2.332828455e-23
-2.297155247e-23
-2.263961153e-23
-2.241179705e-23
-2.205102539e-23
-2.183139907e-23
-2.201405272e-23
-2.180078372e-23
-2.15167663e-23
5.041937655e-23
4.881255344e-23
4.728909052e-23
4.592385523e-23
4.464682282e-23
4.338596766e-23
4.220613622e-23
4.108766949e-23
4.00951971e-23
3.898521129e-23
3.773403603e-23
3.693674479e-23
3.624687742e-23
3.528133858e-23
3.444976815e-23
3.378080922e-23
3.322643495e-23
3.275577516e-23
3.246628137e-23
3.221525656e-23
3.191371392e-23
3.185646097e-23
3.203597679e-23
-4.694647124e-25
-6.386644691e-25
-7.005249858e-25
-5.933334812e-25
-5.298377119e-25
-5.108370047e-25
-4.228695271e-25
-2.536810239e-25
-1.202766169e-25
-1.492556615e-25
-2.632677815e-25
-1.765476236e-25
-9.998103758e-26
-2.515643465e-25
-3.673710547e-25
-3.895500547e-25
-3.978149058e-25
-4.041109641e-25
-3.731595797e-25
-3.876524595e-25
-4.665702951e-25
-4.572327936e-25
-3.713079997e-25
-3.09387354e-23
-3.015444837e-23
-2.935382814e-23
-2.842556341e-23
-2.756816203e-23
-2.681171857e-23
-2.596963339e-23
-2.499169852e-23
-2.417048037e-23
-2.355921599e-23
-2.299757022e-23
-2.237361963e-23
-2.182743383e-23
-2.153321243e-23
-2.123517995e-23
-2.084887402e-23
-2.052487983e-23
-2.025590912e-23
-2.00266665e-23
-1.990149918e-23
-1.986163845e-23
-1.980343507e-23
-1.975910365e-23
1.903514655e-23
1.833913187e-23
1.765758486e-23
1.718237573e-23
1.667559629e-23
1.615014378e-23
1.574602221e-23
1.549361602e-23
1.520943518e-23
1.482576208e-23
1.444497391e-23
1.414652795e-23
1.383158439e-23
1.328110828e-23
1.284841749e-23
1.268574007e-23
1.249365658e-23
1.233148614e-23
1.221485964e-23
1.207332962e-23
1.195540829e-23
1.196265212e-23
1.201616706e-23
-6.502544019e-24
-6.3183639e-24
-6.318371802e-24
-6.208656942e-24
-5.971039329e-24
-5.842355591e-24
-5.630306116e-24
-5.303560598e-24
-4.994955263e-24
-4.796314564e-24
-4.633219861e-24
-4.440583354e-24
-4.438001663e-24
-4.569687703e-24
-4.564230154e-24
-4.458425748e-24
-4.380542884e-24
-4.317479214e-24
-4.246052984e-24
-4.278640418e-24
-4.331015799e-24
-4.26417485e-24
-4.227556264e-24
-4.849028434e-23
-4.699995044e-23
-4.5817181e-23
-4.459963448e-23
-4.321396386e-23
-4.196328771e-23
-4.073095738e-23
-3.948848877e-23
-3.827883287e-23
-3.717158367e-23
-3.607312512e-23
-3.511651448e-23
-3.444039097e-23
-3.387437745e-23
-3.329345703e-23
-3.268714065e-23
-3.216770587e-23
-3.174031763e-23
-3.143064966e-23
-3.120135372e-23
-3.106590396e-23
-3.098500709e-23
-3.097366231e-23
1.393080101e-23
1.353639075e-23
1.295932535e-23
1.246428397e-23
1.211900186e-23
1.17796261e-23
1.14495963e-23
1.115651486e-23
1.099929696e-23
1.084186302e-23
1.064126363e-23
1.041650828e-23
1.009134378e-23
9.713588821e-24
9.417434947e-24
9.265781182e-24
9.129023199e-24
9.011629114e-24
8.906583452e-24
8.805801681e-24
8.733339195e-24
8.739932521e-24
8.75334134e-24
9.698278351e-23
9.410739882e-23
9.114443733e-23
8.83515155e-23
8.574786638e-23
8.328722492e-23
8.088612749e-23
7.86214293e-23
7.659408843e-23
7.467422745e-23
7.283777876e-23
7.107709816e-23
6.938465932e-23
6.772689752e-23
6.625975932e-23
6.511820987e-23
6.410911623e-23
6.326928405e-23
6.260816438e-23
6.207181254e-23
6.172447559e-23
6.162666062e-23
6.164371717e-23
9.942237741e-24
9.730017403e-24
9.245021116e-24
8.881854999e-24
8.64005037e-24
8.401838422e-24
8.122819497e-24
7.882262174e-24
7.795916503e-24
7.701946915e-24
7.601171555e-24
7.438646206e-24
7.203799277e-24
6.92991464e-24
6.690344763e-24
6.60542028e-24
6.500839205e-24
6.416969741e-24
6.379335748e-24
6.25791404e-24
6.175007844e-24
6.202113613e-24
6.193739435e-24
-1.449843664e-23
-1.396827597e-23
-1.373826344e-23
-1.341599817e-23
-1.296630752e-23
-1.259220553e-23
-1.230113411e-23
-1.195739328e-23
-1.153381187e-23
-1.117512695e-23
-1.071424338e-23
-1.042730595e-23
-1.028211593e-23
-1.014452733e-23
-1.003888147e-23
-9.804297205e-24
-9.672640344e-24
-9.555545019e-24
-9.429690309e-24
-9.413262266e-24
-9.390351397e-24
-9.357100235e-24
-9.373222782e-24
-1.552417182e-22
-1.505782746e-22
-1.462525444e-22
-1.419765887e-22
-1.37742242e-22
-1.337610948e-22
-1.300410768e-22
-1.2638182e-22
-1.228424059e-22
-1.195220036e-22
-1.163307181e-22
-1.134711006e-22
-1.108781286e-22
-1.085694578e-22
-1.06482231e-22
-1.045643511e-22
-1.029604549e-22
-1.015991549e-22
-1.005269682e-22
-9.979912314e-23
-9.932419155e-23
-9.907181544e-23
-9.908420501e-23
8.310069149e-23
8.068325706e-23
7.818079904e-23
7.587181747e-23
7.374856796e-23
7.153268032e-23
6.936573645e-23
6.747667269e-23
6.564073346e-23
6.393034235e-23
6.24504286e-23
6.090878783e-23
5.94527307e-23
5.814027728e-23
5.694874091e-23
5.591955364e-23
5.506621778e-23
5.43598731e-23
5.377832735e-23
5.33298185e-23
5.302063762e-23
5.29152509e-23
5.294029784e-23
-2.384090134e-23
-2.307398083e-23
-2.250978034e-23
-2.180938767e-23
-2.105130716e-23
-2.054345532e-23
-2.006474485e-23
-1.944574035e-23
-1.889235098e-23
-1.838020488e-23
-1.780295788e-23
-1.736080552e-23
-1.699912689e-23
-1.664581225e-23
-1.635173349e-23
-1.60858271e-23
-1.583334979e-23
-1.562959091e-23
-1.546241717e-23
-1.535636641e-23
-1.531380827e-23
-1.527193326e-23
-1.522069731e-23
-3.413843027e-23
-3.307121273e-23
-3.215841478e-23
-3.118534365e-23
-3.019944255e-23
-2.937928207e-23
-2.862023876e-23
-2.778128204e-23
-2.70297256e-23
-2.630230098e-23
-2.551013077e-23
-2.490396007e-23
-2.436880536e-23
-2.382435005e-23
-2.339204424e-23
-2.301398942e-23
-2.265304596e-23
-2.237542622e-23
-2.212598845e-23
-2.195396025e-23
-2.188268916e-23
-2.181792912e-23
-2.178179727e-23
1.550925381e-23
1.510931899e-23
1.462781572e-23
1.421439525e-23
1.384441521e-23
1.342386232e-23
1.297296088e-23
1.260925241e-23
1.22833563e-23
1.196239786e-23
1.172360961e-23
1.144562166e-23
1.116277563e-23
1.095931341e-23
1.07022907e-23
1.046535794e-23
1.031366837e-23
1.015880593e-23
1.006118934e-23
9.975426808e-24
9.882010749e-24
9.875917208e-24
9.913609491e-24
2.377609982e-23
2.311532903e-23
2.241520397e-23
2.176881503e-23
2.116181266e-23
2.05350768e-23
1.991058226e-23
1.935036037e-23
1.884442221e-23
1.833769085e-23
1.789682916e-23
1.748640973e-23
1.707173969e-23
1.675421289e-23
1.639161549e-23
1.604992648e-23
1.580985487e-23
1.559131467e-23
1.541905148e-23
1.527470931e-23
1.51764684e-23
1.515080068e-23
1.516963584e-23
-5.34359817e-23
-5.182166752e-23
-5.029427347e-23
-4.879944824e-23
-4.735154404e-23
-4.598974963e-23
-4.46971299e-23
-4.345380085e-23
-4.225550606e-23
-4.114103229e-23
-4.007965879e-23
-3.908536306e-23
-3.819277395e-23
-3.734564395e-23
-3.663410091e-23
-3.601175095e-23
-3.546493303e-23
-3.502165333e-23
-3.46589551e-23
-3.440140977e-23
-3.423006444e-23
-3.41269882e-23
-3.410415274e-23
7.044567065e-23
6.838420174e-23
6.636138017e-23
6.441775672e-23
6.254930811e-23
6.074007133e-23
5.899865391e-23
5.733688661e-23
5.579119515e-23
5.431350301e-23
5.291970185e-23
5.167168133e-23
5.050539685e-23
4.943927223e-23
4.846020963e-23
4.760318734e-23
4.684116556e-23
4.619213291e-23
4.569660264e-23
4.530601827e-23
4.504616757e-23
4.493324173e-23
4.493250909e-23
1.106977415e-22
1.074405456e-22
1.042664313e-22
1.012060964e-22
9.826186853e-23
9.542998153e-23
9.270604542e-23
9.009579632e-23
8.767266962e-23
8.535408815e-23
8.315339486e-23
8.118279423e-23
7.93484168e-23
7.766246186e-23
7.613504243e-23
7.480051918e-23
7.361954707e-23
7.261347744e-23
7.182881085e-23
7.122055642e-23
7.079806406e-23
7.062585016e-23
7.062890879e-23
-3.876494259e-23
-3.759528627e-23
-3.648000378e-23
-3.539878694e-23
-3.43505586e-23
-3.334576501e-23
-3.240517483e-23
-3.153881268e-23
-3.064813246e-23
-2.983477349e-23
-2.913201775e-23
-2.838308269e-23
-2.770207425e-23
-2.711220092e-23
-2.657423223e-23
-2.610007485e-23
-2.572896255e-23
-2.542019747e-23
-2.515955708e-23
-2.499072284e-23
-2.488267326e-23
-2.47716343e-23
-2.472250379e-23
-6.333413114e-23
-6.143162412e-23
-5.961289145e-23
-5.785581514e-23
-5.6150384e-23
-5.451279719e-23
-5.297236667e-23
-5.154153432e-23
-5.01176104e-23
-4.878764166e-23
-4.758675486e-23
-4.640078619e-23
-4.531756674e-23
-4.435487071e-23
-4.347627718e-23
-4.269142054e-23
-4.20748688e-23
-4.155906409e-23
-4.110708683e-23
-4.080340589e-23
-4.061373302e-23
-4.045478168e-23
-4.03907038e-23
-2.810383502e-23
-2.723513589e-23
-2.642692667e-23
-2.565154946e-23
-2.488340676e-23
-2.415080902e-23
-2.347302888e-23
-2.285819837e-23
-2.221725625e-23
-2.162365814e-23
-2.110322963e-23
-2.05598481e-23
-2.008145934e-23
-1.965222747e-23
-1.924445531e-23
-1.888809451e-23
-1.864486289e-23
-1.844066004e-23
-1.822229793e-23
-1.810617131e-23
-1.804956373e-23
-1.796721845e-23
-1.792012061e-23
-6.840608202e-23
-6.633294392e-23
-6.436834106e-23
-6.248451394e-23
-6.064459851e-23
-5.888504904e-23
-5.722213413e-23
-5.566105979e-23
-5.414159505e-23
-5.271030163e-23
-5.140436042e-23
-5.013492216e-23
-4.898964471e-23
-4.793405043e-23
-4.696874919e-23
-4.614083027e-23
-4.546266261e-23
-4.490179445e-23
-4.439238036e-23
-4.404820687e-23
-4.384432649e-23
-4.368972491e-23
-4.361146617e-23
1.12875372e-23
1.100482934e-23
1.069327166e-23
1.037553115e-23
1.008670543e-23
9.801972994e-24
9.528245544e-24
9.242094652e-24
8.996354245e-24
8.773137128e-24
8.520568354e-24
8.343835808e-24
8.166670727e-24
8.001551868e-24
7.863821052e-24
7.72854678e-24
7.577336196e-24
7.430334594e-24
7.374588136e-24
7.290976533e-24
7.20528639e-24
7.18250795e-24
7.18923117e-24
1.192642977e-22
1.15799877e-22
1.123824633e-22
1.090819174e-22
1.059307868e-22
1.028919647e-22
9.998794774e-23
9.719201787e-23
9.457138531e-23
9.211292158e-23
8.975714427e-23
8.762139355e-23
8.565149295e-23
8.383276954e-23
8.220562862e-23
8.076593975e-23
7.947348135e-23
7.837249361e-23
7.75334982e-23
7.685887969e-23
7.636561625e-23
7.60913829e-23
7.600383474e-23
3.56339269e-23
3.463566704e-23
3.360754115e-23
3.26213559e-23
3.169143834e-23
3.078462899e-23
2.991898674e-23
2.906467412e-23
2.829679906e-23
2.757788447e-23
2.684750861e-23
2.621457129e-23
2.563646535e-23
2.510205003e-23
2.462339468e-23
2.420025054e-23
2.378140127e-23
2.341914424e-23
2.318277328e-23
2.297368901e-23
2.280913297e-23
2.271914904e-23
2.268944839e-23
-7.426210123e-23
-7.202250994e-23
-6.991046506e-23
-6.785741634e-23
-6.587767254e-23
-6.399006141e-23
-6.218179363e-23
-6.04878115e-23
-5.884500011e-23
-5.727976013e-23
-5.586846392e-23
-5.453098158e-23
-5.327298446e-23
-5.213303129e-23
-5.110873559e-23
-5.019505881e-23
-4.945090586e-23
-4.88257615e-23
-4.826351969e-23
-4.785211355e-23
-4.757129223e-23
-4.739440571e-23
-4.732272496e-23
7.637969363e-23
7.41659303e-23
7.198572405e-23
6.990245818e-23
6.787599732e-23
6.593039282e-23
6.407715465e-23
6.228462455e-23
6.062069192e-23
5.907419541e-23
5.757548873e-23
5.617507393e-23
5.491275823e-23
5.376687866e-23
5.27181669e-23
5.178821239e-23
5.095103651e-23
5.023608527e-23
4.968225268e-23
4.924303312e-23
4.891264893e-23
4.870758203e-23
4.861990016e-23
2.92475941e-23
2.841946291e-23
2.759792578e-23
2.682302567e-23
2.60344926e-23
2.528312139e-23
2.457871037e-23
2.387847962e-23
2.324123106e-23
2.267249802e-23
2.210166689e-23
2.154370052e-23
2.106447171e-23
2.063744057e-23
2.022984156e-23
1.986743911e-23
1.953883745e-23
1.925190405e-23
1.904001696e-23
1.887203987e-23
1.873289645e-23
1.864531651e-23
1.860563825e-23
1.860811091e-23
-1.063159462e-22
-1.031505927e-22
-1.00097089e-22
-9.715155301e-23
-9.435976536e-23
-9.167284785e-23
-8.909493858e-23
-8.666868751e-23
-8.434748904e-23
-8.211851974e-23
-8.005448962e-23
-7.81689597e-23
-7.639858996e-23
-7.476309701e-23
-7.330264137e-23
-7.201233357e-23
-7.088897344e-23
-6.994403588e-23
-6.914466159e-23
-6.851071379e-23
-6.80748782e-23
-6.779020935e-23
-6.764956876e-23
-6.762673984e-23
3.162353196e-23
3.073764403e-23
2.987325782e-23
2.902406813e-23
2.817310457e-23
2.736715009e-23
2.659882864e-23
2.585048369e-23
2.515715933e-23
2.453036335e-23
2.392927803e-23
2.333788142e-23
2.280952298e-23
2.233612093e-23
2.19078032e-23
2.150180383e-23
2.114751553e-23
2.085245746e-23
2.06055451e-23
2.042123488e-23
2.027110526e-23
2.016938515e-23
2.011538947e-23
2.012617859e-23
-3.097653884e-23
-3.001392852e-23
-2.910279234e-23
-2.824171324e-23
-2.743748717e-23
-2.665841031e-23
-2.59193641e-23
-2.522517882e-23
-2.45466592e-23
-2.389724902e-23
-2.329126128e-23
-2.274314836e-23
-2.223186339e-23
-2.175637685e-23
-2.132373816e-23
-2.094936949e-23
-2.063082678e-23
-2.035810466e-23
-2.013323843e-23
-1.994272626e-23
-1.980798414e-23
-1.972742852e-23
-1.968755128e-23
-1.965670149e-23
-2.003349064e-23
-1.939077211e-23
-1.878934183e-23
-1.823508552e-23
-1.771578796e-23
-1.721148797e-23
-1.674242717e-23
-1.62984073e-23
-1.585180192e-23
-1.54367187e-23
-1.504942682e-23
-1.469157424e-23
-1.435912993e-23
-1.405595263e-23
-1.377435514e-23
-1.352280893e-23
-1.332324162e-23
-1.315535277e-23
-1.301542096e-23
-1.288859378e-23
-1.279449024e-23
-1.274605649e-23
-1.271696858e-23
-1.269360514e-23
-3.112315951e-24
-2.961506504e-24
-2.837894553e-24
-2.753013801e-24
-2.675337564e-24
-2.598481945e-24
-2.538654119e-24
-2.477310771e-24
-2.395605818e-24
-2.336948736e-24
-2.283721888e-24
-2.224165648e-24
-2.169447865e-24
-2.129781206e-24
-2.082736787e-24
-2.028181987e-24
-2.013829656e-24
-2.008360343e-24
-1.996975674e-24
-1.976690447e-24
-1.959920483e-24
-1.961263364e-24
-1.958860265e-24
-1.948785711e-24
-9.373363758e-24
-9.03350795e-24
-8.730926979e-24
-8.482700731e-24
-8.238295325e-24
-8.004489318e-24
-7.796044077e-24
-7.588144745e-24
-7.36530095e-24
-7.186117155e-24
-7.020650534e-24
-6.841649023e-24
-6.678400763e-24
-6.549964345e-24
-6.416770682e-24
-6.271113899e-24
-6.191778203e-24
-6.133834897e-24
-6.070558798e-24
-6.01382767e-24
-5.96416693e-24
-5.942686087e-24
-5.924874099e-24
-5.910984637e-24
7.442466539e-25
7.916670048e-25
8.083175483e-25
7.766973671e-25
7.598570927e-25
7.403974956e-25
7.072128777e-25
6.862652226e-25
6.836209576e-25
6.513262254e-25
6.219220754e-25
6.225282891e-25
6.226406588e-25
5.881815791e-25
5.842386022e-25
6.106251455e-25
5.743911667e-25
5.345179027e-25
5.197842241e-25
5.153243933e-25
5.132968451e-25
4.99529012e-25
4.986286919e-25
5.012515283e-25
3.072191058e-23
2.989463342e-23
2.906990021e-23
2.822601848e-23
2.742779752e-23
2.665868263e-23
2.590722147e-23
2.520612298e-23
2.4551078e-23
2.389974485e-23
2.329249869e-23
2.276107925e-23
2.226018479e-23
2.176633123e-23
2.135185379e-23
2.099602887e-23
2.063024289e-23
2.031019625e-23
2.004409431e-23
1.984110025e-23
1.968972563e-23
1.956027515e-23
1.948984213e-23
1.945169006e-23
1.283514805e-24
1.307067528e-24
1.315665524e-24
1.268942191e-24
1.240006609e-24
1.211375644e-24
1.164461001e-24
1.134051391e-24
1.114351886e-24
1.062725158e-24
1.016938489e-24
1.019586406e-24
1.011689086e-24
9.726212261e-25
9.649224812e-25
9.725568208e-25
9.384772171e-25
9.009783765e-25
8.692291711e-25
8.58005513e-25
8.608426137e-25
8.43791421e-25
8.404161575e-25
8.425092889e-25
-1.296020697e-24
-1.194874858e-24
-1.113802781e-24
-1.092407753e-24
-1.054847279e-24
-1.021434185e-24
-1.002675226e-24
-9.732963765e-25
-9.415157484e-25
-9.38107312e-25
-9.407503009e-25
-8.903696354e-25
-8.486760905e-25
-8.481985721e-25
-8.21244254e-25
-7.836982587e-25
-7.848028993e-25
-7.947873058e-25
-8.118971644e-25
-8.063681183e-25
-7.836930415e-25
-7.908357085e-25
-7.901327883e-25
-7.827456035e-25
7.897683388e-24
7.728363847e-24
7.554381989e-24
7.326126226e-24
7.126559803e-24
6.930086616e-24
6.730159078e-24
6.553649763e-24
6.384646804e-24
6.201264576e-24
6.012171438e-24
5.900812411e-24
5.797753782e-24
5.652608088e-24
5.549103457e-24
5.469966393e-24
5.367024451e-24
5.268676741e-24
5.164835168e-24
5.104172572e-24
5.08545884e-24
5.034845605e-24
5.004847601e-24
4.995657621e-24
-1.052057399e-23
-1.015430737e-23
-9.811778808e-24
-9.540567461e-24
-9.266288547e-24
-9.005605851e-24
-8.759621835e-24
-8.517480101e-24
-8.292198621e-24
-8.098599134e-24
-7.936737406e-24
-7.709981636e-24
-7.501497585e-24
-7.363382294e-24
-7.204588363e-24
-7.046561816e-24
-6.936074867e-24
-6.849855183e-24
-6.793372503e-24
-6.725078665e-24
-6.637606455e-24
-6.596170962e-24
-6.566057017e-24
-6.538056535e-24
2.399053123e-24
2.387569101e-24
2.368326686e-24
2.288816928e-24
2.228956912e-24
2.168594077e-24
2.102578855e-24
2.055185764e-24
1.996391777e-24
1.921264219e-24
1.837057982e-24
1.831279897e-24
1.822472332e-24
1.756629146e-24
1.732969946e-24
1.723960903e-24
1.682586277e-24
1.639441861e-24
1.576859382e-24
1.549312279e-24
1.561211523e-24
1.539274207e-24
1.524163386e-24
1.518668919e-24
)
;
    }
    back_middle
    {
        type            wedge;
        value           nonuniform 0();
    }
    back_bottom
    {
        type            wedge;
        value           nonuniform 0();
    }
    axis_top
    {
        type            symmetryPlane;
        value           nonuniform 0();
    }
    axis_middle
    {
        type            symmetryPlane;
        value           nonuniform 0();
    }
    axis_bottom
    {
        type            symmetryPlane;
        value           nonuniform 0();
    }
    wall_top
    {
        type            calculated;
        value           uniform 0;
    }
    wall_middle
    {
        type            calculated;
        value           nonuniform 0();
    }
    wall_bottom
    {
        type            calculated;
        value           nonuniform 0();
    }
    inlet
    {
        type            calculated;
        value           nonuniform 0();
    }
    outlet
    {
        type            calculated;
        value           nonuniform 0();
    }
    procBoundary8to7
    {
        type            processor;
        value           nonuniform List<scalar> 
51
(
4.560934946e-11
1.334601301e-10
2.164157135e-10
2.946799983e-10
3.684499415e-10
4.379156259e-10
5.032605428e-10
5.646615759e-10
6.222893614e-10
6.763083258e-10
7.26876869e-10
7.741475594e-10
8.182673306e-10
8.593774373e-10
8.976139869e-10
9.331076883e-10
9.659843445e-10
9.963648534e-10
1.024365265e-09
1.050097256e-09
1.073667826e-09
1.095179952e-09
1.114732245e-09
1.132419452e-09
1.148332439e-09
1.162558256e-09
1.17518062e-09
1.186279425e-09
1.195931584e-09
1.204210442e-09
1.211186659e-09
1.216927553e-09
1.221497806e-09
1.22495932e-09
1.22737115e-09
1.228790126e-09
-4.73667401e-13
1.229290088e-09
1.228885773e-09
1.227644236e-09
1.225612656e-09
1.222836621e-09
1.219359222e-09
1.215222088e-09
1.210464643e-09
1.205124808e-09
1.199238613e-09
1.192840528e-09
1.185963551e-09
1.178639004e-09
1.17089698e-09
)
;
    }
    procBoundary8to9
    {
        type            processor;
        value           nonuniform List<scalar> 
51
(
-4.567434983e-11
-1.336495665e-10
1.417669757e-14
-2.167032883e-10
-2.950665715e-10
-3.689251789e-10
-4.384687811e-10
-5.038806222e-10
-5.653375997e-10
-6.230104296e-10
-6.770636908e-10
-7.276561754e-10
-7.749407825e-10
-8.190649375e-10
-8.601704577e-10
-8.983939252e-10
-9.33866681e-10
-9.667151355e-10
-9.970606981e-10
-1.025020189e-09
-1.050705654e-09
-1.074224895e-09
-1.095681286e-09
-1.115174148e-09
-1.132798716e-09
-1.14864627e-09
-1.162804501e-09
-1.175357382e-09
-1.186385457e-09
-1.195965816e-09
-1.204172329e-09
-1.211075918e-09
-1.216744258e-09
-1.22124219e-09
-1.224631872e-09
-1.226972782e-09
-1.2283217e-09
-1.228733022e-09
-1.228258797e-09
-1.226948742e-09
-1.224850307e-09
-1.222008957e-09
-1.218468157e-09
-1.214269306e-09
-1.209452052e-09
-1.20405413e-09
-1.198111759e-09
-1.191659382e-09
-1.184729918e-09
-1.177354761e-09
-1.169563811e-09
)
;
    }
}


// ************************************************************************* //
