/*--------------------------------*- C++ -*----------------------------------*\
  =========                 |
  \\      /  F ield         | OpenFOAM: The Open Source CFD Toolbox
   \\    /   O peration     | Website:  https://openfoam.org
    \\  /    A nd           | Version:  7
     \\/     M anipulation  |
\*---------------------------------------------------------------------------*/
FoamFile
{
    version     2.0;
    format      ascii;
    class       volVectorField;
    location    "0.0018";
    object      U;
}
// * * * * * * * * * * * * * * * * * * * * * * * * * * * * * * * * * * * * * //

dimensions      [0 1 -1 0 0 0 0];

internalField   nonuniform List<vector> 
1167
(
(-1.231757582e-06 5.059296507e-18 -0.05026115287)
(-3.216553146e-06 -4.287525333e-19 -0.05026006125)
(-5.099195061e-06 -3.524458898e-18 -0.05025767043)
(-7.059691476e-06 -4.791712482e-18 -0.05025405176)
(-9.033893662e-06 -5.299200561e-18 -0.05024917209)
(-1.101330305e-05 -9.601599423e-18 -0.05024295795)
(-1.300342033e-05 -1.273082137e-17 -0.0502352882)
(-1.500969699e-05 -1.23985767e-17 -0.05022598949)
(-1.703544218e-05 -1.227662822e-17 -0.05021482154)
(-1.908158447e-05 -1.484360453e-17 -0.05020146006)
(-2.114817258e-05 -1.506568028e-17 -0.05018547541)
(-2.32347157e-05 -1.533085626e-17 -0.05016630578)
(-2.533925841e-05 -1.514861455e-17 -0.0501432271)
(-2.745804936e-05 -1.646080512e-17 -0.05011532084)
(-2.9585635e-05 -1.793833372e-17 -0.05008144095)
(-3.171537661e-05 -1.963828669e-17 -0.05004017969)
(-3.383980404e-05 -2.02286651e-17 -0.0499898323)
(-1.145865613e-06 -2.175969813e-18 -0.05027413838)
(-2.992605062e-06 -3.624105111e-18 -0.05027306612)
(-4.746402459e-06 -4.091530133e-18 -0.05027071565)
(-6.576615272e-06 -3.729887538e-18 -0.0502671553)
(-8.423568621e-06 -8.146591453e-18 -0.05026235078)
(-1.028060365e-05 -1.100911402e-17 -0.05025622612)
(-1.215347955e-05 -1.356690367e-17 -0.05024865769)
(-1.404713658e-05 -1.266508968e-17 -0.05023946842)
(-1.596568113e-05 -1.2226573e-17 -0.05022841499)
(-1.791035912e-05 -1.526446091e-17 -0.05021516966)
(-1.988097808e-05 -1.65696507e-17 -0.05019929828)
(-2.187618348e-05 -1.637594462e-17 -0.05018023434)
(-2.389299112e-05 -1.631705209e-17 -0.05015724912)
(-2.592680674e-05 -1.644215722e-17 -0.0501294196)
(-2.797156815e-05 -1.698781877e-17 -0.05009559498)
(-3.002002508e-05 -1.738510768e-17 -0.0500543622)
(-3.206431193e-05 -1.711003635e-17 -0.05000401038)
(-3.409402164e-05 -1.879804461e-17 -0.04994249421)
(-3.609547845e-05 -1.997761955e-17 -0.04986739418)
(-3.805385116e-05 -2.076459657e-17 -0.04977587269)
(-3.995114503e-05 -2.125958258e-17 -0.04966463044)
(-4.176510579e-05 -2.159037775e-17 -0.04952986237)
(-4.347121643e-05 -2.185781982e-17 -0.04936721231)
(-4.504131163e-05 -2.198888126e-17 -0.04917173271)
(-4.64443906e-05 -2.207560866e-17 -0.04893784726)
(-4.764779314e-05 -2.220624619e-17 -0.04865932025)
(-4.861710948e-05 -2.236815423e-17 -0.04832923415)
(-4.931870994e-05 -2.210539568e-17 -0.0479399746)
(-4.971969338e-05 -2.185243023e-17 -0.0474832286)
(-4.97895232e-05 -2.089589186e-17 -0.04694999097)
(-4.950170938e-05 -2.046482496e-17 -0.04633058572)
(-4.883465976e-05 -2.023813129e-17 -0.04561469904)
(-4.777377792e-05 -1.984805379e-17 -0.04479142162)
(-4.631167754e-05 -1.927315448e-17 -0.04384930661)
(-4.444926053e-05 -1.880271325e-17 -0.04277643412)
(-4.21970797e-05 -1.817543394e-17 -0.041560485)
(-3.957622401e-05 -1.740952845e-17 -0.04018882912)
(-3.661788444e-05 -1.650874357e-17 -0.03864861466)
(-3.33638252e-05 -1.546417105e-17 -0.03692685784)
(-2.98665525e-05 -1.456452099e-17 -0.03501054012)
(-2.618915007e-05 -1.35274116e-17 -0.03288670535)
(-2.240498252e-05 -1.236322003e-17 -0.03054255442)
(-1.859730457e-05 -1.118034506e-17 -0.02796553673)
(-1.485875445e-05 -9.790215184e-18 -0.02514343589)
(-1.129032633e-05 -8.28658638e-18 -0.02206444569)
(-7.999551494e-06 -6.648017405e-18 -0.01871723465)
(-5.099438335e-06 -5.340349027e-18 -0.0150910003)
(-2.718984491e-06 -3.927458082e-18 -0.01117549867)
(-1.030928287e-06 -2.419681222e-18 -0.006961016319)
(-1.859457705e-07 -8.308134333e-19 -0.002438186161)
(-1.057257896e-06 -1.117314367e-17 -0.05028663472)
(-2.761708786e-06 -1.246748126e-17 -0.0502855829)
(-4.383275817e-06 -1.468372415e-17 -0.05028327512)
(-6.078856603e-06 -1.261179881e-17 -0.05027977673)
(-7.793804002e-06 -1.382037688e-17 -0.05027505235)
(-9.523679457e-06 -1.223440262e-17 -0.05026902284)
(-1.127513013e-05 -1.205519701e-17 -0.05026156254)
(-1.305244657e-05 -1.2572218e-17 -0.05025249025)
(-1.485938348e-05 -1.366501571e-17 -0.05024155899)
(-1.669779157e-05 -1.275232914e-17 -0.05022843703)
(-1.856730668e-05 -1.412029005e-17 -0.05021268574)
(-2.046607065e-05 -1.540263369e-17 -0.05019373369)
(-2.239048504e-05 -1.688798701e-17 -0.05017084706)
(-2.43352659e-05 -1.686141943e-17 -0.05014309777)
(-2.629372433e-05 -1.721576076e-17 -0.05010932992)
(-2.825840392e-05 -1.771591642e-17 -0.05006812506)
(-3.022039142e-05 -1.83800711e-17 -0.0500177667)
(-3.216795829e-05 -1.894863288e-17 -0.04995620348)
(-3.40876367e-05 -1.943889958e-17 -0.04988100754)
(-3.596499863e-05 -1.979035123e-17 -0.04978933172)
(-3.778197537e-05 -1.99455778e-17 -0.04967786667)
(-3.951721447e-05 -1.980962892e-17 -0.04954279551)
(-4.114727387e-05 -2.035605438e-17 -0.04937974995)
(-4.26451071e-05 -2.066989197e-17 -0.04918377084)
(-4.39819326e-05 -2.082072423e-17 -0.04894927085)
(-4.512690209e-05 -2.084279199e-17 -0.04867000514)
(-4.604783446e-05 -2.075028474e-17 -0.04833904852)
(-4.671327808e-05 -2.064490235e-17 -0.04794878257)
(-4.7092408e-05 -2.043087208e-17 -0.04749089394)
(-4.715723053e-05 -2.024618691e-17 -0.04695638113)
(-4.688301046e-05 -1.99603882e-17 -0.04633557653)
(-4.624960737e-05 -1.96175571e-17 -0.04561817888)
(-4.524373515e-05 -1.920501161e-17 -0.04479329755)
(-4.385864164e-05 -1.871374168e-17 -0.04384950912)
(-4.209530204e-05 -1.814506545e-17 -0.04277492113)
(-3.996394425e-05 -1.748493089e-17 -0.0415572473)
(-3.748430817e-05 -1.67240101e-17 -0.04018389562)
(-3.46856766e-05 -1.585345142e-17 -0.0386420559)
(-3.16073108e-05 -1.486983378e-17 -0.03691878857)
(-2.829857915e-05 -1.405689304e-17 -0.03500112311)
(-2.481883522e-05 -1.313986285e-17 -0.03287615428)
(-2.12371901e-05 -1.2110449e-17 -0.03053113603)
(-1.763225819e-05 -1.059828597e-17 -0.02795357256)
(-1.40916001e-05 -9.460308641e-18 -0.02513130369)
(-1.071076984e-05 -8.222226753e-18 -0.02205257956)
(-7.591583033e-06 -7.003427777e-18 -0.01870612458)
(-4.841275067e-06 -5.758881899e-18 -0.01508119296)
(-2.582498892e-06 -4.508661879e-18 -0.01116759775)
(-9.798251845e-07 -2.739279863e-18 -0.006955682264)
(-1.769150399e-07 -9.339548298e-19 -0.002436137376)
(-9.662986669e-07 -3.662662304e-18 -0.05029862739)
(-2.524955819e-06 -7.284298314e-18 -0.0502975968)
(-4.010846933e-06 -1.003753814e-17 -0.05029533388)
(-5.567628056e-06 -1.288295249e-17 -0.05029190148)
(-7.146954221e-06 -1.086528248e-17 -0.05028726192)
(-8.745964431e-06 -9.833741648e-18 -0.05028133298)
(-1.037176058e-05 -8.969196979e-18 -0.05027398672)
(-1.202887663e-05 -1.127366952e-17 -0.05026503868)
(-1.372023051e-05 -1.337619281e-17 -0.05025423707)
(-1.544799328e-05 -1.281464037e-17 -0.05024124577)
(-1.72119509e-05 -1.239991323e-17 -0.0502256214)
(-1.900986554e-05 -1.390940183e-17 -0.05020678725)
(-2.083758082e-05 -1.548592929e-17 -0.05018400418)
(-2.268927678e-05 -1.712021726e-17 -0.0501563388)
(-2.455806682e-05 -1.747795649e-17 -0.05012262979)
(-2.64359681e-05 -1.83331968e-17 -0.05008145356)
(-2.831263079e-05 -1.987829615e-17 -0.05003108876)
(-3.017586149e-05 -1.94202949e-17 -0.04996947761)
(-3.201305848e-05 -1.93621076e-17 -0.04989418452)
(-3.380945321e-05 -1.946333693e-17 -0.04980235382)
(-3.554683036e-05 -1.96026743e-17 -0.04969066678)
(-3.720539599e-05 -1.973264785e-17 -0.04955529597)
(-3.876249985e-05 -1.986810949e-17 -0.04939186245)
(-4.01921569e-05 -1.993868145e-17 -0.04919539603)
(-4.146743211e-05 -1.990479532e-17 -0.04896029937)
(-4.255928e-05 -1.973258345e-17 -0.04868031945)
(-4.343792654e-05 -1.939896469e-17 -0.04834852461)
(-4.407370218e-05 -1.934539568e-17 -0.04795729296)
(-4.443760688e-05 -1.910777467e-17 -0.04749831047)
(-4.450384131e-05 -1.941026949e-17 -0.0469625794)
(-4.424943017e-05 -1.916203498e-17 -0.04634044023)
(-4.365569163e-05 -1.886396827e-17 -0.04562160355)
(-4.271029064e-05 -1.849577644e-17 -0.04479519612)
(-4.140695494e-05 -1.805167558e-17 -0.04384981641)
(-3.974668956e-05 -1.752852157e-17 -0.04277359764)
(-3.773936161e-05 -1.692557056e-17 -0.04155428495)
(-3.540330426e-05 -1.624473911e-17 -0.04017932182)
(-3.27658906e-05 -1.548645574e-17 -0.03863593629)
(-2.986392772e-05 -1.465588329e-17 -0.03691123089)
(-2.674372221e-05 -1.376504751e-17 -0.03499228048)
(-2.34610023e-05 -1.280567024e-17 -0.03286622796)
(-2.008078234e-05 -1.17728798e-17 -0.03052037762)
(-1.667718128e-05 -1.054782157e-17 -0.02794228613)
(-1.333271044e-05 -9.3684618e-18 -0.02511984682)
(-1.013761894e-05 -8.126734027e-18 -0.0220413632)
(-7.188208588e-06 -6.824242894e-18 -0.01869561326)
(-4.586027024e-06 -5.453106968e-18 -0.01507190583)
(-2.447566023e-06 -4.006772013e-18 -0.01116010936)
(-9.293069102e-07 -2.465740208e-18 -0.006950622266)
(-1.679883193e-07 -8.464605882e-19 -0.002434191837)
(-8.738233318e-07 -2.013394215e-18 -0.05031010312)
(-2.283891707e-06 -3.350678783e-18 -0.05030909471)
(-3.630266788e-06 -5.597798581e-18 -0.05030687919)
(-5.044456464e-06 -7.336642217e-18 -0.05030351631)
(-6.485151872e-06 -8.195173697e-18 -0.0502989657)
(-7.950093687e-06 -8.948534658e-18 -0.05029314277)
(-9.446134288e-06 -9.865771731e-18 -0.05028591628)
(-1.097924961e-05 -1.084087307e-17 -0.05027709886)
(-1.255181137e-05 -1.175101392e-17 -0.050266434)
(-1.416517974e-05 -1.24067169e-17 -0.05025358035)
(-1.581945741e-05 -1.321420599e-17 -0.05023808936)
(-1.751232623e-05 -1.393190744e-17 -0.05021937896)
(-1.923921919e-05 -1.46645555e-17 -0.0501967044)
(-2.099418855e-05 -1.537634082e-17 -0.05016912663)
(-2.276997867e-05 -1.594724812e-17 -0.05013547913)
(-2.455725305e-05 -1.651272577e-17 -0.05009433371)
(-2.634507825e-05 -1.707797089e-17 -0.05004396394)
(-2.812179944e-05 -1.755009166e-17 -0.04998230569)
(-2.98750526e-05 -1.802803328e-17 -0.04990691634)
(-3.158969465e-05 -1.844948702e-17 -0.04981493295)
(-3.324781114e-05 -1.879447327e-17 -0.04970302773)
(-3.483067565e-05 -1.905945443e-17 -0.04956736356)
(-3.631653604e-05 -1.924468276e-17 -0.04940355218)
(-3.768111934e-05 -1.934953391e-17 -0.04920661342)
(-3.889875352e-05 -1.936983208e-17 -0.0489709409)
(-3.994179372e-05 -1.930175626e-17 -0.04869027392)
(-4.078271172e-05 -1.915398123e-17 -0.04835767511)
(-4.139376956e-05 -1.894802716e-17 -0.04796551975)
(-4.174803732e-05 -1.864565214e-17 -0.04750549322)
(-4.182129147e-05 -1.821264953e-17 -0.04696860143)
(-4.15920002e-05 -1.81962949e-17 -0.04634519246)
(-4.10431474e-05 -1.802982676e-17 -0.04562498814)
(-4.016306195e-05 -1.774402515e-17 -0.04479713158)
(-3.89457722e-05 -1.73543131e-17 -0.04385024151)
(-3.739232957e-05 -1.687570477e-17 -0.04277247521)
(-3.551203976e-05 -1.632974162e-17 -0.04155160738)
(-3.33219732e-05 -1.570414449e-17 -0.04017511465)
(-3.0847635e-05 -1.499315949e-17 -0.0386302607)
(-2.812337906e-05 -1.4189901e-17 -0.03690418767)
(-2.51924826e-05 -1.33045277e-17 -0.03498401323)
(-2.210713075e-05 -1.234211746e-17 -0.03285692575)
(-1.892842232e-05 -1.130662933e-17 -0.03051027731)
(-1.572590183e-05 -1.020375722e-17 -0.02793167448)
(-1.257714711e-05 -9.043415447e-18 -0.02510906118)
(-9.567129829e-06 -7.830436782e-18 -0.0220307917)
(-6.78676483e-06 -6.575864765e-18 -0.01868569597)
(-4.332010322e-06 -5.204047225e-18 -0.01506313508)
(-2.31328121e-06 -3.790968924e-18 -0.01115303039)
(-8.790265681e-07 -2.323890574e-18 -0.006945834228)
(-1.5910253e-07 -7.965202918e-19 -0.002432348751)
(-7.797439882e-07 1.189853573e-18 -0.0503210511)
(-2.038307699e-06 8.040489531e-18 -0.05032006636)
(-3.242268834e-06 -1.824720897e-18 -0.05031790097)
(-4.511395939e-06 -5.207630783e-18 -0.05031461078)
(-5.810406049e-06 -6.916159644e-18 -0.05031015294)
(-7.138173484e-06 -8.504966278e-18 -0.05030444087)
(-8.501493536e-06 -1.113642543e-17 -0.05029733932)
(-9.906922254e-06 -1.095667448e-17 -0.05028865775)
(-1.135724083e-05 -1.124321067e-17 -0.05027813567)
(-1.285313278e-05 -1.142067006e-17 -0.05026542612)
(-1.439422464e-05 -1.447083156e-17 -0.05025007463)
(-1.59782326e-05 -1.397017878e-17 -0.05023149338)
(-1.760071443e-05 -1.384280721e-17 -0.05020893183)
(-1.925532775e-05 -1.355320228e-17 -0.05018144545)
(-2.093380188e-05 -1.452247066e-17 -0.050147863)
(-2.262621805e-05 -1.50225588e-17 -0.05010675156)
(-2.432190195e-05 -1.49678453e-17 -0.05005637926)
(-2.600980093e-05 -1.553126524e-17 -0.04999467615)
(-2.767705569e-05 -1.671573441e-17 -0.04991919342)
(-2.93082367e-05 -1.74975666e-17 -0.04982706144)
(-3.088685196e-05 -1.803552846e-17 -0.04971494415)
(-3.239454157e-05 -1.841028823e-17 -0.0495789957)
(-3.381012041e-05 -1.865876105e-17 -0.04941481904)
(-3.511131062e-05 -1.880318009e-17 -0.04921742522)
(-3.627371726e-05 -1.885539564e-17 -0.04898120005)
(-3.727126607e-05 -1.881940775e-17 -0.04869987541)
(-3.807822562e-05 -1.869465843e-17 -0.0483665088)
(-3.866855256e-05 -1.847132523e-17 -0.04797347297)
(-3.90175183e-05 -1.812090468e-17 -0.04751245328)
(-3.910226854e-05 -1.757811781e-17 -0.04697445919)
(-3.890253285e-05 -1.762290357e-17 -0.04634984534)
(-3.840283896e-05 -1.747754382e-17 -0.04562834479)
(-3.759212856e-05 -1.718100713e-17 -0.04479911585)
(-3.646467734e-05 -1.672785389e-17 -0.04385079549)
(-3.50215819e-05 -1.606640768e-17 -0.04277156392)
(-3.327143051e-05 -1.572070142e-17 -0.0415492234)
(-3.12300124e-05 -1.523256927e-17 -0.04017128149)
(-2.892099612e-05 -1.466772898e-17 -0.0386250351)
(-2.637630895e-05 -1.380443648e-17 -0.03689766352)
(-2.363624607e-05 -1.288501889e-17 -0.03497632467)
(-2.07495395e-05 -1.189723838e-17 -0.03284824983)
(-1.77733663e-05 -1.08241252e-17 -0.03050083669)
(-1.477271622e-05 -9.771935519e-18 -0.02792173869)
(-1.182028715e-05 -8.654431575e-18 -0.02509894704)
(-8.995803494e-06 -7.495944286e-18 -0.02202086492)
(-6.384782102e-06 -6.218509724e-18 -0.01867637204)
(-4.077680297e-06 -4.915146977e-18 -0.01505487961)
(-2.178822178e-06 -3.574151857e-18 -0.01114635999)
(-8.286711693e-07 -2.186871607e-18 -0.006941317636)
(-1.50201018e-07 -7.479565389e-19 -0.002430607952)
(-6.838713194e-07 -2.496287136e-18 -0.05033146353)
(-1.788259835e-06 -5.465908328e-18 -0.05033050347)
(-2.847800807e-06 -9.291861545e-18 -0.05032839007)
(-3.970205403e-06 -7.107504366e-18 -0.05032517518)
(-5.125218163e-06 -6.86172471e-18 -0.05032081378)
(-6.313370799e-06 -7.687553698e-18 -0.05031521673)
(-7.541579323e-06 -8.740445211e-18 -0.050308245)
(-8.815905233e-06 -9.918897999e-18 -0.05029970409)
(-1.014019534e-05 -1.133241567e-17 -0.05028932948)
(-1.151522779e-05 -1.031962197e-17 -0.05027676906)
(-1.294001729e-05 -1.146054271e-17 -0.05026156227)
(-1.441188539e-05 -1.236844781e-17 -0.05024311498)
(-1.592618927e-05 -1.315339411e-17 -0.05022067087)
(-1.74760125e-05 -1.396944391e-17 -0.05019328022)
(-1.905263135e-05 -1.469313805e-17 -0.05015976686)
(-2.064630201e-05 -1.503782783e-17 -0.05011869282)
(-2.224672775e-05 -1.605101901e-17 -0.05006832113)
(-2.384298815e-05 -1.669570615e-17 -0.05000657656)
(-2.54216793e-05 -1.715903582e-17 -0.04993100515)
(-2.696758292e-05 -1.754654492e-17 -0.04983873047)
(-2.846551054e-05 -1.787765243e-17 -0.04972640905)
(-2.989751264e-05 -1.814486002e-17 -0.04959018764)
(-3.124323519e-05 -1.829660112e-17 -0.04942566077)
(-3.248187986e-05 -1.837648869e-17 -0.04922783146)
(-3.359038746e-05 -1.83990528e-17 -0.04899107851)
(-3.454472247e-05 -1.837015527e-17 -0.0487091274)
(-3.53205307e-05 -1.829406374e-17 -0.0483750311)
(-3.589319718e-05 -1.817739443e-17 -0.04798115971)
(-3.624000991e-05 -1.803513801e-17 -0.04751919895)
(-3.633963833e-05 -1.790252572e-17 -0.04698016175)
(-3.617311552e-05 -1.786998411e-17 -0.04635440873)
(-3.572607964e-05 -1.753103767e-17 -0.04563168344)
(-3.498815546e-05 -1.723016431e-17 -0.0448011584)
(-3.395391371e-05 -1.698573537e-17 -0.04385148754)
(-3.262449449e-05 -1.651652758e-17 -0.04277087256)
(-3.100758709e-05 -1.565210617e-17 -0.0415471414)
(-2.911764455e-05 -1.479013377e-17 -0.04016782998)
(-2.697653378e-05 -1.389809979e-17 -0.03862026639)
(-2.461378602e-05 -1.324368698e-17 -0.03689166469)
(-2.206676328e-05 -1.256202469e-17 -0.03496922054)
(-1.938085722e-05 -1.18894562e-17 -0.03284020566)
(-1.660914628e-05 -1.090569674e-17 -0.03049206058)
(-1.381216126e-05 -9.556851408e-18 -0.02791248264)
(-1.105767047e-05 -8.166679535e-18 -0.02508950791)
(-8.420180564e-06 -6.699197981e-18 -0.02201158603)
(-5.979800142e-06 -5.565364741e-18 -0.01866764424)
(-3.821461703e-06 -4.434396447e-18 -0.01504714177)
(-2.043366627e-06 -3.221396746e-18 -0.01114009999)
(-7.779419358e-07 -1.933488659e-18 -0.00693707371)
(-1.41233728e-07 -5.730968941e-19 -0.002428969903)
(-5.868893807e-07 1.73428072e-18 -0.05034133377)
(-1.53538346e-06 -1.115840129e-17 -0.05034039897)
(-2.449163637e-06 -2.964892862e-18 -0.05033833892)
(-3.423058925e-06 -4.093546717e-18 -0.05033520134)
(-4.431902875e-06 -3.378037044e-18 -0.05033093969)
(-5.478114013e-06 -5.818928853e-18 -0.05032546135)
(-6.56901686e-06 -5.767769306e-18 -0.05031862411)
(-7.709965904e-06 -7.644940854e-18 -0.05031022852)
(-8.90511693e-06 -8.326021353e-18 -0.05030000563)
(-1.015564958e-05 -1.11891262e-17 -0.05028759832)
(-1.146049981e-05 -9.1837855e-18 -0.05027254021)
(-1.281646998e-05 -1.069385762e-17 -0.05025423103)
(-1.421831924e-05 -1.141394931e-17 -0.05023190855)
(-1.56589587e-05 -1.338768117e-17 -0.05020461766)
(-1.712978026e-05 -1.492999159e-17 -0.05017117704)
(-1.86211422e-05 -1.665613387e-17 -0.05013014389)
(-2.012317501e-05 -1.754767062e-17 -0.05007977638)
(-2.162448477e-05 -1.784199548e-17 -0.05001799484)
(-2.311140921e-05 -1.74757843e-17 -0.04994234042)
(-2.457005495e-05 -1.747526321e-17 -0.04984993038)
(-2.59855936e-05 -1.771793565e-17 -0.04973741455)
(-2.734045218e-05 -1.821369197e-17 -0.049600933)
(-2.861600936e-05 -1.795955569e-17 -0.0494360727)
(-2.979242753e-05 -1.783559687e-17 -0.04923782953)
(-3.084769547e-05 -1.775824291e-17 -0.04900057563)
(-3.17598088e-05 -1.768408814e-17 -0.04871803091)
(-3.250593764e-05 -1.759399295e-17 -0.04838324454)
(-3.306308277e-05 -1.748003429e-17 -0.04798858402)
(-3.341012358e-05 -1.735585654e-17 -0.04752573547)
(-3.352714337e-05 -1.726977342e-17 -0.04698571514)
(-3.33967142e-05 -1.6719088e-17 -0.04635888934)
(-3.300531814e-05 -1.632866859e-17 -0.04563501137)
(-3.234311518e-05 -1.591965509e-17 -0.04480326678)
(-3.140502729e-05 -1.548665754e-17 -0.04385232523)
(-3.01921575e-05 -1.526120654e-17 -0.04277040886)
(-2.871134607e-05 -1.451341471e-17 -0.0415453692)
(-2.697572158e-05 -1.375821696e-17 -0.04016476787)
(-2.500533949e-05 -1.297203719e-17 -0.03861596222)
(-2.282734892e-05 -1.242169694e-17 -0.03688619877)
(-2.047620977e-05 -1.160434057e-17 -0.0349627084)
(-1.799392348e-05 -1.071441761e-17 -0.03283280104)
(-1.54294692e-05 -9.916421552e-18 -0.03048395697)
(-1.283887215e-05 -8.924414195e-18 -0.02790391411)
(-1.028493966e-05 -7.7886378e-18 -0.02508075119)
(-7.836910123e-06 -6.642477189e-18 -0.02200296196)
(-5.56942059e-06 -5.533098358e-18 -0.01865951888)
(-3.561821605e-06 -4.351311737e-18 -0.01503992699)
(-1.90609676e-06 -3.155133219e-18 -0.01113425468)
(-7.265331642e-07 -1.92653887e-18 -0.006933105304)
(-1.321467639e-07 -6.572563684e-19 -0.002427435676)
(-4.891606239e-07 -3.055407167e-18 -0.05035065662)
(-1.280691614e-06 -5.940558951e-18 -0.05034974764)
(-2.048066215e-06 -6.617903265e-18 -0.05034774206)
(-2.871869236e-06 -6.962897206e-18 -0.050344684)
(-3.732675584e-06 -7.991228837e-18 -0.05034052488)
(-4.634927094e-06 -8.555130797e-18 -0.05033516821)
(-5.586615698e-06 -8.809234069e-18 -0.05032846891)
(-6.592418624e-06 -8.774896165e-18 -0.05032022269)
(-7.65584323e-06 -8.327318902e-18 -0.05031015543)
(-8.778713637e-06 -1.009199159e-17 -0.05029790476)
(-9.959898304e-06 -1.079272689e-17 -0.0502829986)
(-1.119591775e-05 -1.1473235e-17 -0.05026483072)
(-1.248129377e-05 -1.208410922e-17 -0.05024263301)
(-1.380881304e-05 -1.260012754e-17 -0.05021544487)
(-1.516991272e-05 -1.328048594e-17 -0.05018208002)
(-1.655545766e-05 -1.38945861e-17 -0.05014109093)
(-1.795547682e-05 -1.442694066e-17 -0.05009073151)
(-1.935793342e-05 -1.49724089e-17 -0.05002891829)
(-2.074975615e-05 -1.539163059e-17 -0.04995318726)
(-2.211838352e-05 -1.572193312e-17 -0.04986065011)
(-2.344921535e-05 -1.597288202e-17 -0.0497479511)
(-2.472508572e-05 -1.614333424e-17 -0.04961122367)
(-2.592905728e-05 -1.635509114e-17 -0.04944604813)
(-2.704235112e-05 -1.649885587e-17 -0.04924741433)
(-2.804426966e-05 -1.658071424e-17 -0.04900968806)
(-2.891437889e-05 -1.660052244e-17 -0.04872658419)
(-2.963133658e-05 -1.653989169e-17 -0.04839114851)
(-3.017416114e-05 -1.635433334e-17 -0.04799574642)
(-3.052297314e-05 -1.606625787e-17 -0.04753206456)
(-3.065905333e-05 -1.568210314e-17 -0.04699112198)
(-3.056670109e-05 -1.506501168e-17 -0.04636329071)
(-3.023313536e-05 -1.473817047e-17 -0.04563833312)
(-2.964897292e-05 -1.431635593e-17 -0.04480544631)
(-2.880952635e-05 -1.378108892e-17 -0.04385331475)
(-2.771572452e-05 -1.343465643e-17 -0.0427701794)
(-2.637367237e-05 -1.296694573e-17 -0.04154391359)
(-2.479521532e-05 -1.239474316e-17 -0.04016210257)
(-2.299857019e-05 -1.172665198e-17 -0.03861213074)
(-2.100851884e-05 -1.096610706e-17 -0.03688127467)
(-1.885673823e-05 -1.040456664e-17 -0.03495679801)
(-1.658160125e-05 -9.746722106e-18 -0.03282604611)
(-1.422803309e-05 -8.785910976e-18 -0.03047653606)
(-1.184745903e-05 -7.700780657e-18 -0.0278960436)
(-9.497679019e-06 -6.684339625e-18 -0.02507268747)
(-7.242570331e-06 -5.534218028e-18 -0.021995003)
(-5.151182489e-06 -4.550066882e-18 -0.01865200547)
(-3.297184403e-06 -3.676057972e-18 -0.01503324364)
(-1.766173169e-06 -2.711424122e-18 -0.01112883079)
(-6.74133731e-07 -1.673905437e-18 -0.006929416856)
(-1.228870607e-07 -5.756034752e-19 -0.002426006915)
(-3.912273409e-07 -9.547890215e-18 -0.05035942809)
(-1.025677271e-06 -8.924913942e-18 -0.05035854518)
(-1.645796952e-06 -1.070250729e-17 -0.0503565951)
(-2.318045799e-06 -7.788562914e-18 -0.05035361864)
(-3.030063483e-06 -1.387658155e-17 -0.05034956414)
(-3.78726877e-06 -1.20139258e-17 -0.05034433157)
(-4.597633906e-06 -1.258851798e-17 -0.05033777255)
(-5.466355299e-06 -1.119047276e-17 -0.05032967881)
(-6.395976084e-06 -1.092853392e-17 -0.05031977027)
(-7.388274322e-06 -1.147460725e-17 -0.05030767896)
(-8.442455e-06 -1.180871863e-17 -0.05029292715)
(-9.554900385e-06 -1.232352925e-17 -0.05027490273)
(-1.071993319e-05 -1.31512728e-17 -0.05025283187)
(-1.193030323e-05 -1.246657937e-17 -0.05022574868)
(-1.317783947e-05 -1.208008191e-17 -0.05019246192)
(-1.445370547e-05 -1.1286622e-17 -0.0501515198)
(-1.57472703e-05 -1.101867065e-17 -0.0501011728)
(-1.704657584e-05 -1.256227076e-17 -0.05003933341)
(-1.833991123e-05 -1.35069265e-17 -0.04996353281)
(-1.961514131e-05 -1.405804018e-17 -0.0498708777)
(-2.085794061e-05 -1.429340585e-17 -0.04975800758)
(-2.205252871e-05 -1.419175242e-17 -0.04962104981)
(-2.318289101e-05 -1.477220274e-17 -0.0494555786)
(-2.423120877e-05 -1.514537899e-17 -0.04925657844)
(-2.517877291e-05 -1.541051543e-17 -0.04901840957)
(-2.600635819e-05 -1.564818926e-17 -0.04873478244)
(-2.669387694e-05 -1.594557166e-17 -0.04839873949)
(-2.722240367e-05 -1.554461446e-17 -0.04800264466)
(-2.757341362e-05 -1.516481999e-17 -0.04753818523)
(-2.772941823e-05 -1.4305059e-17 -0.04699638245)
(-2.767616706e-05 -1.409525219e-17 -0.04636761403)
(-2.740172215e-05 -1.380368531e-17 -0.04564165075)
(-2.68972527e-05 -1.345019017e-17 -0.04480770002)
(-2.615857067e-05 -1.304136122e-17 -0.04385446007)
(-2.518621679e-05 -1.258814071e-17 -0.04277018925)
(-2.398549994e-05 -1.207359468e-17 -0.04154278073)
(-2.256706691e-05 -1.148576053e-17 -0.04015984136)
(-2.094734426e-05 -1.081552429e-17 -0.03860878036)
(-1.914877403e-05 -1.005369524e-17 -0.036876902)
(-1.720022982e-05 -9.456679721e-18 -0.03495150057)
(-1.513642378e-05 -8.792160457e-18 -0.03281995367)
(-1.299815948e-05 -8.033444974e-18 -0.03046981149)
(-1.083218241e-05 -7.217405123e-18 -0.02788888531)
(-8.691175892e-06 -6.456075392e-18 -0.02506533117)
(-6.63351475e-06 -5.644959631e-18 -0.0219877233)
(-4.722489744e-06 -4.657139933e-18 -0.01864511728)
(-3.025885375e-06 -3.704662929e-18 -0.01502710349)
(-1.622715799e-06 -2.704084376e-18 -0.01112383787)
(-6.204057843e-07 -1.6588094e-18 -0.006926014751)
(-1.133913325e-07 -5.68748413e-19 -0.00242468603)
(-2.936550755e-07 -2.103295884e-18 -0.05036764577)
(-7.711953235e-07 -2.734582348e-18 -0.05036678937)
(-1.243252492e-06 -1.231919651e-18 -0.05036489623)
(-1.763330198e-06 -5.249817426e-18 -0.05036200272)
(-2.326118081e-06 -7.271447322e-18 -0.05035805403)
(-2.93742989e-06 -8.226795064e-18 -0.05035294749)
(-3.604762007e-06 -8.946828456e-18 -0.0503465303)
(-4.334408763e-06 -9.723118951e-18 -0.05033859046)
(-5.128593151e-06 -1.065884017e-17 -0.0503288426)
(-5.988041753e-06 -1.185902822e-17 -0.05031691242)
(-6.912077099e-06 -1.166750025e-17 -0.05030231627)
(-7.897372136e-06 -1.195640794e-17 -0.05028443639)
(-8.9382085e-06 -1.242795286e-17 -0.05026249342)
(-1.00276471e-05 -1.282536963e-17 -0.05023551625)
(-1.115778993e-05 -1.294951877e-17 -0.05020230917)
(-1.231927321e-05 -1.309468641e-17 -0.05016141687)
(-1.350144192e-05 -1.331361602e-17 -0.05011108645)
(-1.469330865e-05 -1.350113884e-17 -0.05004922626)
(-1.588427815e-05 -1.368309311e-17 -0.04997336322)
(-1.70622909e-05 -1.383150696e-17 -0.04988060002)
(-1.821335339e-05 -1.393758072e-17 -0.04976757141)
(-1.932355533e-05 -1.401033456e-17 -0.04963039951)
(-2.037760951e-05 -1.409621949e-17 -0.04946465342)
(-2.135853542e-05 -1.414743291e-17 -0.04926531229)
(-2.224962074e-05 -1.414169779e-17 -0.04902673168)
(-2.303299239e-05 -1.406536145e-17 -0.0487426184)
(-2.368996112e-05 -1.39064445e-17 -0.04840601162)
(-2.420329111e-05 -1.376591129e-17 -0.04800927403)
(-2.455594975e-05 -1.354643943e-17 -0.04754409373)
(-2.473190627e-05 -1.33851289e-17 -0.04700149403)
(-2.471806295e-05 -1.315512884e-17 -0.04637185787)
(-2.450336159e-05 -1.288032726e-17 -0.0456449637)
(-2.407963775e-05 -1.256106682e-17 -0.04481002832)
(-2.344318996e-05 -1.219476416e-17 -0.04385576314)
(-2.259416306e-05 -1.177913316e-17 -0.04277044216)
(-2.153708687e-05 -1.131128209e-17 -0.04154197584)
(-2.028144575e-05 -1.078941863e-17 -0.04015799112)
(-1.884193603e-05 -1.021334511e-17 -0.03860591992)
(-1.723878771e-05 -9.58911729e-18 -0.03687309172)
(-1.549782592e-05 -8.928675345e-18 -0.03494682868)
(-1.365017887e-05 -8.239959888e-18 -0.03281453766)
(-1.173243921e-05 -7.561502786e-18 -0.03046379891)
(-9.786596837e-06 -6.863181643e-18 -0.02788245623)
(-7.860073222e-06 -6.139928951e-18 -0.02505870005)
(-6.005544673e-06 -5.394662075e-18 -0.02198114064)
(-4.280304809e-06 -4.543056769e-18 -0.01863887124)
(-2.74596072e-06 -3.58906611e-18 -0.01502152143)
(-1.474677793e-06 -2.610070766e-18 -0.01111928762)
(-5.6495582e-07 -1.597781713e-18 -0.006922906754)
(-1.035918223e-07 -5.472362386e-19 -0.002423475903)
(-1.962778419e-07 -2.179831521e-18 -0.050375311)
(-5.169051053e-07 -3.767316296e-18 -0.05037448167)
(-8.410346691e-07 -5.095342453e-18 -0.05037264612)
(-1.209704401e-06 -7.474123399e-18 -0.05036983605)
(-1.622971102e-06 -4.056543341e-18 -0.05036599375)
(-2.087766302e-06 -5.173808181e-18 -0.05036101391)
(-2.611377443e-06 -5.120720316e-18 -0.050354739)
(-3.199886553e-06 -7.630669052e-18 -0.05034695292)
(-3.856311774e-06 -9.631266088e-18 -0.05033736562)
(-4.580935784e-06 -8.734005483e-18 -0.0503255968)
(-5.372312151e-06 -9.885652223e-18 -0.05031115639)
(-6.227194612e-06 -1.084038146e-17 -0.05029342084)
(-7.140356516e-06 -1.184897059e-17 -0.05027160547)
(-8.105004795e-06 -1.314758638e-17 -0.05024473443)
(-9.112928505e-06 -1.319579009e-17 -0.05021160826)
(-1.015479419e-05 -1.375064802e-17 -0.05017076831)
(-1.122071793e-05 -1.495981649e-17 -0.05012045805)
(-1.230080244e-05 -1.412300213e-17 -0.05005858216)
(-1.338488813e-05 -1.369521424e-17 -0.04998266394)
(-1.446102575e-05 -1.3477033e-17 -0.04988980278)
(-1.551629044e-05 -1.33596549e-17 -0.04977662887)
(-1.653811471e-05 -1.328135015e-17 -0.04963925968)
(-1.75121181e-05 -1.320378391e-17 -0.04947326007)
(-1.842267227e-05 -1.308821748e-17 -0.0492736043)
(-1.925445373e-05 -1.289635715e-17 -0.04903464375)
(-1.999095512e-05 -1.257817572e-17 -0.04875008213)
(-2.061550774e-05 -1.206222455e-17 -0.04841295583)
(-2.111213398e-05 -1.212235005e-17 -0.04801562655)
(-2.14650567e-05 -1.201491831e-17 -0.04754978308)
(-2.166013982e-05 -1.219863377e-17 -0.04700645087)
(-2.168528775e-05 -1.206211663e-17 -0.04637601774)
(-2.153022945e-05 -1.185043553e-17 -0.04564826895)
(-2.118762162e-05 -1.15815056e-17 -0.04481242995)
(-2.065411588e-05 -1.126219105e-17 -0.04385722419)
(-1.992968378e-05 -1.089372585e-17 -0.04277093983)
(-1.901819478e-05 -1.047826862e-17 -0.04154150274)
(-1.792796546e-05 -1.0016321e-17 -0.04015655802)
(-1.667199734e-05 -9.508350765e-18 -0.03860355805)
(-1.526837005e-05 -8.955769927e-18 -0.03686985544)
(-1.373980686e-05 -8.361049553e-18 -0.03494279708)
(-1.211381094e-05 -7.728557897e-18 -0.03280981533)
(-1.042268927e-05 -7.062335183e-18 -0.03045851781)
(-8.703557969e-06 -6.363251265e-18 -0.02787677775)
(-6.998394434e-06 -5.633668273e-18 -0.02505281675)
(-5.353926709e-06 -4.877863684e-18 -0.021975278)
(-3.821143169e-06 -4.103725528e-18 -0.01863328951)
(-2.455123638e-06 -3.232190555e-18 -0.01501651742)
(-1.320798252e-06 -2.344391089e-18 -0.01111519637)
(-5.072907082e-07 -1.432357457e-18 -0.006920103989)
(-9.339246094e-08 -4.897994383e-19 -0.002422380845)
(-9.921396881e-08 -1.915429532e-18 -0.05038242697)
(-2.636837054e-07 -3.051132125e-18 -0.05038162465)
(-4.408470528e-07 -3.872273861e-18 -0.05037984626)
(-6.589231125e-07 -4.637656229e-18 -0.05037711903)
(-9.228730408e-07 -4.868898215e-18 -0.05037338291)
(-1.240945261e-06 -5.437426468e-18 -0.05036852914)
(-1.620267855e-06 -6.109132127e-18 -0.05036239612)
(-2.066122188e-06 -7.017941493e-18 -0.05035476265)
(-2.582367567e-06 -7.828636375e-18 -0.05034533392)
(-3.169493463e-06 -8.335376587e-18 -0.0503337243)
(-3.825571021e-06 -8.922493681e-18 -0.05031943778)
(-4.547004287e-06 -9.508317029e-18 -0.05030184486)
(-5.328732633e-06 -1.00944688e-17 -0.05028015577)
(-6.163922704e-06 -1.064901884e-17 -0.0502533905)
(-7.044459717e-06 -1.109595539e-17 -0.05022034592)
(-7.961708413e-06 -1.151041372e-17 -0.05017955994)
(-8.906595836e-06 -1.18523219e-17 -0.05012927275)
(-9.870169278e-06 -1.198725715e-17 -0.05006738579)
(-1.08423807e-05 -1.204914717e-17 -0.04999141971)
(-1.181159962e-05 -1.208353985e-17 -0.04989847058)
(-1.276667734e-05 -1.210103347e-17 -0.04978516465)
(-1.369580272e-05 -1.209897166e-17 -0.04964761541)
(-1.458535468e-05 -1.206956705e-17 -0.04948138387)
(-1.54217177e-05 -1.200475782e-17 -0.04928144019)
(-1.619068575e-05 -1.189664853e-17 -0.04904213224)
(-1.687694787e-05 -1.174253105e-17 -0.04875716065)
(-1.746603533e-05 -1.15530011e-17 -0.04841955989)
(-1.794329458e-05 -1.136399445e-17 -0.04802169104)
(-1.829422639e-05 -1.114760463e-17 -0.04755524302)
(-1.850654402e-05 -1.090811098e-17 -0.04701124386)
(-1.856921723e-05 -1.080650315e-17 -0.04638008598)
(-1.847284143e-05 -1.065733485e-17 -0.0456515603)
(-1.821104584e-05 -1.04530969e-17 -0.04481490041)
(-1.778073162e-05 -1.019527811e-17 -0.04385884063)
(-1.718172385e-05 -9.88765033e-18 -0.0427716818)
(-1.641737129e-05 -9.533856735e-18 -0.0415413635)
(-1.549492814e-05 -9.133857856e-18 -0.040155547)
(-1.442581336e-05 -8.686888591e-18 -0.03860170294)
(-1.322586259e-05 -8.192235184e-18 -0.0368672045)
(-1.191481653e-05 -7.649732581e-18 -0.03493942023)
(-1.051653062e-05 -7.059252469e-18 -0.03280580453)
(-9.058970304e-06 -6.420672597e-18 -0.03045398923)
(-7.574237982e-06 -5.732916761e-18 -0.02787187352)
(-6.098642202e-06 -4.992816098e-18 -0.02504770668)
(-4.672651146e-06 -4.193167413e-18 -0.02197016137)
(-3.340555801e-06 -3.317980938e-18 -0.01862839716)
(-2.15045174e-06 -2.671983994e-18 -0.0150121139)
(-1.159506884e-06 -1.963880612e-18 -0.01111158209)
(-4.468310608e-07 -1.209201797e-18 -0.006917618238)
(-8.270342783e-08 -4.15176027e-19 -0.002421405096)
(-2.985891774e-09 -1.126491968e-18 -0.05038899758)
(-1.271757571e-08 -9.860872108e-19 -0.05038822179)
(-4.45590257e-08 -2.201544499e-18 -0.05038649962)
(-1.128373251e-07 -3.335318535e-18 -0.05038385406)
(-2.275943144e-07 -4.203567712e-18 -0.05038022292)
(-3.986100582e-07 -4.9981867e-18 -0.05037549342)
(-6.33205477e-07 -5.960273545e-18 -0.05036950047)
(-9.357600605e-07 -6.57639427e-18 -0.05036201728)
(-1.309948044e-06 -7.065878766e-18 -0.05035274403)
(-1.756660191e-06 -7.476680026e-18 -0.05034128987)
(-2.274025976e-06 -7.836320635e-18 -0.0503271534)
(-2.858292023e-06 -8.05515894e-18 -0.05030969977)
(-3.504175898e-06 -8.385673464e-18 -0.05028813436)
(-4.205091965e-06 -8.749080319e-18 -0.05026147309)
(-4.953493634e-06 -9.252402561e-18 -0.05022850925)
(-5.741342855e-06 -9.728040705e-18 -0.05018777759)
(-6.560576688e-06 -9.929106651e-18 -0.05013751535)
(-7.402552539e-06 -1.013334804e-17 -0.05007562141)
(-8.257260307e-06 -1.03243926e-17 -0.0499996143)
(-9.114278366e-06 -1.048985358e-17 -0.04990658681)
(-9.963981948e-06 -1.062079397e-17 -0.04979316181)
(-1.079529959e-05 -1.071265005e-17 -0.04965544989)
(-1.159552584e-05 -1.076249276e-17 -0.04948900826)
(-1.235289411e-05 -1.076729856e-17 -0.04928880368)
(-1.305449249e-05 -1.072358211e-17 -0.04904918135)
(-1.368640798e-05 -1.06285195e-17 -0.04876383899)
(-1.423596887e-05 -1.048011846e-17 -0.0484258095)
(-1.469013196e-05 -1.027705503e-17 -0.04802745376)
(-1.503596868e-05 -1.001888352e-17 -0.0475604609)
(-1.52626592e-05 -9.721314677e-18 -0.0470158614)
(-1.536042904e-05 -9.61297705e-18 -0.04638405191)
(-1.532095516e-05 -9.480865541e-18 -0.04565482852)
(-1.513888262e-05 -9.303201332e-18 -0.04481743245)
(-1.481131734e-05 -9.077708773e-18 -0.04386060772)
(-1.433798622e-05 -8.812990818e-18 -0.0427726659)
(-1.372184997e-05 -8.529712373e-18 -0.04154155895)
(-1.296923103e-05 -8.209383979e-18 -0.04015496244)
(-1.20901815e-05 -7.839854977e-18 -0.03860036308)
(-1.109821327e-05 -7.404086355e-18 -0.03686515186)
(-1.001016342e-05 -6.913071417e-18 -0.03493671558)
(-8.846254256e-06 -6.373585286e-18 -0.03280252747)
(-7.630076768e-06 -5.794032582e-18 -0.03045023998)
(-6.388590226e-06 -5.169602567e-18 -0.02786777447)
(-5.152190269e-06 -4.498149682e-18 -0.02504340395)
(-3.954716487e-06 -3.769579042e-18 -0.02196582663)
(-2.833272782e-06 -2.965036822e-18 -0.01862422992)
(-1.828380302e-06 -2.391930247e-18 -0.01500834411)
(-9.887629367e-07 -1.759698016e-18 -0.0111084728)
(-3.827167686e-07 -1.083755545e-18 -0.006915469257)
(-7.132864659e-08 -3.722011549e-19 -0.002420556656)
(9.214565345e-08 2.010590712e-18 -0.05039502802)
(2.352089481e-07 1.002392787e-17 -0.05039427785)
(3.469926941e-07 6.661846937e-19 -0.05039261034)
(4.276731319e-07 -2.332851719e-18 -0.05039004497)
(4.613687732e-07 -3.439802456e-18 -0.05038651651)
(4.372423226e-07 -3.553182332e-18 -0.0503819082)
(3.478883661e-07 -6.838470087e-18 -0.05037605154)
(1.894378635e-07 -6.50656565e-18 -0.05036871487)
(-4.098314609e-08 -6.534090926e-18 -0.0503595926)
(-3.447493962e-07 -6.785214707e-18 -0.05034828885)
(-7.200496682e-07 -7.348316658e-18 -0.05033429711)
(-1.163126865e-06 -6.068841737e-18 -0.05031697766)
(-1.66883507e-06 -6.494461525e-18 -0.05029553145)
(-2.230909369e-06 -6.33615174e-18 -0.05026897049)
(-2.842288059e-06 -7.270871326e-18 -0.05023608484)
(-3.495763198e-06 -7.674322931e-18 -0.05019540633)
(-4.184081244e-06 -7.507214367e-18 -0.05014516979)
(-4.898547552e-06 -8.205860666e-18 -0.05008327245)
(-5.629745628e-06 -8.650133988e-18 -0.05000723042)
(-6.369061738e-06 -8.959586607e-18 -0.04991413369)
(-7.107560184e-06 -9.185301449e-18 -0.04980060237)
(-7.834889937e-06 -9.348666293e-18 -0.04966274474)
(-8.540255413e-06 -9.459789993e-18 -0.04949611481)
(-9.213087173e-06 -9.521596273e-18 -0.04929567647)
(-9.8417019e-06 -9.52998465e-18 -0.04905577273)
(-1.0414294e-05 -9.475820435e-18 -0.048770099)
(-1.091957199e-05 -9.35131296e-18 -0.04843168703)
(-1.1345908e-05 -9.141648616e-18 -0.04803289761)
(-1.16824748e-05 -8.815482474e-18 -0.04756542036)
(-1.191977007e-05 -8.306692507e-18 -0.04702028811)
(-1.204918647e-05 -8.393060176e-18 -0.04638790137)
(-1.206371175e-05 -8.33027939e-18 -0.04565806095)
(-1.195899538e-05 -8.153817088e-18 -0.04482001517)
(-1.173256129e-05 -7.864613574e-18 -0.04386251661)
(-1.13842022e-05 -7.435863117e-18 -0.04277388587)
(-1.091657979e-05 -7.431694939e-18 -0.0415420859)
(-1.033521814e-05 -7.350256523e-18 -0.04015480468)
(-9.648898823e-06 -7.265642984e-18 -0.0385995431)
(-8.868960767e-06 -6.736710752e-18 -0.0368637069)
(-8.009441416e-06 -6.199609969e-18 -0.03493469735)
(-7.087001297e-06 -5.604340301e-18 -0.03280000341)
(-6.120860462e-06 -5.149292083e-18 -0.03044729435)
(-5.132735422e-06 -4.615137914e-18 -0.02786450942)
(-4.146870163e-06 -4.119716093e-18 -0.02503994086)
(-3.190068026e-06 -3.587623896e-18 -0.02196230792)
(-2.291656155e-06 -2.943906597e-18 -0.01862082147)
(-1.483813494e-06 -2.315312524e-18 -0.01500523842)
(-8.058471016e-07 -1.692230972e-18 -0.01110589258)
(-3.139948624e-07 -1.027790689e-18 -0.006913672191)
(-5.91612447e-08 -3.535898447e-19 -0.002419840405)
(1.856474305e-07 -2.65392235e-18 -0.05040052385)
(4.790721e-07 -5.290148869e-18 -0.05039979822)
(7.333349391e-07 -8.577735295e-18 -0.05039818351)
(9.621505232e-07 -5.909562436e-18 -0.05039569579)
(1.143050418e-06 -5.100000859e-18 -0.0503922663)
(1.265259364e-06 -4.844441069e-18 -0.05038777489)
(1.321925484e-06 -4.777195437e-18 -0.05038204917)
(1.30840238e-06 -5.056583711e-18 -0.05037485329)
(1.222911988e-06 -5.316836544e-18 -0.0503658758)
(1.064577968e-06 -5.551082226e-18 -0.05035471559)
(8.345758073e-07 -6.124268173e-18 -0.0503408615)
(5.364795686e-07 -6.706053901e-18 -0.05032366932)
(1.752581288e-07 -7.166655387e-18 -0.05030233595)
(-2.431998689e-07 -7.503012056e-18 -0.05027586997)
(-7.125646073e-07 -7.694358194e-18 -0.05024305838)
(-1.226509016e-06 -7.783553012e-18 -0.05020243047)
(-1.777811606e-06 -7.93579451e-18 -0.05015221946)
(-2.358147232e-06 -8.014716432e-18 -0.05009032103)
(-2.959556836e-06 -8.015992771e-18 -0.05001424899)
(-3.574882139e-06 -8.052169634e-18 -0.04992109111)
(-4.195689752e-06 -8.140301124e-18 -0.04980746573)
(-4.812422262e-06 -8.235565063e-18 -0.04966947866)
(-5.416476804e-06 -8.332027422e-18 -0.04950268161)
(-5.99839682e-06 -8.432908634e-18 -0.04930203643)
(-6.54767174e-06 -8.508406393e-18 -0.04906188396)
(-7.05476701e-06 -8.503408516e-18 -0.04877591819)
(-7.509801972e-06 -8.444971393e-18 -0.04843717031)
(-7.902599957e-06 -8.345071379e-18 -0.0480380007)
(-8.224544257e-06 -8.211545762e-18 -0.04757010018)
(-8.467482877e-06 -8.053544552e-18 -0.04702450405)
(-8.624039384e-06 -7.872299691e-18 -0.04639161586)
(-8.688700804e-06 -7.702809787e-18 -0.045661241)
(-8.65806472e-06 -7.524902514e-18 -0.04482263423)
(-8.530240329e-06 -7.336084862e-18 -0.04386455564)
(-8.30528892e-06 -7.155562513e-18 -0.04277533366)
(-7.985716537e-06 -6.847691118e-18 -0.04154294072)
(-7.57651096e-06 -6.501221868e-18 -0.04015507542)
(-7.085128269e-06 -6.100234816e-18 -0.03859925048)
(-6.520996164e-06 -5.930200335e-18 -0.03686288359)
(-5.895530244e-06 -5.74352729e-18 -0.03493338723)
(-5.22197214e-06 -5.579098399e-18 -0.03279826243)
(-4.515235875e-06 -5.058938305e-18 -0.03044519108)
(-3.791745956e-06 -4.575332332e-18 -0.02786212559)
(-3.069379479e-06 -3.917949027e-18 -0.02503737221)
(-2.367465805e-06 -3.262609039e-18 -0.02195966572)
(-1.706854998e-06 -2.606256731e-18 -0.01861823506)
(-1.110418302e-06 -1.944318985e-18 -0.01500285868)
(-6.068295565e-07 -1.251050487e-18 -0.01110389634)
(-2.388008327e-07 -7.743512447e-19 -0.006912268045)
(-4.568245587e-08 -2.665627006e-19 -0.002419274224)
(2.776036713e-07 -5.383569506e-18 -0.05040549171)
(7.192682032e-07 -1.440796516e-17 -0.05040478972)
(1.114530551e-06 -4.159434553e-18 -0.05040322579)
(1.489852815e-06 -4.901072079e-18 -0.05040081217)
(1.816893367e-06 -5.203106847e-18 -0.05039747655)
(2.084976212e-06 -5.37545336e-18 -0.05039309631)
(2.287896888e-06 -1.509321029e-18 -0.05038749435)
(2.420325005e-06 -3.753708292e-18 -0.05038043097)
(2.480859205e-06 -4.875046624e-18 -0.05037159012)
(2.469838154e-06 -5.444441677e-18 -0.05036056497)
(2.388242969e-06 -5.778773192e-18 -0.05034683962)
(2.238958505e-06 -7.908669212e-18 -0.05032976592)
(2.026631927e-06 -8.259314113e-18 -0.05030853722)
(1.75652557e-06 -9.07323339e-18 -0.05028215892)
(1.434108553e-06 -8.512537085e-18 -0.05024941543)
(1.065538609e-06 -8.33500162e-18 -0.05020883432)
(6.579232546e-07 -8.552699545e-18 -0.05015864756)
(2.1841145e-07 -7.731231767e-18 -0.05009674903)
(-2.466550412e-07 -6.816729562e-18 -0.05002065079)
(-7.30886042e-07 -6.555630073e-18 -0.04992743901)
(-1.226438543e-06 -6.911360116e-18 -0.04981373086)
(-1.725302506e-06 -7.073783134e-18 -0.04967563006)
(-2.220504667e-06 -7.20356444e-18 -0.04950868653)
(-2.703884966e-06 -7.511439295e-18 -0.04930786091)
(-3.166467168e-06 -7.978250599e-18 -0.04906749228)
(-3.600545287e-06 -7.747716205e-18 -0.04878127365)
(-3.997939975e-06 -7.591309908e-18 -0.04844223614)
(-4.350241068e-06 -7.441417746e-18 -0.04804274006)
(-4.650648817e-06 -7.246969403e-18 -0.04757447761)
(-4.892597262e-06 -6.946359406e-18 -0.04702848658)
(-5.070216382e-06 -6.594043729e-18 -0.0463951733)
(-5.179614655e-06 -6.667222431e-18 -0.04566434756)
(-5.218271082e-06 -6.573454504e-18 -0.04482526989)
(-5.184948245e-06 -6.336898623e-18 -0.04386670666)
(-5.080216559e-06 -6.57876787e-18 -0.0427769931)
(-4.906643176e-06 -6.20967109e-18 -0.04154410976)
(-4.668955005e-06 -5.784771603e-18 -0.04015576443)
(-4.37344565e-06 -5.264897902e-18 -0.03859947923)
(-4.027873814e-06 -5.122027389e-18 -0.03686268051)
(-3.641312777e-06 -4.901384922e-18 -0.03493278915)
(-3.223859576e-06 -4.630331897e-18 -0.03279731455)
(-2.786347455e-06 -4.256675586e-18 -0.03044394674)
(-2.340027542e-06 -3.959537642e-18 -0.02786064604)
(-1.896342826e-06 -3.537745052e-18 -0.02503572672)
(-1.466797445e-06 -3.114834476e-18 -0.02195793253)
(-1.063028935e-06 -2.587484986e-18 -0.01861650372)
(-6.973795355e-07 -1.982118916e-18 -0.01500123413)
(-3.859976952e-07 -1.384099361e-18 -0.01110250491)
(-1.553006935e-07 -8.359008455e-19 -0.006911266181)
(-3.084018398e-08 -2.815102646e-19 -0.002418857944)
(3.683924131e-07 -2.66112185e-18 -0.05040993982)
(9.564607161e-07 -4.902002036e-18 -0.05040926014)
(1.49073291e-06 -4.757959154e-18 -0.05040774376)
(2.010000255e-06 -5.142362544e-18 -0.0504053996)
(2.481664571e-06 -6.028825664e-18 -0.05040215187)
(2.894670355e-06 -6.324809046e-18 -0.05039787538)
(3.243268015e-06 -6.221273174e-18 -0.05039238844)
(3.522930195e-06 -6.107505493e-18 -0.05038544731)
(3.73138507e-06 -5.925975669e-18 -0.05037673199)
(3.869255856e-06 -5.269950342e-18 -0.05036583089)
(3.938356291e-06 -5.948210658e-18 -0.05035222324)
(3.941333579e-06 -6.280171282e-18 -0.05033525703)
(3.881977464e-06 -6.330209274e-18 -0.05031412246)
(3.764870062e-06 -6.304787853e-18 -0.05028782229)
(3.595149125e-06 -6.31411323e-18 -0.05025513915)
(3.378724517e-06 -6.337453887e-18 -0.0502145994)
(3.121793274e-06 -6.208220031e-18 -0.05016443353)
(2.830135186e-06 -6.199770276e-18 -0.05010253394)
(2.508717317e-06 -6.251390745e-18 -0.0500264114)
(2.163373787e-06 -6.286416032e-18 -0.04993315147)
(1.801211506e-06 -6.310806433e-18 -0.04981937015)
(1.428148379e-06 -6.346308264e-18 -0.04968116979)
(1.050034754e-06 -6.397445608e-18 -0.04951409919)
(6.738685818e-07 -6.396611335e-18 -0.04931311824)
(3.063005874e-07 -6.407286187e-18 -0.04907256496)
(-4.644163429e-08 -6.470044483e-18 -0.04878613195)
(-3.776868402e-07 -6.541309592e-18 -0.04844685065)
(-6.813218222e-07 -6.613450737e-18 -0.04804708174)
(-9.52227401e-07 -6.736226933e-18 -0.04757851909)
(-1.185423199e-06 -6.977239709e-18 -0.04703220293)
(-1.37681359e-06 -7.164738017e-18 -0.04639854234)
(-1.524163873e-06 -6.784013316e-18 -0.04566735164)
(-1.626012047e-06 -6.590693176e-18 -0.04482789649)
(-1.681955101e-06 -6.584159569e-18 -0.04386894826)
(-1.693228706e-06 -6.089397966e-18 -0.04277884827)
(-1.662654747e-06 -5.671370641e-18 -0.041545584)
(-1.594801273e-06 -5.292847998e-18 -0.04015687097)
(-1.495134581e-06 -4.936884055e-18 -0.0386002385)
(-1.370035088e-06 -4.602296693e-18 -0.03686311871)
(-1.226542291e-06 -4.261919612e-18 -0.03493293805)
(-1.071941189e-06 -3.894067749e-18 -0.03279721056)
(-9.133109586e-07 -3.722179489e-18 -0.03044362972)
(-7.56989783e-07 -3.33799415e-18 -0.02786015801)
(-6.080788562e-07 -2.911552104e-18 -0.0250351107)
(-4.700324293e-07 -2.428606498e-18 -0.02195723225)
(-3.445588204e-07 -1.859652253e-18 -0.01861576491)
(-2.321177475e-07 -1.451262465e-18 -0.01500050806)
(-1.342692023e-07 -9.85105086e-19 -0.01110185465)
(-5.83523241e-08 -4.649506071e-19 -0.006910776162)
(-1.288036142e-08 -1.63390431e-19 -0.00241864363)
(4.57731146e-07 -2.656417123e-18 -0.05041387781)
(1.189569406e-06 -5.13703787e-18 -0.05041321805)
(1.85998565e-06 -7.754213002e-18 -0.05041174504)
(2.5204991e-06 -4.098928826e-18 -0.05040946448)
(3.134611433e-06 -8.24303762e-18 -0.05040629787)
(3.690821267e-06 -8.347029514e-18 -0.05040211647)
(4.18389183e-06 -1.049576688e-17 -0.05039673498)
(4.610520341e-06 -7.796002712e-18 -0.05038990475)
(4.968007578e-06 -6.890382263e-18 -0.0503813019)
(5.256688445e-06 -7.214569278e-18 -0.05037051122)
(5.478643535e-06 -5.884763159e-18 -0.05035700802)
(5.63671984e-06 -4.966080741e-18 -0.05034013656)
(5.734184032e-06 -4.060317929e-18 -0.05031908419)
(5.775155912e-06 -2.890179078e-18 -0.05029285172)
(5.764350221e-06 -3.276796192e-18 -0.05026022035)
(5.706729844e-06 -3.220037584e-18 -0.05021971517)
(5.607287102e-06 -2.509948911e-18 -0.05016956549)
(5.47045553e-06 -3.913636488e-18 -0.05010766265)
(5.300538813e-06 -5.174341989e-18 -0.05003151681)
(5.102871197e-06 -5.630772912e-18 -0.04993821347)
(4.88298639e-06 -5.388789219e-18 -0.04982436766)
(4.644975914e-06 -5.307422537e-18 -0.04968608096)
(4.393616008e-06 -5.247451687e-18 -0.04951890202)
(4.134625341e-06 -5.007425311e-18 -0.04931778999)
(3.872296809e-06 -4.633069873e-18 -0.04907708272)
(3.61135654e-06 -5.016977502e-18 -0.0487904732)
(3.356905702e-06 -5.412193575e-18 -0.048450993)
(3.112607967e-06 -5.465332796e-18 -0.04805100398)
(2.881915614e-06 -5.682856803e-18 -0.04758220197)
(2.668174394e-06 -5.42618606e-18 -0.0470356293)
(2.473496594e-06 -5.510612611e-18 -0.04640169792)
(2.298510772e-06 -5.261678609e-18 -0.04567022637)
(2.143346937e-06 -5.147077504e-18 -0.04483048491)
(2.007305614e-06 -5.156327437e-18 -0.04387124917)
(1.88831519e-06 -4.777846331e-18 -0.04278086569)
(1.782913168e-06 -4.460751045e-18 -0.0415473277)
(1.686613136e-06 -4.180238802e-18 -0.0401583569)
(1.594387273e-06 -3.921820268e-18 -0.03860148785)
(1.500757829e-06 -3.677068893e-18 -0.0368641562)
(1.400182467e-06 -3.440817652e-18 -0.0349337912)
(1.287573749e-06 -3.211833999e-18 -0.0327979081)
(1.158921132e-06 -2.993943796e-18 -0.03044419938)
(1.012087699e-06 -2.660116996e-18 -0.02786062377)
(8.476836974e-07 -2.313213765e-18 -0.02503549001)
(6.699558675e-07 -1.945750578e-18 -0.02195753373)
(4.873799969e-07 -1.551235453e-18 -0.01861598785)
(3.127881329e-07 -1.230286783e-18 -0.01500064554)
(1.628384147e-07 -8.894408894e-19 -0.01110190206)
(5.630575932e-08 -5.364275601e-19 -0.006910748073)
(7.814975743e-09 -1.824772921e-19 -0.002418596395)
(5.430033266e-07 -1.327298422e-18 -0.05041730803)
(1.413452181e-06 -1.101830352e-18 -0.05041666987)
(2.21571751e-06 1.031871313e-18 -0.05041523789)
(3.013530637e-06 -1.627583673e-18 -0.05041301574)
(3.766622492e-06 -2.556375488e-18 -0.05040992216)
(4.462838942e-06 -3.10446832e-18 -0.0504058248)
(5.097358609e-06 -3.521505652e-18 -0.05040053552)
(5.668350116e-06 -3.670377623e-18 -0.0503938011)
(6.174005041e-06 -4.004781847e-18 -0.050385294)
(6.614227624e-06 -4.874203653e-18 -0.05037459575)
(6.990822663e-06 -3.913977894e-18 -0.05036117873)
(7.306430798e-06 -3.323204169e-18 -0.05034438435)
(7.564207344e-06 -2.817121085e-18 -0.05032339765)
(7.767742261e-06 -2.105625054e-18 -0.05029721772)
(7.920841967e-06 -2.544725967e-18 -0.05026462446)
(8.027502695e-06 -2.754961059e-18 -0.05022414192)
(8.091605363e-06 -3.005381228e-18 -0.05017399867)
(8.116318408e-06 -3.198084413e-18 -0.05011208559)
(8.105549019e-06 -3.36127429e-18 -0.05003591313)
(8.063795107e-06 -3.445692116e-18 -0.04994256662)
(7.994491093e-06 -3.449495817e-18 -0.04982866072)
(7.90058278e-06 -3.422740761e-18 -0.04969029694)
(7.785713947e-06 -3.369409433e-18 -0.04952302451)
(7.653611902e-06 -3.279462647e-18 -0.04932180247)
(7.506790982e-06 -3.174443287e-18 -0.04908096914)
(7.348240829e-06 -3.098191393e-18 -0.04879421864)
(7.181075151e-06 -3.005273325e-18 -0.04845458327)
(7.006860515e-06 -2.913933603e-18 -0.04805442667)
(6.827205312e-06 -2.727845265e-18 -0.04758544712)
(6.643573552e-06 -2.443166464e-18 -0.04703868914)
(6.455923507e-06 -2.261466928e-18 -0.04640456792)
(6.263402745e-06 -2.494850079e-18 -0.0456729061)
(6.064790485e-06 -2.53343845e-18 -0.04483297817)
(5.858036118e-06 -2.369163709e-18 -0.0438735636)
(5.640057523e-06 -2.550290504e-18 -0.04278301354)
(5.406587194e-06 -2.597944002e-18 -0.04154932655)
(5.153050331e-06 -2.570461855e-18 -0.04016022904)
(4.874626864e-06 -2.497795506e-18 -0.03860325853)
(4.566430601e-06 -2.395224904e-18 -0.03686585281)
(4.224007693e-06 -2.27039794e-18 -0.03493544169)
(3.843934638e-06 -2.127100118e-18 -0.03279953852)
(3.424583342e-06 -1.966405918e-18 -0.03044583053)
(2.967174803e-06 -1.786530652e-18 -0.02786226696)
(2.477089534e-06 -1.592487762e-18 -0.02503714169)
(1.965417092e-06 -1.386942067e-18 -0.02195916971)
(1.450392698e-06 -1.168427087e-18 -0.0186175581)
(9.58645418e-07 -9.256707683e-19 -0.01500207127)
(5.270485891e-07 -6.712524117e-19 -0.01110307779)
(2.047295668e-07 -4.092457075e-19 -0.00691155201)
(3.793034626e-08 -1.397888136e-19 -0.002418905384)
(6.30890723e-07 -1.08552109e-18 -0.05042030795)
(1.634758549e-06 -8.173609269e-19 -0.05041967075)
(2.555276902e-06 -7.572176323e-19 -0.05041826805)
(3.478515422e-06 -1.997170538e-18 -0.05041609793)
(4.359675985e-06 2.328060545e-18 -0.05041307102)
(5.186299916e-06 1.702101381e-18 -0.05040904999)
(5.954323871e-06 2.251038562e-18 -0.05040384306)
(6.662849549e-06 5.950491824e-19 -0.05039719333)
(7.311366055e-06 5.17463558e-20 -0.05038876908)
(7.899399154e-06 4.960365256e-19 -0.05037814914)
(8.428433692e-06 -4.932667671e-19 -0.05036480351)
(8.900799147e-06 -9.831627876e-19 -0.05034807161)
(9.319166454e-06 -1.424684497e-18 -0.05032713677)
(9.686435663e-06 -2.197237116e-18 -0.05030099673)
(1.000558984e-05 -1.958452393e-18 -0.05026843044)
(1.027964032e-05 -2.299843369e-18 -0.05022796131)
(1.051109299e-05 -3.303207035e-18 -0.05017781735)
(1.070251032e-05 -2.303731549e-18 -0.05011588968)
(1.085729278e-05 -1.781357875e-18 -0.05003968933)
(1.097831332e-05 -1.523927546e-18 -0.04994630154)
(1.10671978e-05 -1.402752409e-18 -0.04983234114)
(1.112601214e-05 -1.344428824e-18 -0.0496939104)
(1.115732274e-05 -1.301733042e-18 -0.04952655907)
(1.116249289e-05 -1.240999261e-18 -0.04932524683)
(1.114259258e-05 -1.137228179e-18 -0.04908431305)
(1.109911745e-05 -9.633097278e-19 -0.04879745319)
(1.10327975e-05 -6.855364491e-19 -0.04845770083)
(1.094336863e-05 -7.303991867e-19 -0.04805742166)
(1.083065162e-05 -6.49161644e-19 -0.04758831645)
(1.069400757e-05 -1.179198842e-18 -0.04704143201)
(1.053126786e-05 -1.148956628e-18 -0.04640718702)
(1.034001477e-05 -1.165939531e-18 -0.04567540793)
(1.011753239e-05 -1.190930537e-18 -0.04483537232)
(9.860219958e-06 -1.212645832e-18 -0.04387586331)
(9.563690259e-06 -1.243664429e-18 -0.04278523603)
(9.22274068e-06 -1.266906277e-18 -0.0415514934)
(8.832162467e-06 -1.274918687e-18 -0.04016236541)
(8.386773987e-06 -1.264493971e-18 -0.03860539127)
(7.881621565e-06 -1.234151123e-18 -0.03686800968)
(7.312483498e-06 -1.184168823e-18 -0.0349376495)
(6.676491606e-06 -1.115869841e-18 -0.03280182027)
(5.972966107e-06 -1.03089527e-18 -0.03044820136)
(5.204639976e-06 -9.307746789e-19 -0.02786472837)
(4.379341858e-06 -8.177191511e-19 -0.02503967377)
(3.512239953e-06 -6.941456208e-19 -0.02196172147)
(2.628489886e-06 -5.629801838e-19 -0.01862003706)
(1.767157081e-06 -4.455135007e-19 -0.01500433567)
(9.900271093e-07 -3.242476568e-19 -0.01110493873)
(3.940777725e-07 -1.985426697e-19 -0.006912797749)
(7.391124239e-08 -6.792870318e-20 -0.002419354892)
(6.672655327e-07 2.415672694e-19 -0.05042258206)
(1.761874321e-06 2.720146005e-18 -0.05042199075)
(2.80391645e-06 3.007703272e-18 -0.05042063967)
(3.84655413e-06 2.824953133e-18 -0.05041852283)
(4.842902869e-06 3.018869884e-18 -0.05041555166)
(5.78532476e-06 2.666114631e-18 -0.05041158844)
(6.672956506e-06 2.071162167e-18 -0.05040643954)
(7.505360586e-06 1.540130631e-18 -0.05039984676)
(8.283572092e-06 1.201252299e-18 -0.05039147582)
(9.007822958e-06 1.078603985e-18 -0.05038090354)
(9.678672854e-06 1.033411087e-18 -0.05036759867)
(1.02978073e-05 1.30882648e-18 -0.05035089943)
(1.086722132e-05 1.573074112e-18 -0.0503299881)
(1.138901046e-05 1.810147036e-18 -0.05030386163)
(1.186518793e-05 1.752585548e-18 -0.0502712984)
(1.229736912e-05 1.601056216e-18 -0.05023082138)
(1.268719243e-05 1.60995593e-18 -0.05018065881)
(1.303699623e-05 1.664424766e-18 -0.05011870278)
(1.334901153e-05 1.578039096e-18 -0.05004246474)
(1.362435314e-05 1.41105927e-18 -0.04994903047)
(1.38635189e-05 1.212485969e-18 -0.04983501571)
(1.406775866e-05 1.018056748e-18 -0.04969652431)
(1.42381809e-05 8.498688975e-19 -0.04952910707)
(1.437423651e-05 7.200287728e-19 -0.04932772524)
(1.447572973e-05 6.341174682e-19 -0.04908672038)
(1.454274221e-05 5.887501261e-19 -0.0487997897)
(1.457372708e-05 5.662155515e-19 -0.04845996929)
(1.456689807e-05 5.278307466e-19 -0.04805962779)
(1.452056077e-05 4.628150156e-19 -0.04759046884)
(1.443209108e-05 3.130676114e-19 -0.04704354233)
(1.429761884e-05 3.162235602e-19 -0.04640927093)
(1.41132412e-05 2.731162862e-19 -0.04567748521)
(1.387490985e-05 2.135957888e-19 -0.044837466)
(1.357784642e-05 1.469340352e-19 -0.0438780001)
(1.321653368e-05 7.135148633e-20 -0.04278744655)
(1.278529243e-05 -2.328579229e-20 -0.04155381213)
(1.227859937e-05 -1.172079576e-19 -0.04016482945)
(1.169111559e-05 -1.921719898e-19 -0.03860803878)
(1.101797384e-05 -2.31524274e-19 -0.03687087883)
(1.025521906e-05 -2.414935736e-19 -0.0349407765)
(9.400357121e-06 -2.294229965e-19 -0.03280523626)
(8.45311846e-06 -2.060918182e-19 -0.03045192797)
(7.416652979e-06 -1.69444159e-19 -0.02786877101)
(6.299329098e-06 -1.210176854e-19 -0.02504401156)
(5.117375492e-06 -5.688075605e-20 -0.02196629215)
(3.898379284e-06 2.67626146e-20 -0.01862471469)
(2.68735332e-06 7.055061207e-21 -0.01500889887)
(1.562208087e-06 -3.048278831e-21 -0.01110903054)
(6.600965422e-07 -4.973131021e-21 -0.006915885715)
(1.385338306e-07 -2.261781252e-21 -0.002420703876)
(7.615047802e-07 5.751148547e-18 -0.05042569343)
(1.939143173e-06 1.947624862e-17 -0.05042507095)
(2.987699959e-06 1.080098732e-17 -0.05042372652)
(4.058004436e-06 7.301770927e-18 -0.05042163686)
(5.102284779e-06 5.613847075e-18 -0.05041869988)
(6.107718261e-06 4.118288196e-18 -0.05041477355)
(7.070888578e-06 1.424984813e-18 -0.05040966078)
(7.989278934e-06 1.766719947e-18 -0.05040310153)
(8.862702947e-06 1.711778518e-18 -0.05039476028)
(9.691471746e-06 1.574660797e-18 -0.05038421171)
(1.047513787e-05 1.437689266e-18 -0.05037092318)
(1.121370208e-05 3.781925939e-18 -0.05035423201)
(1.19079444e-05 4.402904231e-18 -0.05033331963)
(1.255876651e-05 5.503787624e-18 -0.05030718231)
(1.316671907e-05 5.343721558e-18 -0.05027459791)
(1.373241873e-05 5.566066578e-18 -0.05023408941)
(1.425727054e-05 6.256657176e-18 -0.0501838857)
(1.47426853e-05 6.192099043e-18 -0.05012187917)
(1.518933491e-05 5.179698359e-18 -0.0500455815)
(1.559686359e-05 4.372796387e-18 -0.04995207917)
(1.596517565e-05 3.713323161e-18 -0.04983798936)
(1.629498501e-05 3.174782227e-18 -0.04969941714)
(1.658572251e-05 2.74406345e-18 -0.04953191439)
(1.683585881e-05 2.411925677e-18 -0.04933044412)
(1.704434484e-05 2.170618012e-18 -0.0490893501)
(1.720987985e-05 2.014441596e-18 -0.04880233115)
(1.732947818e-05 1.93907005e-18 -0.04846242579)
(1.740028206e-05 1.947718086e-18 -0.04806200563)
(1.741951123e-05 2.057397376e-18 -0.0475927765)
(1.738296364e-05 2.313963574e-18 -0.0470457911)
(1.728590919e-05 1.986161129e-18 -0.04641147562)
(1.712366309e-05 1.766458728e-18 -0.04567966403)
(1.689118039e-05 1.623944822e-18 -0.04483963971)
(1.658291434e-05 1.543183214e-18 -0.04388019245)
(1.61926109e-05 1.506145001e-18 -0.04278968489)
(1.571436308e-05 1.162024093e-18 -0.04155612693)
(1.514247329e-05 8.2621518e-19 -0.04016725271)
(1.447142227e-05 5.103499494e-19 -0.03861060383)
(1.36961817e-05 4.90112162e-19 -0.03687361933)
(1.281253297e-05 5.211582277e-19 -0.03494372496)
(1.181743389e-05 6.166333869e-19 -0.03280842162)
(1.070952546e-05 5.4974209e-19 -0.03045537199)
(9.489986632e-06 5.39194143e-19 -0.02787248228)
(8.163899483e-06 4.616003559e-19 -0.02504797567)
(6.742231598e-06 4.096518614e-19 -0.02197045572)
(5.244435118e-06 4.759803019e-19 -0.01862896088)
(3.706486755e-06 3.438144639e-19 -0.01501301347)
(2.213426932e-06 2.170364009e-19 -0.01111266402)
(9.656189596e-07 1.335678992e-19 -0.006918535085)
(2.026257955e-07 4.640525529e-20 -0.00242177022)
(6.036564237e-07 6.765321408e-18 -0.05042734582)
(1.633321812e-06 2.203892013e-17 -0.050426724)
(2.662250822e-06 1.337027147e-17 -0.05042541338)
(3.69346699e-06 9.283312747e-18 -0.05042335663)
(4.690440808e-06 7.014626992e-18 -0.05042044999)
(5.649450761e-06 5.013822285e-18 -0.05041655097)
(6.570952698e-06 1.874568949e-18 -0.05041146108)
(7.454612007e-06 2.157468782e-18 -0.05040491945)
(8.300471512e-06 2.112499978e-18 -0.05039659081)
(9.109225716e-06 2.007489034e-18 -0.05038604963)
(9.881017196e-06 1.962676954e-18 -0.05037276225)
(1.061554671e-05 4.567734688e-18 -0.05035606557)
(1.131302851e-05 5.175335735e-18 -0.05033514094)
(1.197369642e-05 5.897857895e-18 -0.05030898442)
(1.259744444e-05 6.562948742e-18 -0.05027637412)
(1.31845227e-05 7.323011615e-18 -0.05023583395)
(1.373548465e-05 8.195316475e-18 -0.05018559351)
(1.425036742e-05 8.0972313e-18 -0.05012354562)
(1.472878982e-05 6.922151714e-18 -0.05004720281)
(1.516966354e-05 5.924428066e-18 -0.04995365318)
(1.557210249e-05 5.082723062e-18 -0.04983951647)
(1.593549058e-05 4.385065745e-18 -0.04970089951)
(1.625805714e-05 3.820774669e-18 -0.04953335647)
(1.653768591e-05 3.379836069e-18 -0.04933185361)
(1.677239565e-05 3.054628174e-18 -0.04909073766)
(1.69597234e-05 2.838706416e-18 -0.04880371044)
(1.709630552e-05 2.728331011e-18 -0.04846381425)
(1.717884153e-05 2.72397183e-18 -0.04806342487)
(1.720402953e-05 2.832263728e-18 -0.0475942514)
(1.716770823e-05 3.075348344e-18 -0.04704735078)
(1.70658019e-05 2.745859925e-18 -0.04641315361)
(1.689435043e-05 2.50164391e-18 -0.04568149705)
(1.664923298e-05 2.324633532e-18 -0.04484166775)
(1.632635854e-05 2.201307707e-18 -0.04388245862)
(1.592157217e-05 2.105674787e-18 -0.04279223574)
(1.54312628e-05 1.731847575e-18 -0.04155901165)
(1.485228942e-05 1.358095863e-18 -0.04017052135)
(1.418197767e-05 1.013229663e-18 -0.03861430716)
(1.341828083e-05 9.178035442e-19 -0.03687780803)
(1.255992104e-05 8.832798021e-19 -0.03494844849)
(1.160651952e-05 9.098122569e-19 -0.03281372667)
(1.055875179e-05 8.46279829e-19 -0.03046130036)
(9.418626128e-06 8.325994825e-19 -0.02787906751)
(8.18996987e-06 7.454250814e-19 -0.02505523663)
(6.87909077e-06 6.823706353e-19 -0.02197838342)
(5.495200495e-06 6.176408726e-19 -0.01863748875)
(4.053432281e-06 5.341673806e-19 -0.01502194672)
(2.59802828e-06 4.51994341e-19 -0.0111215114)
(1.271796223e-06 2.96653994e-19 -0.006926142232)
(3.240113117e-07 1.466346495e-19 -0.002425707219)
)
;

boundaryField
{
    front_top
    {
        type            wedge;
    }
    front_middle
    {
        type            wedge;
    }
    front_bottom
    {
        type            wedge;
    }
    back_top
    {
        type            wedge;
    }
    back_middle
    {
        type            wedge;
    }
    back_bottom
    {
        type            wedge;
    }
    axis_top
    {
        type            symmetryPlane;
    }
    axis_middle
    {
        type            symmetryPlane;
    }
    axis_bottom
    {
        type            symmetryPlane;
    }
    wall_top
    {
        type            slip;
    }
    wall_middle
    {
        type            noSlip;
    }
    wall_bottom
    {
        type            noSlip;
    }
    inlet
    {
        type            fixedValue;
        value           nonuniform 0();
    }
    outlet
    {
        type            zeroGradient;
    }
    procBoundary0to1
    {
        type            processor;
        value           nonuniform List<vector> 
51
(
(-1.31443469e-06 -5.505602831e-18 -0.05024769404)
(-3.432351576e-06 -1.293147503e-17 -0.0502465843)
(-5.439553549e-06 -9.235130079e-18 -0.05024415548)
(-7.525870849e-06 -8.0647439e-18 -0.05024048191)
(-9.622582382e-06 -8.594448997e-18 -0.0502355323)
(-1.171959432e-05 -1.060578075e-17 -0.05022923466)
(-1.382236172e-05 -9.02084436e-18 -0.05022147105)
(-1.593655262e-05 -1.074770893e-17 -0.05021207049)
(-1.806416088e-05 -1.179081617e-17 -0.05020079525)
(-2.020640106e-05 -1.182328763e-17 -0.05018732468)
(-2.236420978e-05 -1.319590581e-17 -0.05017123365)
(-2.453744093e-05 -1.613137319e-17 -0.05015196468)
(-2.672484198e-05 -1.700030611e-17 -0.05012879772)
(-2.892392968e-05 -1.805533615e-17 -0.05010081799)
(-3.113060538e-05 -1.888904811e-17 -0.05006688354)
(-3.333898276e-05 -1.98467859e-17 -0.05002559179)
(-3.554192795e-05 -2.12743881e-17 -0.04997524438)
(-3.594985964e-05 -2.122225337e-17 -0.0499283601)
(-3.594985964e-05 -2.122225337e-17 -0.0499283601)
(-3.803280415e-05 -2.255563457e-17 -0.0498533521)
(-4.007284574e-05 -2.319838755e-17 -0.04976198118)
(-4.205210397e-05 -2.323854257e-17 -0.04965095955)
(-4.394811078e-05 -2.376230133e-17 -0.04951649489)
(-4.573461197e-05 -2.375251841e-17 -0.04935424429)
(-4.738204083e-05 -2.30685586e-17 -0.0491592729)
(-4.88573368e-05 -2.243625069e-17 -0.04892601687)
(-5.012589777e-05 -2.261646255e-17 -0.04864825087)
(-5.115124027e-05 -2.273697272e-17 -0.04831906546)
(-5.189696562e-05 -2.279390035e-17 -0.04793085102)
(-5.232765996e-05 -2.283541053e-17 -0.04747529507)
(-5.241014833e-05 -2.29236647e-17 -0.04694338918)
(-5.21161136e-05 -2.262900862e-17 -0.04632544856)
(-5.142234705e-05 -2.206998534e-17 -0.04561114554)
(-5.031247051e-05 -2.156696726e-17 -0.04478955131)
(-4.877848324e-05 -2.111064173e-17 -0.04384919402)
(-4.682120163e-05 -2.030672863e-17 -0.04277812442)
(-4.445152783e-05 -1.947492642e-17 -0.04156398836)
(-4.169166972e-05 -1.861897444e-17 -0.04019411513)
(-3.857469495e-05 -1.774896878e-17 -0.03865560849)
(-3.514495788e-05 -1.688200827e-17 -0.03693543768)
(-3.145821571e-05 -1.57438799e-17 -0.03502053328)
(-2.75814136e-05 -1.458810403e-17 -0.03289788542)
(-2.359233066e-05 -1.341193126e-17 -0.03055463905)
(-1.957910753e-05 -1.208661317e-17 -0.02797818605)
(-1.563961806e-05 -1.060931531e-17 -0.0251562515)
(-1.188049609e-05 -9.092106363e-18 -0.02207697031)
(-8.415136823e-06 -7.451079071e-18 -0.01872895212)
(-5.362497316e-06 -5.872247473e-18 -0.01510133564)
(-2.858089252e-06 -4.249096718e-18 -0.0111838184)
(-1.083020832e-06 -2.578513586e-18 -0.006966628654)
(-1.951535115e-07 -8.823611956e-19 -0.002440339792)
)
;
    }
}


// ************************************************************************* //
