/*--------------------------------*- C++ -*----------------------------------*\
  =========                 |
  \\      /  F ield         | OpenFOAM: The Open Source CFD Toolbox
   \\    /   O peration     | Website:  https://openfoam.org
    \\  /    A nd           | Version:  7
     \\/     M anipulation  |
\*---------------------------------------------------------------------------*/
FoamFile
{
    version     2.0;
    format      ascii;
    class       surfaceScalarField;
    location    "0.0012";
    object      phi;
}
// * * * * * * * * * * * * * * * * * * * * * * * * * * * * * * * * * * * * * //

dimensions      [1 0 -1 0 0 0 0];

internalField   nonuniform List<scalar> 
2260
(
-2.920332077e-13
7.499023549e-11
-1.143434399e-12
2.191766349e-10
-2.514159978e-12
3.54526635e-10
-4.360464002e-12
4.80938123e-10
-6.635719097e-12
5.984064399e-10
-9.291597457e-12
7.069951713e-10
-1.2278368e-11
8.068188973e-10
-1.55455066e-11
8.980398372e-10
-1.904214005e-11
9.808599462e-10
-2.271752212e-11
1.055513201e-09
-2.652132394e-11
1.122258981e-09
-3.040393691e-11
1.181376572e-09
-3.431694248e-11
1.233160266e-09
-3.821341989e-11
1.277915176e-09
-4.204812016e-11
1.315953526e-09
-4.57778419e-11
1.34759155e-09
-4.936163802e-11
1.373147053e-09
1.392937021e-09
-2.968313857e-13
7.528706688e-11
-1.161878647e-12
2.200416822e-10
-2.553333802e-12
3.559180901e-10
-4.425019252e-12
4.828098085e-10
-6.727564638e-12
6.007089854e-10
-9.409550669e-12
7.096771573e-10
-1.241827439e-11
8.09827621e-10
-1.570022672e-11
9.013217896e-10
-1.920182061e-11
9.843615402e-10
-2.286985574e-11
1.059181237e-09
-2.665200951e-11
1.126041135e-09
-3.049716918e-11
1.185221732e-09
-3.435603748e-11
1.237019134e-09
-3.818115412e-11
1.281740293e-09
-4.192733832e-11
1.31969971e-09
-4.555207348e-11
1.351216285e-09
-4.901551933e-11
1.376610499e-09
-5.22808444e-11
1.396202346e-09
-5.531441965e-11
1.410309178e-09
-5.808569934e-11
1.419243632e-09
-6.056739065e-11
1.423312279e-09
-6.273547468e-11
1.422814087e-09
-6.45690733e-11
1.418038577e-09
-6.605039039e-11
1.409264342e-09
-6.716447921e-11
1.396757548e-09
-6.789917066e-11
1.38077025e-09
-6.824489187e-11
1.361538532e-09
-6.819437707e-11
1.339280649e-09
-6.774250989e-11
1.314194471e-09
-6.688626331e-11
1.286455274e-09
-6.562450431e-11
1.256212052e-09
-6.395775302e-11
1.223583589e-09
-6.188858951e-11
1.188653868e-09
-5.942170456e-11
1.151465528e-09
-5.656449421e-11
1.112012464e-09
-5.33278922e-11
1.070231207e-09
-4.972792747e-11
1.025991583e-09
-4.578760213e-11
9.790880774e-10
-4.153936243e-11
9.292350539e-10
-3.702821872e-11
8.760679952e-10
-3.231420684e-11
8.191528286e-10
-2.747504179e-11
7.580043726e-10
-2.260753553e-11
6.921107331e-10
-1.782848883e-11
6.209595071e-10
-1.32748633e-11
5.440628254e-10
-9.103193631e-12
4.609751156e-10
-5.488837797e-12
3.713052838e-10
-2.625060652e-12
2.747371914e-10
-7.21389524e-13
1.710753277e-10
6.023362193e-11
-3.047647575e-13
7.559183163e-11
-1.19258733e-12
2.209295047e-10
-2.619372368e-12
3.573448752e-10
-4.535994691e-12
4.847264308e-10
-6.889782025e-12
6.030627726e-10
-9.625613798e-12
7.124129892e-10
-1.268702205e-11
8.128890294e-10
-1.601690528e-11
9.046516732e-10
-1.95582496e-11
9.879028846e-10
-2.325477435e-11
1.062877761e-09
-2.705146468e-11
1.129837825e-09
-3.089520264e-11
1.18906547e-09
-3.473491823e-11
1.24085885e-09
-3.852215078e-11
1.285527525e-09
-4.221138638e-11
1.323388946e-09
-4.576016939e-11
1.354765068e-09
-4.912947892e-11
1.379979809e-09
-5.228364231e-11
1.39935651e-09
-5.519061442e-11
1.41321615e-09
-5.782190898e-11
1.421874927e-09
-6.015271807e-11
1.425643088e-09
-6.216160789e-11
1.424822977e-09
-6.38304672e-11
1.419707437e-09
-6.514441507e-11
1.41057829e-09
-6.609153178e-11
1.397704665e-09
-6.666259811e-11
1.381341317e-09
-6.685103928e-11
1.361726973e-09
-6.665237405e-11
1.339081984e-09
-6.606425952e-11
1.313606356e-09
-6.508617246e-11
1.285477187e-09
-6.371926624e-11
1.254845146e-09
-6.196653251e-11
1.221830855e-09
-5.983250846e-11
1.186519844e-09
-5.732376618e-11
1.148956786e-09
-5.444952094e-11
1.109138218e-09
-5.122237189e-11
1.067004058e-09
-4.765964161e-11
1.022428852e-09
-4.378558132e-11
9.752140167e-10
-3.963332825e-11
9.250828004e-10
-3.524787242e-11
8.716825394e-10
-3.068832217e-11
8.145932784e-10
-2.603016534e-11
7.533462158e-10
-2.136626317e-11
6.874468311e-10
-1.68075624e-11
6.164008062e-10
-1.248276352e-11
5.397380265e-10
-8.537598817e-12
4.570299508e-10
-5.133827859e-12
3.679015127e-10
-2.448153924e-12
2.720515174e-10
-6.703692918e-13
1.69297543e-10
5.956325256e-11
-3.156520004e-13
7.590748363e-11
-1.234858051e-12
2.218487108e-10
-2.710812862e-12
3.5882083e-10
-4.691064775e-12
4.867066827e-10
-7.118961875e-12
6.054906698e-10
-9.935300878e-12
7.152293282e-10
-1.307928442e-11
8.160330129e-10
-1.648954818e-11
9.080619366e-10
-2.010504936e-11
9.915183856e-10
-2.38658332e-11
1.066638545e-09
-2.771363624e-11
1.133685628e-09
-3.159250328e-11
1.192944338e-09
-3.544915392e-11
1.2447155e-09
-3.923366854e-11
1.289312039e-09
-4.289942002e-11
1.327054698e-09
-4.640375552e-11
1.358269403e-09
-4.970772635e-11
1.38328378e-09
-5.277663262e-11
1.402425416e-09
-5.557972104e-11
1.416019239e-09
-5.809029342e-11
1.424385499e-09
-6.028563253e-11
1.427838427e-09
-6.214685633e-11
1.426684201e-09
-6.36586805e-11
1.421219261e-09
-6.480909028e-11
1.4117287e-09
-6.558924789e-11
1.398484823e-09
-6.599304619e-11
1.381745115e-09
-6.601686536e-11
1.361750792e-09
-6.565938657e-11
1.338724506e-09
-6.492130728e-11
1.312868278e-09
-6.380489308e-11
1.284360772e-09
-6.231399601e-11
1.253354249e-09
-6.045400671e-11
1.219970866e-09
-5.823202484e-11
1.184297862e-09
-5.565682383e-11
1.146381584e-09
-5.273949905e-11
1.106220893e-09
-4.949458809e-11
1.063759147e-09
-4.594103757e-11
1.018875302e-09
-4.210421454e-11
9.71377194e-10
-3.801814941e-11
9.209967356e-10
-3.372780187e-11
8.67392192e-10
-2.929148532e-11
8.101569619e-10
-2.478243127e-11
7.488371618e-10
-2.028983814e-11
6.829542379e-10
-1.591918971e-11
6.120301578e-10
-1.179163454e-11
5.356104715e-10
-8.043047209e-12
4.532813636e-10
-4.822929167e-12
3.646813948e-10
-2.293060017e-12
2.695216483e-10
-6.256285995e-13
1.676301116e-10
5.893762391e-11
-3.292055975e-13
7.623668922e-11
-1.287590404e-12
2.228070956e-10
-2.82533608e-12
3.603585757e-10
-4.886256327e-12
4.887676029e-10
-7.409388894e-12
6.080138023e-10
-1.033095717e-11
7.181508965e-10
-1.358547647e-11
8.192875322e-10
-1.710687655e-11
9.115833366e-10
-2.082958202e-11
9.95241091e-10
-2.468935413e-11
1.070498317e-09
-2.862412928e-11
1.137620404e-09
-3.257460246e-11
1.196894811e-09
-3.648487617e-11
1.248625774e-09
-4.030270259e-11
1.293129866e-09
-4.398010713e-11
1.330732102e-09
-4.747331397e-11
1.36176261e-09
-5.074336662e-11
1.386553832e-09
-5.375578846e-11
1.405437838e-09
-5.648076107e-11
1.418744211e-09
-5.889310711e-11
1.426797845e-09
-6.097199682e-11
1.429917317e-09
-6.270079368e-11
1.428412998e-09
-6.406676748e-11
1.422585235e-09
-6.506082152e-11
1.412722754e-09
-6.567715118e-11
1.399101152e-09
-6.591283446e-11
1.381980798e-09
-6.576748566e-11
1.361605444e-09
-6.524294728e-11
1.338199967e-09
-6.434297254e-11
1.311968303e-09
-6.30729777e-11
1.283090778e-09
-6.143996496e-11
1.251721236e-09
-5.945203336e-11
1.217982935e-09
-5.711883151e-11
1.18196466e-09
-5.44517791e-11
1.143714532e-09
-5.146430854e-11
1.103233423e-09
-4.817287949e-11
1.060467718e-09
-4.459839071e-11
1.015300813e-09
-4.076747985e-11
9.675462829e-10
-3.671519801e-11
9.169444535e-10
-3.248658575e-11
8.631635795e-10
-2.813923174e-11
8.05809608e-10
-2.374443975e-11
7.444423699e-10
-1.938804655e-11
6.785978447e-10
-1.517059023e-11
6.078127015e-10
-1.120636085e-11
5.31646242e-10
-7.622497794e-12
4.496975005e-10
-4.557609679e-12
3.616165066e-10
-2.160315383e-12
2.671243539e-10
-5.872322475e-13
1.660570284e-10
5.835039166e-11
-3.450146207e-13
7.65817039e-11
-1.349196969e-12
2.23811278e-10
-2.959478014e-12
3.619688568e-10
-5.115665781e-12
4.909237908e-10
-7.752431151e-12
6.106505677e-10
-1.080106919e-11
7.211995346e-10
-1.419112305e-11
8.226775861e-10
-1.785154838e-11
9.15243762e-10
-2.171188725e-11
9.991014298e-10
-2.570326153e-11
1.074489691e-09
-2.975938869e-11
1.141676531e-09
-3.381714439e-11
1.200952566e-09
-3.78172876e-11
1.252625917e-09
-4.170492155e-11
1.2970175e-09
-4.542996119e-11
1.334457142e-09
-4.894729767e-11
1.365279946e-09
-5.221701522e-11
1.38982355e-09
-5.520466925e-11
1.408425492e-09
-5.788078986e-11
1.421420331e-09
-6.022115952e-11
1.429138215e-09
-6.220650601e-11
1.431902664e-09
-6.382222153e-11
1.430028713e-09
-6.505786572e-11
1.423820879e-09
-6.590707686e-11
1.413571965e-09
-6.636688367e-11
1.399560959e-09
-6.643748788e-11
1.382051402e-09
-6.612180746e-11
1.361289763e-09
-6.542497668e-11
1.337503136e-09
-6.435407739e-11
1.310897404e-09
-6.291780765e-11
1.281654508e-09
-6.112618511e-11
1.249929613e-09
-5.899069267e-11
1.215847442e-09
-5.652382709e-11
1.179497795e-09
-5.373965213e-11
1.140930357e-09
-5.065440394e-11
1.100148174e-09
-4.728679304e-11
1.057100107e-09
-4.365969836e-11
1.011673719e-09
-3.980153154e-11
9.636881164e-10
-3.574825978e-11
9.128911818e-10
-3.154543244e-11
8.589607523e-10
-2.725003506e-11
8.015142106e-10
-2.293171456e-11
7.401240494e-10
-1.867351125e-11
6.743396415e-10
-1.457152675e-11
6.037107169e-10
-1.073415185e-11
5.27808867e-10
-7.280880241e-12
4.462442289e-10
-4.340894243e-12
3.586765205e-10
-2.051396319e-12
2.648348559e-10
-5.556268121e-13
1.645612589e-10
5.779476491e-11
-3.624728526e-13
7.694417674e-11
-1.41730733e-12
2.248661125e-10
-3.10807421e-12
3.636596237e-10
-5.370628635e-12
4.931863451e-10
-8.135156937e-12
6.134150959e-10
-1.132817713e-11
7.243925547e-10
-1.487415518e-11
8.26223564e-10
-1.869694958e-11
9.190665563e-10
-2.272109822e-11
1.003125578e-09
-2.687293301e-11
1.078641526e-09
-3.108153305e-11
1.14588513e-09
-3.527961115e-11
1.205150644e-09
-3.940421102e-11
1.256750517e-09
-4.33973234e-11
1.301010612e-09
-4.720614375e-11
1.338265962e-09
-5.07836591e-11
1.368857462e-09
-5.408863548e-11
1.393128526e-09
-5.708565796e-11
1.411422514e-09
-5.974530583e-11
1.424079979e-09
-6.204385494e-11
1.431436764e-09
-6.396302929e-11
1.433821838e-09
-6.54896271e-11
1.431555311e-09
-6.661527948e-11
1.424946531e-09
-6.733597754e-11
1.414292663e-09
-6.765150511e-11
1.399876487e-09
-6.756500378e-11
1.381964901e-09
-6.708251083e-11
1.36080727e-09
-6.621244956e-11
1.336633075e-09
-6.496532844e-11
1.309650283e-09
-6.335329409e-11
1.280042474e-09
-6.138971186e-11
1.247966031e-09
-5.908923207e-11
1.213546962e-09
-5.646779715e-11
1.176876359e-09
-5.354247024e-11
1.13800503e-09
-5.033220715e-11
1.096937912e-09
-4.685857028e-11
1.05362647e-09
-4.314657898e-11
1.007961727e-09
-3.922667716e-11
9.597682146e-10
-3.513606371e-11
9.088005687e-10
-3.092104108e-11
8.547457298e-10
-2.663833595e-11
7.972315055e-10
-2.235637224e-11
7.358420856e-10
-1.815586615e-11
6.701391352e-10
-1.412928728e-11
5.99684138e-10
-1.038010596e-11
5.240596856e-10
-7.021405761e-12
4.428855285e-10
-4.174461948e-12
3.558295767e-10
-1.966946616e-12
2.626273407e-10
-5.309023408e-13
1.631252147e-10
5.726386265e-11
-3.807325492e-13
7.732490929e-11
-1.488646725e-12
2.259740266e-10
-3.264085874e-12
3.654350629e-10
-5.639212692e-12
4.955614721e-10
-8.539894837e-12
6.163157782e-10
-1.188818128e-11
7.277408412e-10
-1.560378987e-11
8.299391728e-10
-1.960569924e-11
9.230684659e-10
-2.381350557e-11
1.007333385e-09
-2.814871409e-11
1.082976734e-09
-3.253578698e-11
1.150272204e-09
-3.690308674e-11
1.209517944e-09
-4.118366698e-11
1.261031097e-09
-4.53157999e-11
1.305142745e-09
-4.92437371e-11
1.342193899e-09
-5.291777788e-11
1.372531503e-09
-5.629474178e-11
1.39650549e-09
-5.933787414e-11
1.414465646e-09
-6.201689219e-11
1.426758997e-09
-6.430786353e-11
1.433727735e-09
-6.61929757e-11
1.43570695e-09
-6.765999982e-11
1.433022335e-09
-6.870200741e-11
1.425988539e-09
-6.931684188e-11
1.414907498e-09
-6.950652687e-11
1.400066172e-09
-6.927704395e-11
1.381735418e-09
-6.863734133e-11
1.360167568e-09
-6.759904907e-11
1.335594783e-09
-6.617592193e-11
1.308227155e-09
-6.438349326e-11
1.278250045e-09
-6.223881146e-11
1.245821349e-09
-5.975990885e-11
1.21106806e-09
-5.696601585e-11
1.174082467e-09
-5.387772028e-11
1.134916735e-09
-5.051702465e-11
1.093577217e-09
-4.690843264e-11
1.050017878e-09
-4.30796078e-11
1.004132902e-09
-3.906311138e-11
9.557517178e-10
-3.489791671e-11
9.046353737e-10
-3.063128554e-11
8.504790984e-10
-2.632011535e-11
7.929203349e-10
-2.203225022e-11
7.315542202e-10
-1.784665114e-11
6.65953536e-10
-1.385305453e-11
5.956905413e-10
-1.015104491e-11
5.203576759e-10
-6.848742542e-12
4.395832261e-10
-4.061137583e-12
3.530419717e-10
-1.90835836e-12
2.604745615e-10
-5.134726822e-13
1.61730329e-10
5.675039008e-11
-3.986551129e-13
7.772356439e-11
-1.558787867e-12
2.271341593e-10
-3.417914007e-12
3.672941889e-10
-5.904925477e-12
4.980484835e-10
-8.942198986e-12
6.193530518e-10
-1.244778211e-11
7.312464243e-10
-1.633733531e-11
8.33828726e-10
-2.052553973e-11
9.272566703e-10
-2.492756763e-11
1.011735413e-09
-2.946044071e-11
1.087509608e-09
-3.404425225e-11
1.154856015e-09
-3.860300113e-11
1.214076693e-09
-4.30655192e-11
1.265493615e-09
-4.736632268e-11
1.309443549e-09
-5.144603494e-11
1.346273611e-09
-5.525194202e-11
1.37633741e-09
-5.873816584e-11
1.399991714e-09
-6.186587793e-11
1.417593359e-09
-6.460329613e-11
1.429496416e-09
-6.692550984e-11
1.436049949e-09
-6.88142412e-11
1.437595682e-09
-7.025744286e-11
1.434465537e-09
-7.124903157e-11
1.426980127e-09
-7.178809966e-11
1.415446565e-09
-7.187850061e-11
1.400156573e-09
-7.152824161e-11
1.381385159e-09
-7.074881946e-11
1.359388145e-09
-6.955488845e-11
1.334400852e-09
-6.796336461e-11
1.306635631e-09
-6.599307915e-11
1.27627976e-09
-6.366446437e-11
1.243492735e-09
-6.0999309e-11
1.208402904e-09
-5.802027766e-11
1.171103435e-09
-5.475143496e-11
1.131647892e-09
-5.121829493e-11
1.090044076e-09
-4.744840338e-11
1.046247987e-09
-4.347254157e-11
1.000157041e-09
-3.932568418e-11
9.516048608e-10
-3.504894059e-11
9.0035863e-10
-3.069089547e-11
8.461210533e-10
-2.630926376e-11
7.885387036e-10
-2.197182147e-11
7.272167782e-10
-1.775659521e-11
6.617383099e-10
-1.37515677e-11
5.91685514e-10
-1.005369079e-11
5.166597992e-10
-6.767578618e-12
4.36297114e-10
-4.003759608e-12
3.502781529e-10
-1.876900825e-12
2.583477029e-10
-5.036251397e-13
1.603570535e-10
5.624676499e-11
-4.147153019e-13
7.813827977e-11
-1.621792292e-12
2.283412364e-10
-3.556556779e-12
3.692289535e-10
-6.145583305e-12
5.0063751e-10
-9.308828712e-12
6.225162971e-10
-1.296161194e-11
7.348992075e-10
-1.701653985e-11
8.378836538e-10
-2.138504972e-11
9.316251801e-10
-2.597887411e-11
1.016329237e-09
-3.071138537e-11
1.092242119e-09
-3.54986789e-11
1.159643309e-09
-4.026082402e-11
1.218838838e-09
-4.492275024e-11
1.270155541e-09
-4.941498059e-11
1.313935779e-09
-5.367431597e-11
1.350532947e-09
-5.76444245e-11
1.380307519e-09
-6.127631712e-11
1.403623607e-09
-6.45281805e-11
1.420845222e-09
-6.736579774e-11
1.432334033e-09
-6.976242837e-11
1.43844658e-09
-7.169845814e-11
1.439531711e-09
-7.316107281e-11
1.435928151e-09
-7.4143944e-11
1.427962999e-09
-7.46465462e-11
1.415949168e-09
-7.467381899e-11
1.400183846e-09
-7.423517731e-11
1.380946517e-09
-7.334413226e-11
1.3584971e-09
-7.201759812e-11
1.333074318e-09
-7.027531657e-11
1.30489335e-09
-6.813931654e-11
1.27414376e-09
-6.563322276e-11
1.240986641e-09
-6.278227159e-11
1.205551953e-09
-5.961294928e-11
1.167934113e-09
-5.615272638e-11
1.128187669e-09
-5.243085054e-11
1.0863222e-09
-4.8478256e-11
1.042295392e-09
-4.432894884e-11
9.960077333e-10
-4.00208179e-11
9.472967294e-10
-3.559745656e-11
8.959352686e-10
-3.110938771e-11
8.416329846e-10
-2.661562918e-11
7.840449448e-10
-2.218461412e-11
7.227857629e-10
-1.789436351e-11
6.574480593e-10
-1.383221601e-11
5.876233666e-10
-1.009394201e-11
5.129215255e-10
-6.78224055e-12
4.329854129e-10
-4.005146397e-12
3.475010589e-10
-1.874180803e-12
2.562167373e-10
-5.019699076e-13
1.589848426e-10
5.574479496e-11
-4.268721921e-13
7.856515195e-11
-1.6697012e-12
2.295840654e-10
-3.662714441e-12
3.712219667e-10
-6.331716602e-12
5.033065122e-10
-9.595670923e-12
6.257802515e-10
-1.336900726e-11
7.386725438e-10
-1.756309542e-11
8.42077742e-10
-2.208779677e-11
9.361498815e-10
-2.685287561e-11
1.021094316e-09
-3.176932901e-11
1.097158572e-09
-3.675047337e-11
1.164624453e-09
-4.171328969e-11
1.223801654e-09
-4.657917247e-11
1.275021424e-09
-5.12748815e-11
1.318631488e-09
-5.573341658e-11
1.354991482e-09
-5.98945672e-11
1.384468669e-09
-6.370530048e-11
1.40743434e-09
-6.712033504e-11
1.424260256e-09
-7.010207377e-11
1.435315771e-09
-7.262076101e-11
1.440965267e-09
-7.465417862e-11
1.441565128e-09
-7.61876867e-11
1.437461659e-09
-7.721355016e-11
1.428988862e-09
-7.773049374e-11
1.416466111e-09
-7.774318587e-11
1.400196538e-09
-7.726157987e-11
1.380464911e-09
-7.630035861e-11
1.357535879e-09
-7.487802028e-11
1.331651979e-09
-7.301637956e-11
1.303031709e-09
-7.073997837e-11
1.271867358e-09
-6.807560995e-11
1.238322272e-09
-6.505159151e-11
1.202527935e-09
-6.169789222e-11
1.164580414e-09
-5.804579706e-11
1.124535574e-09
-5.412799191e-11
1.082404395e-09
-4.997927433e-11
1.038146674e-09
-4.56369879e-11
9.916654466e-10
-4.114242127e-11
9.428021627e-10
-3.65419523e-11
8.913347997e-10
-3.188858284e-11
8.36979615e-10
-2.724340452e-11
7.793997668e-10
-2.26762554e-11
7.18218614e-10
-1.826614864e-11
6.530379526e-10
-1.410104944e-11
5.834582675e-10
-1.027698059e-11
5.090974568e-10
-6.896626746e-12
4.296050593e-10
-4.067661305e-12
3.446720935e-10
-1.901003196e-12
2.540500791e-10
-5.084052622e-13
1.575922445e-10
5.523638939e-11
-4.324557415e-13
7.899760769e-11
-1.692115436e-12
2.308437251e-10
-3.713756609e-12
3.732436079e-10
-6.424370566e-12
5.060171261e-10
-9.744425691e-12
6.291003065e-10
-1.358976209e-11
7.425178802e-10
-1.787309969e-11
8.463610795e-10
-2.250519193e-11
9.407819737e-10
-2.739615389e-11
1.025985278e-09
-3.245665341e-11
1.102219072e-09
-3.759909666e-11
1.169766896e-09
-4.273859511e-11
1.228941153e-09
-4.779400599e-11
1.280076835e-09
-5.268917521e-11
1.323526657e-09
-5.735337861e-11
1.359655686e-09
-6.172243665e-11
1.388837727e-09
-6.573900428e-11
1.411450907e-09
-6.935330836e-11
1.427874561e-09
-7.252338887e-11
1.438485852e-09
-7.521533685e-11
1.443657215e-09
-7.740304853e-11
1.44375284e-09
-7.906838204e-11
1.439126993e-09
-8.020057923e-11
1.430121059e-09
-8.079624314e-11
1.417061775e-09
-8.085841094e-11
1.400258705e-09
-8.039612642e-11
1.380002627e-09
-7.942375719e-11
1.35656351e-09
-7.796035422e-11
1.330188576e-09
-7.602894482e-11
1.3011003e-09
-7.365577724e-11
1.269494191e-09
-7.086984128e-11
1.235536336e-09
-6.770242994e-11
1.199360523e-09
-6.418643886e-11
1.161064422e-09
-6.035676466e-11
1.1207059e-09
-5.624965253e-11
1.078297283e-09
-5.190365147e-11
1.033800674e-09
-4.735976539e-11
9.871215612e-10
-4.266291981e-11
9.381053178e-10
-3.786279264e-11
8.865346728e-10
-3.30154706e-11
8.321322928e-10
-2.818467787e-11
7.745689741e-10
-2.34426461e-11
7.134765827e-10
-1.887056007e-11
6.484658669e-10
-1.455845288e-11
5.791461605e-10
-1.060430293e-11
5.051433069e-10
-7.112742579e-12
4.261134989e-10
-4.193538495e-12
3.417528895e-10
-1.959633012e-12
2.518161738e-10
-5.244239422e-13
1.561570354e-10
5.471196499e-11
-4.280264949e-13
7.942563417e-11
-1.67562288e-12
2.320913215e-10
-3.680323529e-12
3.752483086e-10
-6.373048029e-12
5.087098507e-10
-9.679042173e-12
6.324063008e-10
-1.351900867e-11
7.463578469e-10
-1.781035997e-11
8.50652431e-10
-2.246818792e-11
9.454398017e-10
-2.740623368e-11
1.030923324e-09
-3.253782762e-11
1.107350666e-09
-3.777693388e-11
1.175006002e-09
-4.303906294e-11
1.234203282e-09
-4.824256254e-11
1.285280335e-09
-5.330921492e-11
1.32859331e-09
-5.816559013e-11
1.36451206e-09
-6.274356396e-11
1.393415701e-09
-6.698138459e-11
1.415688728e-09
-7.082416964e-11
1.431717346e-09
-7.422454304e-11
1.441886226e-09
-7.714291905e-11
1.446575591e-09
-7.95478111e-11
1.446157732e-09
-8.141578352e-11
1.440994965e-09
-8.273136952e-11
1.431436645e-09
-8.348672933e-11
1.417817135e-09
-8.36813673e-11
1.400453343e-09
-8.332168011e-11
1.379642939e-09
-8.241996513e-11
1.355661795e-09
-8.099413277e-11
1.328762744e-09
-7.906694083e-11
1.299173108e-09
-7.666511217e-11
1.267092362e-09
-7.381890388e-11
1.232690128e-09
-7.056145718e-11
1.196103077e-09
-6.692833362e-11
1.157431299e-09
-6.295718415e-11
1.11673475e-09
-5.868787731e-11
1.074027976e-09
-5.416237229e-11
1.029275168e-09
-4.942560544e-11
9.82384794e-10
-4.45261746e-11
9.332058865e-10
-3.951744444e-11
8.815259428e-10
-3.445918663e-11
8.270740356e-10
-2.941843873e-11
7.695282263e-10
-2.447073816e-11
7.085288821e-10
-1.970063934e-11
6.436957682e-10
-1.52016006e-11
5.746471217e-10
-1.10753196e-11
5.010170259e-10
-7.430607543e-12
4.224687869e-10
-4.38194614e-12
3.38704228e-10
-2.047683713e-12
2.494819112e-10
-5.476675227e-13
1.546570191e-10
5.416429706e-11
-4.092029366e-13
7.983483719e-11
-1.603084523e-12
2.332852031e-10
-3.524889498e-12
3.771701136e-10
-6.113265558e-12
5.112982268e-10
-9.302201139e-12
6.355952363e-10
-1.302182616e-11
7.50077472e-10
-1.719889318e-11
8.548294981e-10
-2.175737886e-11
9.499982875e-10
-2.661901004e-11
1.035784955e-09
-3.170389826e-11
1.112435554e-09
-3.693133162e-11
1.180233436e-09
-4.222069263e-11
1.239492643e-09
-4.749212939e-11
1.290551772e-09
-5.266781339e-11
1.333768994e-09
-5.767270984e-11
1.369516957e-09
-6.243593579e-11
1.398178927e-09
-6.689129372e-11
1.420144086e-09
-7.097840946e-11
1.435804462e-09
-7.464364577e-11
1.445551461e-09
-7.784035258e-11
1.449772297e-09
-8.052973715e-11
1.448847117e-09
-8.268095457e-11
1.443146183e-09
-8.427151475e-11
1.433027205e-09
-8.528676091e-11
1.418832381e-09
-8.572018153e-11
1.400886764e-09
-8.557262227e-11
1.37949538e-09
-8.485224068e-11
1.354941413e-09
-8.357351676e-11
1.32748402e-09
-8.175665283e-11
1.297356244e-09
-7.942715676e-11
1.264762866e-09
-7.661490489e-11
1.229877876e-09
-7.335344407e-11
1.192841616e-09
-6.967987185e-11
1.153757727e-09
-6.563392561e-11
1.112688804e-09
-6.125820436e-11
1.069652255e-09
-5.659791566e-11
1.02461488e-09
-5.170168775e-11
9.774885664e-10
-4.662186574e-11
9.281260648e-10
-4.141590805e-11
8.763199851e-10
-3.614757961e-11
8.218057071e-10
-3.088812906e-11
7.642687758e-10
-2.571740842e-11
7.033581617e-10
-2.072466484e-11
6.387030247e-10
-1.600853818e-11
5.699309949e-10
-1.167657579e-11
4.966850633e-10
-7.84428396e-12
4.186364949e-10
-4.633649471e-12
3.354935933e-10
-2.171042808e-12
2.470193043e-10
-5.837748659e-13
1.530697511e-10
5.35805221e-11
-3.704910691e-13
8.020532824e-11
-1.453037137e-12
2.343677492e-10
-3.200473983e-12
3.789175504e-10
-5.563841532e-12
5.136615943e-10
-8.491209001e-12
6.385226038e-10
-1.192767512e-11
7.53513938e-10
-1.581528371e-11
8.587171066e-10
-2.009282589e-11
9.542758296e-10
-2.469582732e-11
1.040387956e-09
-2.955675215e-11
1.117296479e-09
-3.460541029e-11
1.185282094e-09
-3.976936006e-11
1.244656593e-09
-4.497478375e-11
1.295757195e-09
-5.014733579e-11
1.338941546e-09
-5.521320895e-11
1.374582831e-09
-6.010003399e-11
1.403065752e-09
-6.473835644e-11
1.424782408e-09
-6.9062422e-11
1.440128527e-09
-7.301146728e-11
1.449500507e-09
-7.653071035e-11
1.453291541e-09
-7.95721336e-11
1.45188854e-09
-8.209516325e-11
1.445669212e-09
-8.406715482e-11
1.434999197e-09
-8.546389193e-11
1.420229118e-09
-8.626949218e-11
1.401692364e-09
-8.647625588e-11
1.379702144e-09
-8.608459094e-11
1.354549748e-09
-8.510246707e-11
1.326501896e-09
-8.354491938e-11
1.295798696e-09
-8.14332632e-11
1.26265121e-09
-7.879464316e-11
1.227239256e-09
-7.566120914e-11
1.189708182e-09
-7.206945568e-11
1.150165973e-09
-6.805999606e-11
1.108679345e-09
-6.367694612e-11
1.065269205e-09
-5.896803652e-11
1.01990597e-09
-5.398482951e-11
9.725053594e-10
-4.87832613e-11
9.229244965e-10
-4.342480819e-11
8.709615319e-10
-3.797741943e-11
8.163583181e-10
-3.251691436e-11
7.588082702e-10
-2.712825446e-11
6.979695013e-10
-2.190635398e-11
6.334811239e-10
-1.695631843e-11
5.649809591e-10
-1.239337086e-11
4.921221156e-10
-8.342062904e-12
4.145851868e-10
-4.935335577e-12
3.320868658e-10
-2.313043362e-12
2.44397012e-10
-6.201495924e-13
1.513768575e-10
5.296037299e-11
-3.052127985e-13
8.051054106e-11
-1.199341128e-12
2.352618775e-10
-2.649647171e-12
3.803678565e-10
-4.625223074e-12
5.156371704e-10
-7.0948506e-12
6.409922315e-10
-1.002557498e-11
7.564446624e-10
-1.338193943e-11
8.620734711e-10
-1.712498318e-11
9.580188734e-10
-2.121144305e-11
1.044474416e-09
-2.559328265e-11
1.121678318e-09
-3.021749496e-11
1.189906306e-09
-3.502621218e-11
1.24946531e-09
-3.995737157e-11
1.300688355e-09
-4.494485404e-11
1.343929028e-09
-4.992000642e-11
1.379557983e-09
-5.481225466e-11
1.407958e-09
-5.955056237e-11
1.429520716e-09
-6.406505177e-11
1.444643016e-09
-6.828797186e-11
1.453723427e-09
-7.215527625e-11
1.457158845e-09
-7.560791061e-11
1.455341175e-09
-7.859320256e-11
1.448654504e-09
-8.106537315e-11
1.437471367e-09
-8.298672068e-11
1.422150466e-09
-8.432793758e-11
1.403033581e-09
-8.506868524e-11
1.380442892e-09
-8.519739035e-11
1.354678453e-09
-8.471119457e-11
1.3260157e-09
-8.361572405e-11
1.294703226e-09
-8.192445061e-11
1.260959936e-09
-7.9658094e-11
1.2249729e-09
-7.684426405e-11
1.186894352e-09
-7.351628979e-11
1.146837999e-09
-6.971315921e-11
1.104876214e-09
-6.547863516e-11
1.061034681e-09
-6.086155858e-11
1.015288894e-09
-5.591538996e-11
9.675591907e-10
-5.069908946e-11
9.17708196e-10
-4.527782457e-11
8.655402668e-10
-3.972385708e-11
8.108043505e-10
-3.411830483e-11
7.532027181e-10
-2.855217257e-11
6.924033687e-10
-2.312751173e-11
6.280564625e-10
-1.795801671e-11
5.598114636e-10
-1.316912738e-11
4.873332257e-10
-8.897467627e-12
4.103135264e-10
-5.289473079e-12
3.284788708e-10
-2.498749872e-12
2.416062886e-10
-6.809333591e-13
1.495590414e-10
5.227944074e-11
-2.054812227e-13
8.071602229e-11
-8.110545454e-13
2.358674508e-10
-1.804195884e-12
3.813609978e-10
-3.179007688e-12
5.17011982e-10
-4.932502026e-12
6.427457257e-10
-7.062045342e-12
7.585742058e-10
-9.563385515e-12
8.645748113e-10
-1.242872398e-11
9.608842118e-10
-1.564499896e-11
1.047690691e-09
-1.919262652e-11
1.125225946e-09
-2.304456979e-11
1.19375825e-09
-2.716598763e-11
1.253586728e-09
-3.15137826e-11
1.30503615e-09
-3.603741587e-11
1.348452661e-09
-4.067903318e-11
1.3841996e-09
-4.537493258e-11
1.4126539e-09
-5.005650851e-11
1.434202292e-09
-5.465194652e-11
1.449238455e-09
-5.90879445e-11
1.458159425e-09
-6.32913769e-11
1.461362277e-09
-6.719109825e-11
1.459240896e-09
-7.071967705e-11
1.452183083e-09
-7.381516819e-11
1.440566859e-09
-7.642244187e-11
1.424757739e-09
-7.849412916e-11
1.405105268e-09
-7.999179291e-11
1.381940555e-09
-8.088649798e-11
1.355573158e-09
-8.115914149e-11
1.326288344e-09
-8.080023629e-11
1.29434432e-09
-7.981017415e-11
1.259969874e-09
-7.819843378e-11
1.223361159e-09
-7.598307539e-11
1.184678994e-09
-7.319040496e-11
1.144045329e-09
-6.985395847e-11
1.101539768e-09
-6.601429277e-11
1.057195015e-09
-6.171831208e-11
1.010992913e-09
-5.701933467e-11
9.628602133e-10
-5.197754611e-11
9.126664073e-10
-4.666013342e-11
8.602228538e-10
-4.114280971e-11
8.052870264e-10
-3.551095071e-11
7.475708586e-10
-2.98610935e-11
6.867535111e-10
-2.430217505e-11
6.224975439e-10
-1.895663605e-11
5.544659242e-10
-1.396102427e-11
4.823376134e-10
-9.46623664e-12
4.058187384e-10
-5.637525772e-12
3.246501599e-10
-2.654570336e-12
2.386233332e-10
-7.121233363e-13
1.476165951e-10
5.156731905e-11
-6.233947775e-14
8.077836179e-11
-2.529974062e-13
2.360581089e-10
-5.864862138e-13
3.816944867e-10
-1.089793961e-12
5.175152899e-10
-1.796765921e-12
6.434526979e-10
-2.744366441e-12
7.595218063e-10
-3.969477465e-12
8.657999223e-10
-5.50579379e-12
9.624205281e-10
-7.381066077e-12
1.049565964e-09
-9.614944932e-12
1.127459825e-09
-1.221710453e-11
1.196360409e-09
-1.518589702e-11
1.25655552e-09
-1.850767675e-11
1.308357929e-09
-2.215651981e-11
1.352101504e-09
-2.609432949e-11
1.388137409e-09
-3.027152352e-11
1.416831094e-09
-3.462835626e-11
1.438559125e-09
-3.909616222e-11
1.45370626e-09
-4.35993401e-11
1.462662603e-09
-4.805746875e-11
1.465820406e-09
-5.238769523e-11
1.463571123e-09
-5.650671555e-11
1.456302103e-09
-6.033333945e-11
1.444393482e-09
-6.379070798e-11
1.428215108e-09
-6.6808443e-11
1.408123003e-09
-6.932378027e-11
1.384455892e-09
-7.128346344e-11
1.357532841e-09
-7.264467142e-11
1.327649552e-09
-7.337562425e-11
1.295075273e-09
-7.345584926e-11
1.260050099e-09
-7.287640861e-11
1.222781719e-09
-7.163928878e-11
1.183441874e-09
-6.975730882e-11
1.142163348e-09
-6.725319187e-11
1.09903565e-09
-6.415931947e-11
1.054101143e-09
-6.051687894e-11
1.007350472e-09
-5.63759579e-11
9.587192919e-10
-5.17953148e-11
9.080857638e-10
-4.684289587e-11
8.552704345e-10
-4.159689003e-11
8.000410202e-10
-3.614695709e-11
7.421209254e-10
-3.05958593e-11
6.812024131e-10
-2.506100552e-11
6.169626898e-10
-1.967603076e-11
5.490809494e-10
-1.459164824e-11
4.772532309e-10
-9.975484724e-12
4.012025748e-10
-6.01060008e-12
3.206852753e-10
-2.891018174e-12
2.355037516e-10
-8.119345736e-13
1.455375125e-10
5.075538611e-11
1.337316681e-13
8.064463012e-11
5.123052895e-13
2.356795352e-10
1.086515814e-12
3.811202763e-10
1.788181618e-12
5.168136241e-10
2.537212069e-12
6.427036673e-10
3.247168273e-12
7.588118501e-10
3.829494715e-12
8.652175958e-10
4.197790784e-12
9.620522322e-10
4.271712484e-12
1.049492042e-09
3.980289169e-12
1.127751248e-09
3.264772013e-12
1.197075926e-09
2.080810992e-12
1.257739481e-09
4.000184519e-13
1.310038722e-09
-1.788531779e-12
1.354290055e-09
-4.478353176e-12
1.390827231e-09
-7.645075964e-12
1.419997816e-09
-1.124738106e-11
1.44216143e-09
-1.522850239e-11
1.457687382e-09
-1.951755962e-11
1.46695166e-09
-2.403190592e-11
1.470334753e-09
-2.867987873e-11
1.468219095e-09
-3.336362663e-11
1.460985851e-09
-3.798198883e-11
1.449011845e-09
-4.243353207e-11
1.432666651e-09
-4.661963449e-11
1.412309105e-09
-5.044734194e-11
1.3882836e-09
-5.383141871e-11
1.360916918e-09
-5.669659716e-11
1.33051473e-09
-5.897940903e-11
1.297358085e-09
-6.062888299e-11
1.261699573e-09
-6.160762789e-11
1.223760463e-09
-6.189200088e-11
1.183726247e-09
-6.147193042e-11
1.141743278e-09
-6.035065161e-11
1.097914371e-09
-5.85440683e-11
1.052294559e-09
-5.608025184e-11
1.004886655e-09
-5.299906981e-11
9.556381096e-10
-4.935159976e-11
9.044382936e-10
-4.520065544e-11
8.511194902e-10
-4.062131138e-11
7.954616761e-10
-3.570216949e-11
7.372017835e-10
-3.054693164e-11
6.760471752e-10
-2.527658662e-11
6.11692345e-10
-2.003158647e-11
5.438359495e-10
-1.497392235e-11
4.72195567e-10
-1.028962871e-11
3.965182815e-10
-6.19169874e-12
3.165873456e-10
-2.92488087e-12
2.322369339e-10
-7.744051298e-13
1.433870375e-10
4.998098204e-11
3.919085957e-13
8.025272156e-11
1.521100157e-12
2.345503437e-10
3.295725435e-12
3.79345651e-10
5.597853573e-12
5.145114961e-10
8.292114534e-12
6.400094064e-10
1.123281284e-11
7.558711519e-10
1.426933173e-11
8.621810772e-10
1.725150381e-11
9.590700603e-10
2.00345273e-11
1.046709018e-09
2.248342232e-11
1.125302353e-09
2.447682804e-11
1.195082521e-09
2.591009423e-11
1.256306215e-09
2.66985001e-11
1.309250316e-09
2.677879924e-11
1.354209756e-09
2.611127351e-11
1.391494756e-09
2.467997833e-11
1.421429111e-09
2.249343887e-11
1.444347969e-09
1.95836786e-11
1.460597142e-09
1.600500817e-11
1.470530331e-09
1.183220545e-11
1.474507556e-09
7.157982497e-12
1.472893319e-09
2.089641796e-12
1.466054192e-09
-3.254305853e-12
1.454355792e-09
-8.74786372e-12
1.438160209e-09
-1.426138136e-11
1.417822623e-09
-1.966581738e-11
1.393688036e-09
-2.4836271e-11
1.366087372e-09
-2.965516652e-11
1.335333626e-09
-3.401552615e-11
1.301718444e-09
-3.782353139e-11
1.265507578e-09
-4.099990202e-11
1.226936833e-09
-4.348191048e-11
1.186208255e-09
-4.522354676e-11
1.143484914e-09
-4.619628043e-11
1.098887105e-09
-4.638844665e-11
1.052486725e-09
-4.580517258e-11
1.004303381e-09
-4.446774157e-11
9.543006785e-10
-4.241309491e-11
9.023836468e-10
-3.969384851e-11
8.484002437e-10
-3.63787116e-11
7.921465393e-10
-3.255337082e-11
7.333764428e-10
-2.832251937e-11
6.71816324e-10
-2.38121538e-11
6.071819798e-10
-1.917211385e-11
5.3919591e-10
-1.457798549e-11
4.676014392e-10
-1.023132572e-11
3.921716223e-10
-6.356443094e-12
3.127124635e-10
-3.190595119e-12
2.290710861e-10
-9.619199825e-13
1.411583627e-10
4.901906203e-11
7.196218502e-13
7.95330997e-11
2.802862808e-12
2.324671028e-10
6.10742699e-12
3.760410869e-10
1.045776665e-11
5.101611563e-10
1.565549921e-11
6.348116738e-10
2.148737303e-11
7.50039278e-10
2.773185009e-11
8.559366001e-10
3.416534551e-11
9.52636565e-10
4.056801073e-11
1.040306353e-09
4.672906452e-11
1.1191413e-09
5.245141906e-11
1.189360166e-09
5.755613935e-11
1.251201495e-09
6.188620014e-11
1.304920255e-09
6.530936502e-11
1.35078659e-09
6.772140051e-11
1.389082721e-09
6.904759014e-11
1.420102922e-09
6.924417177e-11
1.444151388e-09
6.829930141e-11
1.461542012e-09
6.623212457e-11
1.472597507e-09
6.309212009e-11
1.477647559e-09
5.895707036e-11
1.477028368e-09
5.393040618e-11
1.471080857e-09
4.813745289e-11
1.460148746e-09
4.172160156e-11
1.44457606e-09
3.483976043e-11
1.424704464e-09
2.765728304e-11
1.400870514e-09
2.034296931e-11
1.373401685e-09
1.306431333e-11
1.342612281e-09
5.982755701e-12
1.308800002e-09
-7.506960008e-13
1.27224103e-09
-6.998929846e-12
1.233185068e-09
-1.264171685e-11
1.191851042e-09
-1.757794111e-11
1.148421138e-09
-2.172700599e-11
1.103036169e-09
-2.502940816e-11
1.055789127e-09
-2.744724069e-11
1.006721214e-09
-2.89631531e-11
9.558165909e-10
-2.958017242e-11
9.030006662e-10
-2.932106328e-11
8.481411348e-10
-2.822809738e-11
7.910535738e-10
-2.636380582e-11
7.315121517e-10
-2.381271498e-11
6.692652337e-10
-2.068455197e-11
6.040538174e-10
-1.711860082e-11
5.356299596e-10
-1.328973373e-11
4.637725729e-10
-9.416328559e-12
3.882982179e-10
-5.771982342e-12
3.090681177e-10
-2.703982499e-12
2.260030862e-10
-6.644114276e-13
1.391187915e-10
4.835464943e-11
1.120350204e-12
7.841274953e-11
4.371979336e-12
2.292154736e-10
9.55526011e-12
3.70857806e-10
1.64311784e-11
5.032852381e-10
2.47327244e-11
6.26510128e-10
3.417390234e-11
7.405981002e-10
4.445667959e-11
8.456538229e-10
5.527792063e-11
9.418153239e-10
6.633568565e-11
1.029248588e-09
7.73350783e-11
1.108141907e-09
8.799356993e-11
1.178701675e-09
9.804618159e-11
1.241148883e-09
1.072496605e-10
1.295716777e-09
1.153870565e-10
1.342649195e-09
1.22271241e-10
1.382198537e-09
1.277485001e-10
1.414625663e-09
1.317008774e-10
1.440199011e-09
1.340484545e-10
1.459194436e-09
1.347507962e-10
1.471895166e-09
1.338069865e-10
1.478591369e-09
1.312554223e-10
1.479579932e-09
1.271722897e-10
1.475163989e-09
1.216690021e-10
1.465652033e-09
1.148885971e-10
1.451356466e-09
1.070014768e-10
1.432591585e-09
9.820031187e-11
1.409671678e-09
8.869399119e-11
1.382908006e-09
7.870142138e-11
1.352604851e-09
6.844529098e-11
1.319056132e-09
5.814554926e-11
1.282540771e-09
4.801349959e-11
1.243317117e-09
3.824632267e-11
1.201618218e-09
2.902227614e-11
1.157645185e-09
2.049712305e-11
1.111561323e-09
1.280128326e-11
1.063484967e-09
6.038215779e-12
1.013484281e-09
2.837749076e-13
9.61571032e-10
-4.413697661e-12
9.07698139e-10
-8.032908317e-12
8.517603458e-10
-1.057915068e-11
7.935998165e-10
-1.20846681e-11
7.330176695e-10
-1.26104823e-11
6.697910483e-10
-1.224951848e-11
6.03692854e-10
-1.113066057e-11
5.345111022e-10
-9.421889609e-12
4.620638025e-10
-7.32959066e-12
3.862059196e-10
-5.089462895e-12
3.068279901e-10
-2.941735897e-12
2.238553587e-10
-1.079014057e-12
1.372560692e-10
4.727563352e-11
1.591564063e-12
6.218192527e-12
2.245888451e-10
1.361807123e-11
3.634579273e-10
2.34857127e-11
4.934175968e-10
3.548357022e-11
6.145122706e-10
4.925174901e-11
7.268299216e-10
6.441506846e-11
8.304905035e-10
8.058997918e-11
9.25640413e-10
9.739099328e-11
1.012447574e-09
1.1443661e-10
1.09109629e-09
1.313548008e-10
1.161783484e-09
1.477880854e-10
1.224715599e-09
1.633983279e-10
1.280106534e-09
1.778718443e-10
1.328175679e-09
1.909234845e-10
1.369146897e-09
2.02301205e-10
1.403247942e-09
2.117898622e-10
1.430710353e-09
2.192148746e-10
1.451769423e-09
2.244452395e-10
1.466664801e-09
2.273960057e-10
1.475640603e-09
2.280298633e-10
1.478946074e-09
2.263578689e-10
1.476835983e-09
2.224389958e-10
1.469570906e-09
2.163789437e-10
1.457416517e-09
2.083270305e-10
1.440643498e-09
1.98472479e-10
1.419526229e-09
1.870394145e-10
1.394341071e-09
1.742805447e-10
1.365363721e-09
1.604701958e-10
1.332866481e-09
1.458966653e-10
1.297114302e-09
1.308542527e-10
1.25835953e-09
1.15635006e-10
1.216837465e-09
1.005214175e-10
1.172758773e-09
8.577913513e-11
1.126303605e-09
7.165145594e-11
1.077612646e-09
5.835478455e-11
1.026780953e-09
4.607601802e-11
9.738497988e-10
3.497155853e-11
9.188025989e-10
2.516754187e-11
8.615643627e-10
1.676109726e-11
8.020062612e-10
9.820486992e-12
7.3995828e-10
4.383799476e-12
6.752277361e-10
4.539398844e-13
6.076227139e-10
-2.01122536e-12
5.369762677e-10
-3.115374466e-12
4.631679518e-10
-3.049029614e-12
3.861395749e-10
-2.128169498e-12
3.059071297e-10
-8.536099669e-13
2.225807983e-10
-1.99718155e-15
1.364044556e-10
4.72736345e-11
8.296401559e-12
1.819993015e-11
3.146020323e-11
4.767215952e-11
6.640637779e-11
8.721625665e-11
1.096443904e-10
1.332286517e-10
1.575076224e-10
1.820255603e-10
2.063371375e-10
2.300119982e-10
2.526394172e-10
2.738326479e-10
2.932335111e-10
3.105168418e-10
3.253951357e-10
3.376225748e-10
3.469996208e-10
3.533764924e-10
3.566562783e-10
3.567980189e-10
3.538178707e-10
3.477896978e-10
3.388443569e-10
3.271676516e-10
3.129964092e-10
2.966130655e-10
2.783394204e-10
2.585277063e-10
2.375518047e-10
2.157967069e-10
1.936483996e-10
1.714830772e-10
1.496584571e-10
1.285058347e-10
1.083251322e-10
8.938229674e-11
7.190828301e-11
5.609886304e-11
4.211269902e-11
3.006593467e-11
2.002402879e-11
1.199467166e-11
5.930824445e-12
1.757132654e-12
-5.636583567e-13
-9.02930734e-13
)
;

boundaryField
{
    front_top
    {
        type            wedge;
        value           nonuniform 0();
    }
    front_middle
    {
        type            wedge;
        value           nonuniform List<scalar> 
1167
(
-2.012536277e-20
-1.547920543e-21
6.20865251e-21
-1.710401626e-21
6.453674159e-21
-3.1416474e-20
6.917777618e-21
-1.903707128e-21
7.221282458e-21
-3.526745555e-20
7.802841183e-21
-2.147190592e-21
8.183027805e-21
-4.007493861e-20
8.895609621e-21
-6.470331053e-21
-3.096468883e-21
-1.124776801e-20
1.142229595e-21
-1.657092558e-20
1.213547367e-21
-1.745377885e-20
1.267286844e-21
-1.094981505e-20
-1.873729118e-20
1.537115177e-20
-1.950870716e-20
1.641705172e-20
-2.063579222e-20
-1.270562235e-20
8.968424565e-21
2.72510667e-20
-5.581433905e-20
1.920138852e-20
9.843110504e-21
-1.521884294e-20
-2.637361753e-20
-1.635059873e-20
7.522119144e-21
1.119705678e-20
-3.856240929e-20
1.637434849e-20
-5.130686894e-22
-2.895437323e-20
1.300908923e-20
1.876855692e-20
-4.422042185e-20
-4.938976666e-20
2.268984852e-20
-2.57703433e-20
2.359894564e-20
-2.744523182e-20
-2.763967262e-20
-3.158716325e-21
-2.914774102e-20
6.753675951e-20
-6.280597872e-20
6.202337718e-20
-3.309808997e-20
-3.875657968e-21
-3.524185097e-20
3.310675628e-20
-3.812110595e-20
4.10845163e-20
-3.459148628e-20
-2.336804933e-20
1.979870912e-20
-3.781104637e-20
3.445387061e-20
2.112286839e-20
-3.964021411e-20
-9.659413719e-20
-1.808722535e-21
2.379251086e-20
-1.921395784e-21
2.504486519e-20
-8.221443539e-20
7.864576977e-20
-8.757385892e-20
-2.540917004e-21
2.850520273e-20
-2.75646018e-21
3.027796941e-20
-3.758588493e-20
-3.467870198e-21
3.301121301e-20
-1.111939146e-19
1.142911961e-19
-7.289578793e-20
1.443212246e-20
-2.199057187e-20
4.7766101e-20
-2.171711849e-20
-7.23668943e-20
4.558993123e-20
-3.671663973e-20
-3.848290708e-20
3.255274121e-20
-3.993104887e-20
6.09937967e-20
-4.203090814e-20
6.448740243e-20
-7.26816688e-20
-4.627182365e-20
6.98258225e-20
-4.907772088e-20
7.440745021e-20
-8.515632983e-20
4.545890216e-20
-1.946647049e-20
-5.798008843e-20
4.990213255e-20
-6.11043258e-20
5.376228654e-20
-2.263742171e-20
5.753683671e-20
-6.926739536e-20
-6.737001988e-20
6.69049464e-20
2.382678432e-20
4.585618708e-22
-2.410204033e-20
-4.596459965e-20
1.548786742e-21
1.810311326e-21
2.891001084e-20
-2.668292444e-20
1.128487734e-21
3.060704051e-20
7.899696265e-22
3.212277926e-20
-1.244611945e-19
2.566180288e-21
3.708219237e-20
1.991645671e-21
-3.553723799e-20
3.970195157e-20
1.295793075e-21
1.122490744e-21
4.363642265e-20
-3.923967303e-20
-8.06543997e-20
-6.671020977e-21
2.778615294e-20
5.272220882e-21
-6.215072332e-20
-1.519144835e-20
4.700495319e-21
4.437376146e-21
3.10036463e-20
-7.20033518e-20
7.042372997e-21
3.618452272e-20
7.625449538e-21
3.861450482e-20
-8.418856386e-20
-5.532876026e-20
4.089939574e-20
7.376506109e-21
7.38391561e-21
4.537285556e-20
8.595016239e-21
-1.060564175e-19
4.565214582e-20
1.839890807e-21
-2.772777015e-20
2.530122103e-20
1.156642089e-19
-4.350767511e-20
-1.754495455e-19
1.695475158e-19
2.570304599e-20
-1.984858037e-20
2.808931649e-20
-1.231254243e-19
2.892855865e-20
5.682453138e-20
-5.257020272e-20
3.252485668e-20
-2.313871284e-20
-2.446027804e-20
3.434793996e-20
-2.716071432e-20
3.796310502e-20
3.897351294e-20
-2.99489471e-20
-6.900791378e-20
-6.952777069e-20
8.62708167e-20
9.141192742e-20
-8.475192331e-20
9.708082435e-20
-5.610046646e-20
-6.123384938e-20
1.215332398e-19
9.356980024e-21
3.291027309e-20
7.620052604e-21
-6.613143973e-20
5.569230161e-20
8.032994722e-21
-9.863570845e-20
9.156775221e-20
-7.778878906e-20
-2.098059075e-20
1.019579084e-19
-8.467957255e-20
1.074241838e-19
-2.495012157e-20
-9.394389714e-20
1.191125671e-19
-1.35436833e-19
5.36312103e-20
8.584072086e-20
-1.452457772e-19
-3.46774571e-20
-9.490928894e-20
2.458603394e-19
-1.023581211e-19
-3.705151549e-20
-3.437352325e-20
2.062254691e-19
-1.126166907e-19
9.453558431e-21
1.195761972e-19
-7.689492595e-20
-4.666008144e-20
1.231515492e-20
-7.594895384e-20
9.992755258e-20
-7.905155183e-20
1.087093405e-19
-8.348591888e-20
-2.031689316e-20
5.226413109e-20
-9.608538503e-20
1.411443619e-20
8.935994177e-21
-3.542852438e-20
1.413216675e-19
-1.271899509e-19
1.469044821e-19
-1.866102909e-19
-6.264946495e-20
9.322235842e-20
1.622165978e-19
-1.397317539e-19
-7.336685062e-20
1.136214097e-19
1.917211311e-19
-1.619261379e-19
-1.056116038e-21
-8.044868128e-20
-1.082137122e-19
1.045250208e-19
3.558438792e-20
6.682566162e-21
3.588434123e-20
-2.894168336e-20
-2.610938115e-20
4.736206887e-20
-1.719596663e-20
6.508242419e-20
1.841684192e-19
-2.069629404e-19
-4.057444123e-21
-6.921223817e-20
-1.381067154e-20
2.723890061e-19
-1.357915476e-20
-1.8133693e-20
-2.575528054e-19
-1.390273923e-20
2.445617271e-19
-8.340550206e-21
-1.401071442e-20
-1.990227563e-20
-1.109548396e-19
-1.417832761e-19
4.814073853e-20
1.122403098e-19
-1.738940812e-20
1.496057827e-20
-2.31176896e-20
7.141841266e-21
-3.912336294e-20
-1.49078119e-20
1.329473622e-21
-1.958376207e-19
-3.385915712e-21
1.986643764e-19
-8.885367884e-21
-2.59870784e-21
4.520172546e-21
8.681140006e-21
-1.427647876e-21
-1.300639407e-20
-9.189298029e-21
-4.829140179e-21
-4.940221647e-23
-7.02472151e-20
2.859612314e-19
-2.97268338e-19
-9.642893892e-21
2.621817921e-20
-6.816823316e-20
-3.987827058e-20
1.328479518e-19
-6.290360276e-20
-3.931297233e-20
3.882017942e-20
2.66513383e-20
-1.608126137e-19
2.90466467e-20
1.732583465e-19
-1.621902615e-19
-1.863354694e-20
3.442012817e-20
2.885167059e-20
3.775677713e-20
4.786275194e-20
4.173137931e-20
-2.024184201e-19
4.630942277e-20
-3.878680678e-20
4.559768432e-20
5.658289533e-20
5.014160857e-20
4.750023184e-20
-2.578043917e-19
5.723780823e-20
2.674005483e-19
-1.981059293e-19
4.965215342e-21
4.823414609e-20
-9.685869085e-21
3.759922949e-20
-1.983651826e-20
-1.538496214e-20
-2.272751208e-20
2.866691985e-20
-2.231020247e-20
-1.254311221e-20
4.312709004e-20
-2.708457437e-20
4.823929488e-20
-2.548002757e-19
2.894002065e-19
-2.533431131e-20
-2.1112159e-19
-2.432262206e-20
3.347132589e-19
-2.546281102e-20
-2.416838051e-19
2.820542784e-19
6.380155063e-20
-2.710950881e-19
-5.633590393e-20
4.7427146e-20
-3.109670428e-20
1.950843037e-19
-1.573155709e-19
2.221771076e-20
1.58172593e-19
2.342471701e-20
-2.326785342e-19
-3.606417883e-20
2.33729896e-19
-1.865150213e-19
2.837055377e-20
-4.600810095e-20
2.565313209e-19
-2.822978261e-19
3.221711119e-20
-5.074967968e-20
1.086377369e-19
-4.303338716e-20
3.415411158e-20
2.505517499e-19
-2.822232681e-19
-7.258704747e-20
1.620335378e-19
-1.719932642e-19
-3.387853825e-20
9.046584308e-20
-3.656647152e-20
-8.744908916e-20
1.498168815e-19
-8.360597988e-20
-8.61832448e-20
1.555798635e-19
-9.643726316e-20
-3.762770074e-20
1.659117467e-19
-1.074832419e-19
1.261312195e-19
-2.761128085e-19
1.260187926e-19
1.292835804e-19
-3.079914753e-19
2.159600511e-19
1.435395597e-19
-1.409730202e-19
-6.057610608e-20
-1.426891272e-19
2.096995545e-19
-5.771395297e-20
-5.770606904e-20
5.682846653e-20
6.109146305e-20
-1.604223906e-19
1.13771294e-19
5.666040976e-20
4.72049654e-20
1.08409477e-19
-1.960649795e-19
5.473937911e-20
1.222795266e-19
-1.500048171e-19
-6.585098586e-22
-9.646569096e-20
6.457649678e-20
7.245405229e-20
-2.462059289e-19
1.523929185e-19
8.590224759e-20
-1.857786044e-19
1.825884118e-19
-2.709825416e-19
1.345599197e-19
1.92972951e-19
-1.247259037e-20
-1.131926075e-20
-1.052539835e-19
-8.933484151e-21
3.410275997e-19
-6.137255406e-21
-5.47827378e-20
-5.411172212e-20
-3.624155769e-22
2.101201556e-21
4.804465856e-21
-1.12920719e-19
2.166239152e-19
-8.763511721e-21
-6.653766151e-21
-7.612707852e-20
-7.773375577e-20
-7.648918025e-21
-1.485542322e-20
2.588026287e-19
-7.622372723e-20
-7.84020385e-20
-2.073149947e-20
1.24297641e-19
-3.465013882e-20
-8.262910577e-20
-3.922101846e-20
1.34685134e-19
-2.62672809e-20
-7.885440806e-20
-3.062328759e-20
-3.066648518e-20
1.510654206e-19
-5.03443403e-20
-1.122384583e-19
1.606142761e-19
-3.740764779e-20
-3.815067548e-20
-3.940069624e-20
-1.11433656e-19
-4.693983499e-20
-4.924436453e-20
4.752118928e-19
-5.95006125e-20
-1.383881537e-19
-4.525639437e-20
1.510634793e-19
7.231898665e-21
-1.011319106e-19
1.015775779e-20
7.017035098e-21
4.88739379e-20
-1.665948614e-19
6.792503739e-21
5.125089718e-20
1.851099633e-19
-1.724430171e-19
7.439018252e-20
1.093011368e-20
5.594447498e-21
-1.437610031e-19
9.87487868e-21
5.623042003e-21
7.091275881e-20
-2.346604491e-19
2.538859769e-19
6.26683847e-20
5.812545137e-21
-3.116298149e-19
-1.401045297e-20
1.290284318e-19
-1.67439779e-19
-1.754838876e-20
1.358313061e-19
2.657819149e-20
-1.813441529e-19
9.305740693e-20
2.537081031e-20
-1.445467184e-20
-2.595546981e-20
1.73606198e-20
-7.71839855e-20
1.75354807e-19
-1.773431405e-19
-3.12556755e-20
1.250155559e-19
3.687596982e-20
-2.61611689e-19
-2.730126622e-20
2.959019285e-19
-1.192675311e-19
-3.326188852e-19
-8.244493515e-20
9.940605592e-20
1.772638309e-20
-5.298434657e-20
5.746660136e-20
-8.5654718e-20
-4.38948468e-20
1.803994561e-19
-5.2810245e-20
-1.03789799e-19
1.242161572e-19
-9.263975359e-20
7.326979362e-20
7.090370601e-20
-5.659519493e-20
-1.179071345e-19
2.324469023e-19
-6.926421232e-20
-1.34439512e-19
-6.889657933e-20
8.876124629e-20
1.033668095e-19
-6.022518873e-20
-2.442494423e-20
-1.186065317e-19
1.195940131e-19
6.243062622e-20
-2.463669326e-20
-1.718357271e-19
1.794283089e-20
1.712055238e-19
-1.316754202e-19
-1.783501634e-20
2.2238152e-20
-3.355750804e-20
7.528370521e-20
-1.599861813e-20
2.831664529e-20
-3.354655224e-20
2.868798631e-20
3.460301089e-20
-3.05766432e-20
3.575325716e-20
-1.855982989e-19
2.632694231e-19
-6.898620234e-20
-2.848712174e-20
-8.553717639e-20
3.787229128e-20
7.944903098e-20
4.467682282e-20
-1.381925672e-19
-9.780932097e-20
9.894851908e-20
-9.654096129e-20
6.392274584e-21
5.557205394e-20
5.833218071e-20
-6.537216082e-20
4.960045806e-20
4.614176953e-21
6.143333765e-20
-7.691866415e-20
5.820000962e-20
6.560427329e-20
-2.05326362e-19
-1.051023622e-19
5.626385941e-20
3.913116882e-20
-7.781274693e-20
9.228204682e-20
1.062061725e-19
1.495628611e-20
-1.849031049e-20
-5.336730108e-20
-1.176119781e-19
1.103494919e-19
-3.192923554e-20
-7.04726764e-20
1.701089226e-20
1.247808839e-19
-3.282839088e-20
1.928526428e-20
-7.40202078e-20
1.44247903e-19
-3.242588947e-20
2.398492101e-20
-3.148073595e-20
-2.971453762e-19
1.8528535e-19
6.162393252e-20
-9.092794056e-21
-2.6695262e-20
1.842638429e-19
-1.434820777e-19
-8.918600374e-21
3.930643986e-20
-9.301335955e-20
-5.500376078e-20
1.764554194e-19
-5.572426604e-20
-9.856137242e-20
8.0076491e-20
4.330743998e-20
-9.731482827e-20
1.382902746e-19
-1.198377933e-19
5.432582912e-20
5.699334391e-20
-7.254898954e-20
-7.427376181e-20
6.379199299e-20
7.578601859e-20
-9.76147097e-20
7.379424306e-20
8.818330732e-20
2.026099017e-19
-5.67444343e-19
7.602152611e-20
1.587383224e-19
8.307826806e-22
-4.216239341e-20
8.546663398e-20
-3.375360736e-21
-4.640690921e-20
9.087115852e-20
-1.422271053e-19
-4.394401817e-20
1.505202005e-19
-3.896569463e-20
-4.899440098e-20
1.13537532e-19
-5.128666257e-20
4.303572355e-20
1.255548383e-19
-2.579548411e-19
-8.354619014e-20
9.939730312e-20
-9.443258969e-20
1.159731559e-19
-3.203234035e-19
1.926132734e-19
-2.29638461e-19
1.155727086e-19
9.567706294e-20
-5.927264819e-20
-1.857098035e-20
1.069264203e-19
-5.923752305e-20
1.043742498e-20
-3.776100224e-20
-7.107368734e-20
1.14272362e-19
-3.557298921e-20
-7.257325866e-20
1.300769472e-19
1.474318049e-20
8.671816204e-20
-2.122339683e-19
-1.973874225e-20
1.381496269e-19
-3.44066327e-19
-5.192540777e-20
2.421174274e-19
-4.954474989e-20
-5.793742256e-20
-4.416980334e-20
1.112413329e-19
-1.482538044e-19
-1.299647927e-21
8.662131368e-20
-3.68225926e-20
3.366825004e-21
1.074778684e-20
-3.91935299e-20
1.344782813e-19
-1.388208137e-19
-4.159704833e-20
1.500796481e-19
-6.766902605e-22
-4.466020549e-20
-2.685540976e-21
-4.283046077e-20
1.52561013e-19
-2.26557627e-19
3.034400164e-20
3.852339763e-20
3.70669564e-20
3.557974404e-20
4.418295727e-20
-3.850989854e-20
-6.990281396e-20
-2.347132769e-20
9.137611507e-20
-2.511380853e-20
-1.433301818e-19
1.320779826e-19
-2.688264334e-20
2.043807792e-20
-2.416945043e-20
8.742701703e-21
-2.311317504e-20
1.662799481e-19
-1.859984854e-19
1.772267368e-19
-7.528284678e-20
-7.538157362e-21
-6.98650598e-20
1.921897698e-19
-1.73100274e-19
2.795554559e-20
-6.185692716e-20
1.179613832e-19
3.111086891e-20
9.493825176e-20
-2.53033262e-19
1.277187824e-19
1.472407965e-20
-1.390145752e-19
1.315959295e-19
-2.329592374e-20
-1.15395161e-19
1.057251795e-19
1.243934116e-20
-1.635165044e-19
1.574014634e-19
-1.68681749e-19
1.653952632e-19
-3.699853569e-20
-1.588159555e-19
1.082623796e-19
-4.856735865e-20
1.211957857e-19
-6.685940547e-20
-7.188714969e-20
1.082859295e-19
-6.576632306e-20
2.267089667e-19
-3.381508632e-19
8.284573237e-20
5.775945119e-20
-7.970252892e-20
5.927098317e-20
3.224656211e-20
-8.513219754e-20
3.217080601e-20
7.266760785e-20
-9.392449234e-20
3.294075293e-20
-6.720511834e-20
3.20216803e-20
2.154988448e-20
4.512762132e-20
1.538739566e-19
-1.65679927e-19
1.563467039e-19
1.652328702e-19
-1.73747203e-19
-7.75515809e-20
-1.608619157e-19
1.963883599e-19
-1.718643775e-19
1.660627663e-19
1.985136232e-20
-8.217934977e-20
5.328218986e-20
-5.283403491e-20
2.335916173e-20
-8.91320099e-20
6.150340965e-20
5.768939916e-20
-9.99052523e-20
6.698908414e-20
-1.001771388e-19
8.282801098e-20
2.084218771e-19
-8.137863762e-20
6.666816843e-20
1.404104811e-19
-8.324343026e-20
7.349785329e-20
-1.016571348e-19
-2.809215321e-19
1.51369355e-19
5.576721592e-20
-5.603462298e-20
9.137500543e-20
-3.628688105e-20
3.08329128e-20
-4.052011508e-20
6.116365504e-20
-7.807026832e-20
5.796448681e-20
6.519239628e-20
-8.208089672e-20
-4.822618101e-20
-8.793338853e-20
1.135399106e-19
1.654617401e-20
-2.791806384e-19
1.416412954e-19
1.462950082e-19
-2.890999136e-19
1.558953545e-19
1.609628656e-19
-1.627104529e-19
-8.454444338e-20
1.703923807e-19
-8.412088536e-20
-1.371222037e-19
1.27948381e-19
-6.492610392e-21
-6.723348278e-21
2.264631307e-20
-3.804269787e-21
2.714957491e-20
-1.263882046e-21
-2.644973492e-21
-8.77128372e-20
2.689680144e-20
3.306375101e-20
4.039292302e-22
-5.246873733e-20
1.342332929e-19
-5.909384033e-20
-6.234040833e-20
-6.561011053e-20
1.54848469e-19
1.558702496e-19
-2.903874438e-19
1.580132751e-19
1.589786205e-19
-3.170625428e-19
1.858816389e-19
-5.741027168e-20
-5.64367168e-21
-6.384517721e-21
-9.533316599e-20
2.923009587e-20
-4.562569785e-22
-1.116603702e-21
-1.728698403e-21
2.905960156e-20
-5.553011825e-21
3.011873144e-20
1.809552721e-20
2.083304242e-19
-1.724932498e-19
1.416257615e-19
-1.82693349e-19
1.790873285e-20
1.57711421e-19
-1.85938373e-19
2.314770465e-19
2.231556939e-20
-2.697859029e-19
2.560711655e-19
-8.985200817e-20
2.597631724e-20
-5.628757835e-20
-6.023218801e-20
4.697741388e-20
-6.607432723e-20
2.87143357e-20
2.800032561e-20
3.046684822e-20
-7.208957818e-20
6.168313095e-20
5.374934502e-22
2.310640006e-19
-1.768212432e-19
1.203969735e-19
-4.672054593e-22
-1.884676992e-19
1.255457651e-19
6.312577226e-20
-1.141669222e-21
5.570120392e-21
-7.911183923e-20
-2.96162697e-21
2.777103276e-20
4.589965927e-20
-3.329403681e-21
1.517001165e-20
1.839362093e-20
-9.059082072e-20
1.932262079e-20
2.2379896e-20
-3.745069955e-21
2.403939008e-20
9.12375403e-21
5.528078445e-20
1.662161335e-20
-9.530696309e-20
1.214471267e-19
-4.188833008e-20
-1.029972244e-19
1.26205479e-19
-4.225468118e-20
-4.080429991e-20
7.303849685e-20
1.409463284e-19
-2.47986423e-19
7.435381891e-20
1.040947647e-19
-9.631445629e-20
3.671372421e-20
3.378270002e-20
-6.696188941e-20
1.13571482e-20
-4.671220097e-20
1.216140806e-20
1.29224042e-19
-1.140399318e-19
-3.566808419e-20
1.16272919e-20
-4.420515967e-20
-3.606101904e-20
1.762687199e-20
-4.089683751e-20
1.776068173e-19
-2.087047829e-19
1.771000675e-19
-1.059787219e-19
2.371494286e-20
2.243130434e-20
-4.50454006e-20
2.070713805e-19
-1.8190837e-19
5.306192867e-20
-3.024046014e-20
-2.851415334e-20
2.097652244e-20
-1.280898735e-20
4.258757384e-20
4.531580055e-20
-5.764299116e-20
-8.030188351e-22
1.594604424e-21
3.827105504e-21
-5.266320721e-20
-3.334478433e-21
-1.141253986e-21
1.432647974e-19
-1.501584736e-19
1.532549905e-19
-5.664716338e-20
-1.648418017e-19
1.022626476e-19
-1.625279023e-19
1.736160128e-19
2.057889562e-20
8.827442337e-22
-6.20178996e-20
1.652692532e-20
1.653436384e-20
1.824905629e-20
1.985139388e-20
1.828935268e-22
2.254828254e-20
5.102041218e-20
-7.060060114e-20
4.988504402e-20
1.055640667e-20
-7.192105762e-20
5.454031335e-20
5.753842165e-20
-7.634803414e-20
5.698712115e-20
6.021389769e-20
-1.295979629e-19
1.043432082e-20
-8.858947388e-20
5.748818942e-20
6.140641558e-20
-7.567897966e-20
3.299038033e-21
-3.587145143e-20
7.928331955e-21
7.834474403e-21
2.467468392e-20
6.214227942e-21
2.5343311e-20
3.583385081e-20
3.51137829e-20
-2.38160315e-21
-3.449897576e-21
3.372685451e-20
-5.394540679e-21
3.490490266e-20
-8.054197187e-20
-1.459351548e-21
4.125819442e-20
-4.56493055e-20
4.119676126e-20
4.104613524e-20
-4.071588954e-21
4.303138946e-20
-1.418096309e-20
-7.71444434e-20
-2.02279347e-20
1.313087025e-20
-2.340769976e-20
1.604278322e-20
-2.390265618e-20
2.998009238e-20
3.8684345e-20
3.945273014e-20
-8.466862832e-20
4.340641939e-20
4.412746478e-20
1.011341814e-20
4.454164089e-20
-5.753712645e-20
-9.506266104e-20
1.003367753e-20
1.034058025e-20
4.800951572e-20
4.904446392e-20
-1.010994144e-19
5.488053188e-20
5.647225878e-20
-5.861689385e-20
1.797472094e-20
1.924377692e-20
-1.310349278e-20
5.7333965e-21
-2.785245107e-20
2.384184899e-20
-1.512141031e-22
7.656114314e-20
-7.988049263e-20
-2.005842731e-21
-1.050720385e-21
8.033747843e-20
-1.384877991e-21
-5.49506986e-22
-8.648644066e-20
-3.172129806e-20
8.713184479e-20
-2.045100477e-21
-9.958943383e-22
-9.530186198e-20
9.27891268e-20
-3.631709053e-21
-2.205790136e-20
8.784767046e-21
-1.530059839e-21
9.405432376e-21
-1.266772401e-21
-1.864162145e-21
-3.528186287e-21
-4.066526224e-20
6.033361706e-20
-4.057877081e-20
-4.787284343e-22
2.109070828e-20
2.164610934e-20
-5.854352393e-22
-4.413182498e-20
-8.005718886e-22
2.280077567e-20
-1.010492283e-21
2.437634644e-20
-1.301834242e-21
-4.988704153e-20
7.473180748e-20
-5.056202644e-20
-8.417386857e-21
1.882200967e-20
-1.745444766e-20
1.969568263e-20
-1.83063022e-20
1.231980627e-20
-1.861306931e-20
-8.817939728e-21
3.544534511e-20
-5.433437108e-20
3.637978534e-20
3.691052666e-20
-5.660346941e-20
3.805204527e-20
-5.841585002e-20
2.20625653e-20
5.752537729e-20
-7.936867587e-20
4.141386586e-20
4.218178671e-20
-6.495229745e-20
2.458031915e-20
8.142500506e-21
-3.15313565e-20
1.728893835e-20
-1.945884505e-22
1.193251509e-20
-2.169331747e-20
2.211746747e-20
-1.637738675e-20
-1.13183995e-21
1.766531736e-20
-2.913276942e-20
1.801962501e-20
-2.000122027e-21
8.537518425e-21
1.947333599e-20
-3.066009051e-20
9.743002097e-21
9.340390032e-21
-2.176625792e-20
-1.278533308e-21
2.064698573e-20
-3.497590404e-20
4.401962141e-20
1.065235645e-20
-2.391842815e-20
-4.614701111e-21
5.572871584e-21
-9.249690261e-21
1.181993191e-22
5.304896347e-23
3.629892713e-21
-3.08234276e-21
1.967318006e-22
-3.089329987e-21
2.671942618e-22
-3.093360983e-21
2.011924055e-20
3.081663444e-22
-3.196154108e-21
4.170925876e-22
-3.195460878e-21
5.455616681e-22
-3.185596383e-21
6.92153546e-22
-3.164817878e-21
1.19117819e-20
-3.978149711e-21
1.645950279e-22
-3.991855243e-21
-8.69796349e-22
-2.693884405e-21
2.964938257e-21
-2.762363362e-21
1.783263531e-21
)
;
    }
    front_bottom
    {
        type            wedge;
        value           nonuniform 0();
    }
    back_top
    {
        type            wedge;
        value           nonuniform 0();
    }
    back_middle
    {
        type            wedge;
        value           nonuniform List<scalar> 
1167
(
-2.012594021e-20
-1.548637916e-21
6.208160211e-21
-1.710131058e-21
6.452981137e-21
-3.141644372e-20
6.917503386e-21
-1.906538402e-21
7.219110321e-21
-3.526729262e-20
7.801959838e-21
-2.147583348e-21
8.182562316e-21
-4.007614701e-20
8.894745886e-21
-6.472172975e-21
-3.098215984e-21
-1.124703334e-20
1.143038997e-21
-1.657039993e-20
1.213488376e-21
-1.7454476e-20
1.265800363e-21
-1.095173582e-20
-1.873786515e-20
1.537137558e-20
-1.951026359e-20
1.64147459e-20
-2.06372535e-20
-1.270790666e-20
8.965619017e-21
2.724836177e-20
-5.581538338e-20
1.919987732e-20
9.842007179e-21
-1.521702629e-20
-2.637507958e-20
-1.635565563e-20
7.520127392e-21
1.119568488e-20
-3.856481241e-20
1.637367364e-20
-5.112716832e-22
-2.895368179e-20
1.300741648e-20
1.876429254e-20
-4.422296014e-20
-4.939066499e-20
2.268900423e-20
-2.577126063e-20
2.359720233e-20
-2.744792119e-20
-2.76413747e-20
-3.161683658e-21
-2.915111259e-20
6.753304924e-20
-6.280818726e-20
6.202231212e-20
-3.309816024e-20
-3.877183871e-21
-3.524643086e-20
3.310284069e-20
-3.812247791e-20
4.108321506e-20
-3.459359087e-20
-2.337014133e-20
1.979927768e-20
-3.780928565e-20
3.445246715e-20
2.11162675e-20
-3.964522939e-20
-9.659538609e-20
-1.809593883e-21
2.379142623e-20
-1.923169095e-21
2.504250546e-20
-8.221661139e-20
7.864266198e-20
-8.757783256e-20
-2.544529399e-21
2.850317905e-20
-2.758083219e-21
3.027607281e-20
-3.758914389e-20
-3.473156052e-21
3.300747905e-20
-1.111948675e-19
1.142909388e-19
-7.289792472e-20
1.442991554e-20
-2.199127276e-20
4.776537495e-20
-2.172005069e-20
-7.237253894e-20
4.558501803e-20
-3.671860926e-20
-3.848363996e-20
3.255185454e-20
-3.993288846e-20
6.09908927e-20
-4.203385302e-20
6.448464701e-20
-7.268496755e-20
-4.627510405e-20
6.982299441e-20
-4.908105569e-20
7.440443106e-20
-8.51596027e-20
4.545377682e-20
-1.947149516e-20
-5.798191196e-20
4.990115247e-20
-6.110618689e-20
5.375948271e-20
-2.263940296e-20
5.753480111e-20
-6.927147998e-20
-6.737519336e-20
6.690058821e-20
2.382440555e-20
4.565069509e-22
-2.410391782e-20
-4.596697168e-20
1.545753091e-21
1.807194849e-21
2.890713506e-20
-2.668627201e-20
1.12520764e-21
3.06037273e-20
7.857345669e-22
3.211895394e-20
-1.244651566e-19
2.560703896e-21
3.707687392e-20
1.989683739e-21
-3.553881371e-20
3.96994138e-20
1.292507187e-21
1.119756263e-21
4.363382788e-20
-3.924391272e-20
-8.065970482e-20
-6.675045129e-21
2.778394668e-20
5.269494555e-21
-6.215326312e-20
-1.519409286e-20
4.697415372e-21
4.433866581e-21
3.100054969e-20
-7.200655972e-20
7.039209116e-21
3.618124521e-20
7.620989927e-21
3.861017703e-20
-8.419257612e-20
-5.533412461e-20
4.089398732e-20
7.374123471e-21
7.381412658e-21
4.537010367e-20
8.591668548e-21
-1.060596023e-19
4.56495746e-20
1.835482655e-21
-2.77337985e-20
2.529737243e-20
1.156624587e-19
-4.351035751e-20
-1.754525082e-19
1.695444945e-19
2.56999722e-20
-1.985202144e-20
2.808593338e-20
-1.231287676e-19
2.892546961e-20
5.682131067e-20
-5.257453114e-20
3.252082583e-20
-2.314275588e-20
-2.44649481e-20
3.434305373e-20
-2.716424219e-20
3.795983698e-20
3.897071341e-20
-2.995203883e-20
-6.901091764e-20
-6.953085522e-20
8.626567752e-20
9.140591744e-20
-8.475560266e-20
9.707932432e-20
-5.610310379e-20
-6.123661532e-20
1.215302527e-19
9.353843957e-21
3.290656074e-20
7.616420496e-21
-6.613477976e-20
5.568958143e-20
8.029978072e-21
-9.863980937e-20
9.156398456e-20
-7.779243203e-20
-2.09847483e-20
1.019533644e-19
-8.46836594e-20
1.074207271e-19
-2.495299073e-20
-9.39469598e-20
1.191096766e-19
-1.354397973e-19
5.362617681e-20
8.583506192e-20
-1.45249084e-19
-3.46788019e-20
-9.491158288e-20
2.458577157e-19
-1.023609923e-19
-3.705494595e-20
-3.43773225e-20
2.06221796e-19
-1.12619854e-19
9.451013061e-21
1.195734324e-19
-7.689864034e-20
-4.666383796e-20
1.231174612e-20
-7.595266157e-20
9.992332895e-20
-7.905560598e-20
1.087055161e-19
-8.348956347e-20
-2.032004542e-20
5.226129093e-20
-9.608842138e-20
1.410950371e-20
8.930858987e-21
-3.54318198e-20
1.413203703e-19
-1.271919123e-19
1.469020136e-19
-1.866131949e-19
-6.265282614e-20
9.321876838e-20
1.622129253e-19
-1.397348704e-19
-7.336933206e-20
1.136189293e-19
1.917180539e-19
-1.61929469e-19
-1.059507899e-21
-8.04525552e-20
-1.082179003e-19
1.045208724e-19
3.557987448e-20
6.678466552e-21
3.588096089e-20
-2.894462875e-20
-2.611235191e-20
4.735740249e-20
-1.720070986e-20
6.507902519e-20
1.841671485e-19
-2.069647869e-19
-4.05981946e-21
-6.921509668e-20
-1.381397109e-20
2.723856601e-19
-1.358258102e-20
-1.813665089e-20
-2.575552361e-19
-1.39054169e-20
2.445589835e-19
-8.343618867e-21
-1.401399829e-20
-1.990634717e-20
-1.109592269e-19
-1.417874986e-19
4.813589533e-20
1.122357871e-19
-1.739305131e-20
1.495733209e-20
-2.312119905e-20
7.13746632e-21
-3.912785019e-20
-1.491110705e-20
1.327932525e-21
-1.958397796e-19
-3.388361997e-21
1.986616648e-19
-8.888541785e-21
-2.601921997e-21
4.516995902e-21
8.678325544e-21
-1.430277045e-21
-1.300927764e-20
-9.192086376e-21
-4.832260997e-21
-5.28814065e-23
-7.025141374e-20
2.859569901e-19
-2.972726559e-19
-9.647828191e-21
2.621351675e-20
-6.817196069e-20
-3.988168673e-20
1.328440026e-19
-6.290811739e-20
-3.931741051e-20
3.881709972e-20
2.664948567e-20
-1.60815044e-19
2.904404025e-20
1.732554667e-19
-1.621932587e-19
-1.86363298e-20
3.44173355e-20
2.884870784e-20
3.775397759e-20
4.785988872e-20
4.17283746e-20
-2.02421686e-19
4.630579897e-20
-3.879106304e-20
4.559348929e-20
5.65785767e-20
5.013681153e-20
4.749530055e-20
-2.578082404e-19
5.723430791e-20
2.673962171e-19
-1.981105474e-19
4.960738116e-21
4.823103422e-20
-9.687818386e-21
3.759663239e-20
-1.983921995e-20
-1.538780904e-20
-2.273025492e-20
2.866433411e-20
-2.231299308e-20
-1.254603442e-20
4.312423908e-20
-2.708758989e-20
4.823618098e-20
-2.548035768e-19
2.893965215e-19
-2.533860073e-20
-2.111258867e-19
-2.432684226e-20
3.347085652e-19
-2.546780473e-20
-2.416879509e-19
2.82050389e-19
6.379702755e-20
-2.710998122e-19
-5.634043393e-20
4.742409359e-20
-3.109879251e-20
1.950816971e-19
-1.573183186e-19
2.221492139e-20
1.581698937e-19
2.342207644e-20
-2.326813226e-19
-3.6067138e-20
2.337269552e-19
-1.865181118e-19
2.836748682e-20
-4.601131921e-20
2.565274896e-19
-2.823020169e-19
3.221281912e-20
-5.075390924e-20
1.086330871e-19
-4.303836324e-20
3.414961194e-20
2.505474926e-19
-2.82228096e-19
-7.259196438e-20
1.620291897e-19
-1.719963217e-19
-3.388064839e-20
9.046327084e-20
-3.656931233e-20
-8.745194647e-20
1.498141901e-19
-8.360867314e-20
-8.618601972e-20
1.555768545e-19
-9.644029362e-20
-3.76307852e-20
1.659086819e-19
-1.07486361e-19
1.261272479e-19
-2.761168629e-19
1.260144699e-19
1.292792785e-19
-3.079960983e-19
2.159550088e-19
1.435347438e-19
-1.409776496e-19
-6.058125953e-20
-1.426940519e-19
2.09695295e-19
-5.771710914e-20
-5.770821091e-20
5.682593168e-20
6.10886658e-20
-1.604253121e-19
1.137686408e-19
5.665774571e-20
4.720229021e-20
1.084065331e-19
-1.960680429e-19
5.473625186e-20
1.222764936e-19
-1.500078528e-19
-6.62436105e-22
-9.64698055e-20
6.457207121e-20
7.244948742e-20
-2.462107468e-19
1.52387765e-19
8.589718866e-20
-1.857834643e-19
1.825830749e-19
-2.709875036e-19
1.345557368e-19
1.929698527e-19
-1.24751466e-20
-1.132206448e-20
-1.052569938e-19
-8.936040151e-21
3.410250581e-19
-6.139954936e-21
-5.478562974e-20
-5.411482025e-20
-3.656230845e-22
2.098134871e-21
4.801277332e-21
-1.129246442e-19
2.166198449e-19
-8.768043944e-21
-6.658617348e-21
-7.613215032e-20
-7.773895489e-20
-7.654069693e-21
-1.486041017e-20
2.587972457e-19
-7.622877532e-20
-7.840616224e-20
-2.073454861e-20
1.242951182e-19
-3.465294958e-20
-8.263203094e-20
-3.922355104e-20
1.346825249e-19
-2.627009857e-20
-7.885728353e-20
-3.062640733e-20
-3.066983131e-20
1.510623021e-19
-5.034758425e-20
-1.122423941e-19
1.606101482e-19
-3.741226388e-20
-3.815574144e-20
-3.940590735e-20
-1.114388246e-19
-4.694494605e-20
-4.924947817e-20
4.752066046e-19
-5.950554117e-20
-1.383922645e-19
-4.52595566e-20
1.510611793e-19
7.229305536e-21
-1.011347334e-19
1.015509405e-20
7.014310365e-21
4.887106878e-20
-1.665977652e-19
6.789308666e-21
5.124752787e-20
1.851067812e-19
-1.724463188e-19
7.438616696e-20
1.092601035e-20
5.589889652e-21
-1.437660054e-19
9.869622822e-21
5.617854961e-21
7.090761377e-20
-2.346655767e-19
2.538808826e-19
6.266345582e-20
5.808452204e-21
-3.116330358e-19
-1.401257815e-20
1.290260379e-19
-1.674424038e-19
-1.7551055e-20
1.358285296e-19
2.65752598e-20
-1.813470984e-19
9.305434762e-20
2.536754459e-20
-1.445792643e-20
-2.595877365e-20
1.73566023e-20
-7.718804409e-20
1.753503903e-19
-1.77347856e-19
-3.126086277e-20
1.25010448e-19
3.687085619e-20
-2.616167709e-19
-2.730631592e-20
2.958970338e-19
-1.192715139e-19
-3.32622102e-19
-8.244694357e-20
9.940386919e-20
1.772396953e-20
-5.298685963e-20
5.746385386e-20
-8.565767201e-20
-4.38977598e-20
1.803965145e-19
-5.281346821e-20
-1.037930975e-19
1.242127802e-19
-9.264376232e-20
7.326586347e-20
7.089948461e-20
-5.659961982e-20
-1.179121337e-19
2.324419215e-19
-6.926924617e-20
-1.34444575e-19
-6.890163555e-20
8.875638692e-20
1.033628257e-19
-6.022839629e-20
-2.442695613e-20
-1.18608605e-19
1.195917806e-19
6.242825893e-20
-2.463932037e-20
-1.71838592e-19
1.793998623e-20
1.712028316e-19
-1.316785673e-19
-1.783830044e-20
2.223475303e-20
-3.35614814e-20
7.527984321e-20
-1.600270156e-20
2.831241027e-20
-3.355135017e-20
2.868315482e-20
3.459808319e-20
-3.058164158e-20
3.574819748e-20
-1.856030979e-19
2.632653143e-19
-6.89894257e-20
-2.848916248e-20
-8.553914986e-20
3.787022446e-20
7.944679944e-20
4.467444587e-20
-1.381952228e-19
-9.78121425e-20
9.894598646e-20
-9.65439346e-20
6.389046785e-21
5.556871029e-20
5.832825937e-20
-6.537595329e-20
4.959650135e-20
4.610010356e-21
6.142877528e-20
-7.692330876e-20
5.819528898e-20
6.559933101e-20
-2.053314783e-19
-1.051071506e-19
5.625974751e-20
3.91279509e-20
-7.78148777e-20
9.228010334e-20
1.062042456e-19
1.495415061e-20
-1.849254211e-20
-5.336975989e-20
-1.176147191e-19
1.103469938e-19
-3.193199315e-20
-7.047576284e-20
1.700760423e-20
1.247771656e-19
-3.283205481e-20
1.92814472e-20
-7.402429037e-20
1.442436414e-19
-3.243033415e-20
2.398026042e-20
-3.148562446e-20
-2.971504622e-19
1.852805871e-19
6.161984583e-20
-9.095988252e-21
-2.669738984e-20
1.842618794e-19
-1.434839695e-19
-8.92067734e-21
3.930433111e-20
-9.301560346e-20
-5.500642131e-20
1.764528882e-19
-5.57268192e-20
-9.856425164e-20
8.007325297e-20
4.330394509e-20
-9.731831311e-20
1.382866125e-19
-1.198417307e-19
5.432181072e-20
5.698908216e-20
-7.255354609e-20
-7.427862915e-20
6.378695354e-20
7.578134705e-20
-9.761865932e-20
7.379114104e-20
8.818122899e-20
2.026078983e-19
-5.674463024e-19
7.601953373e-20
1.58736273e-19
8.287068046e-22
-4.216485481e-20
8.546408626e-20
-3.377843535e-21
-4.640962377e-20
9.086808337e-20
-1.422303582e-19
-4.394736937e-20
1.505166779e-19
-3.896942388e-20
-4.899823858e-20
1.135334796e-19
-5.129104007e-20
4.303091005e-20
1.255498593e-19
-2.579593683e-19
-8.355001825e-20
9.939428978e-20
-9.443455179e-20
1.159711405e-19
-3.203254138e-19
1.926113333e-19
-2.296404203e-19
1.155707356e-19
9.567475647e-20
-5.927512574e-20
-1.857349776e-20
1.069238695e-19
-5.924038043e-20
1.043438656e-20
-3.776417595e-20
-7.107694418e-20
1.14268885e-19
-3.557661988e-20
-7.257710932e-20
1.30072797e-19
1.47383674e-20
8.671329628e-20
-2.122383186e-19
-1.974244916e-20
1.381467245e-19
-3.440682259e-19
-5.192737278e-20
2.421154069e-19
-4.95466903e-20
-5.793933391e-20
-4.417167875e-20
1.112391258e-19
-1.48256214e-19
-1.30211401e-21
8.661888446e-20
-3.682524861e-20
3.363976082e-21
1.074481135e-20
-3.919656339e-20
1.344750271e-19
-1.388242411e-19
-4.160070757e-20
1.500757037e-19
-6.814208926e-22
-4.466492489e-20
-2.689699031e-21
-4.283402212e-20
1.525582648e-19
-2.265594286e-19
3.034211445e-20
3.852140858e-20
3.70649678e-20
3.55778371e-20
4.418113991e-20
-3.85119937e-20
-6.990514528e-20
-2.347369825e-20
9.1373787e-20
-2.511624221e-20
-1.433328539e-19
1.320752092e-19
-2.688544169e-20
2.043505187e-20
-2.417272109e-20
8.73924657e-21
-2.311689595e-20
1.662753328e-19
-1.860030413e-19
1.772227672e-19
-7.528630702e-20
-7.54075219e-21
-6.986673602e-20
1.921880361e-19
-1.731021838e-19
2.795352761e-20
-6.185883152e-20
1.179595622e-19
3.11088331e-20
9.493602501e-20
-2.53035554e-19
1.277165486e-19
1.472190976e-20
-1.390170519e-19
1.315933213e-19
-2.329846261e-20
-1.153979687e-19
1.057220626e-19
1.243606181e-20
-1.635199519e-19
1.573971166e-19
-1.686861699e-19
1.653914585e-19
-3.70019024e-20
-1.588183926e-19
1.082608214e-19
-4.856892662e-20
1.211940173e-19
-6.686139397e-20
-7.188905201e-20
1.082840828e-19
-6.576830276e-20
2.267068426e-19
-3.381531157e-19
8.284359606e-20
5.775745433e-20
-7.970482895e-20
5.926851109e-20
3.224423758e-20
-8.513474282e-20
3.216785255e-20
7.266453589e-20
-9.392765245e-20
3.293668823e-20
-6.72092854e-20
3.201802103e-20
2.154661899e-20
4.512536024e-20
1.53872505e-19
-1.656813771e-19
1.563451031e-19
1.652309471e-19
-1.737490728e-19
-7.755341731e-20
-1.608638068e-19
1.963863604e-19
-1.718666074e-19
1.660606738e-19
1.984948756e-20
-8.218143402e-20
5.327985667e-20
-5.283618065e-20
2.335687284e-20
-8.913475395e-20
6.150051771e-20
5.768648427e-20
-9.990899543e-20
6.698519428e-20
-1.001806444e-19
8.282489988e-20
2.084197184e-19
-8.138001807e-20
6.666681601e-20
1.404090065e-19
-8.32452504e-20
7.349601002e-20
-1.016589025e-19
-2.809233433e-19
1.513674221e-19
5.576505444e-20
-5.603667243e-20
9.137319247e-20
-3.628871901e-20
3.083071721e-20
-4.05221055e-20
6.116157823e-20
-7.807285672e-20
5.796174177e-20
6.518969981e-20
-8.208430193e-20
-4.822973891e-20
-8.793674596e-20
1.135369518e-19
1.654406276e-20
-2.791819564e-19
1.416399856e-19
1.462935769e-19
-2.891016559e-19
1.558935266e-19
1.609611006e-19
-1.627122129e-19
-8.454633351e-20
1.703903182e-19
-8.412287624e-20
-1.371239149e-19
1.279467291e-19
-6.494588112e-21
-6.725161856e-21
2.264441027e-20
-3.806708999e-21
2.714699557e-20
-1.26645246e-21
-2.648015154e-21
-8.771605939e-20
2.68936485e-20
3.306096664e-20
4.018730529e-22
-5.247002501e-20
1.342320208e-19
-5.909528246e-20
-6.234211931e-20
-6.561196185e-20
1.548466975e-19
1.558684919e-19
-2.903893086e-19
1.580113036e-19
1.589767291e-19
-3.170642153e-19
1.858801324e-19
-5.741202101e-20
-5.645310928e-21
-6.386257041e-21
-9.533547443e-20
2.922763002e-20
-4.586717156e-22
-1.1193483e-21
-1.731629834e-21
2.905669325e-20
-5.555550561e-21
3.011678723e-20
1.809425862e-20
2.083291843e-19
-1.724946994e-19
1.41624035e-19
-1.826952138e-19
1.790697354e-20
1.577096555e-19
-1.859401784e-19
2.314751901e-19
2.231379618e-20
-2.69787504e-19
2.560697892e-19
-8.985354644e-20
2.597482476e-20
-5.628916908e-20
-6.023434039e-20
4.697506781e-20
-6.607661116e-20
2.87118852e-20
2.79976245e-20
3.046413374e-20
-7.209184583e-20
6.168127554e-20
5.362454464e-22
2.310628098e-19
-1.768226404e-19
1.203952306e-19
-4.690629878e-22
-1.884694183e-19
1.25544067e-19
6.312405066e-20
-1.143442331e-21
5.568481823e-21
-7.91133633e-20
-2.962883734e-21
2.776969143e-20
4.589831411e-20
-3.33082424e-21
1.516798185e-20
1.839134391e-20
-9.059294408e-20
1.932048106e-20
2.237741663e-20
-3.747596651e-21
2.403739974e-20
9.122000738e-21
5.527957014e-20
1.662048643e-20
-9.530829632e-20
1.214453778e-19
-4.189017126e-20
-1.029989037e-19
1.262038877e-19
-4.225629164e-20
-4.080598535e-20
7.303695104e-20
1.40944915e-19
-2.479875414e-19
7.435266981e-20
1.040935577e-19
-9.631574199e-20
3.671184237e-20
3.378055879e-20
-6.6963868e-20
1.135528127e-20
-4.67144575e-20
1.215909903e-20
1.292222915e-19
-1.140415526e-19
-3.566925367e-20
1.162621278e-20
-4.420642457e-20
-3.606273434e-20
1.762505369e-20
-4.089851151e-20
1.776053304e-19
-2.087062979e-19
1.77098462e-19
-1.059802125e-19
2.371358589e-20
2.243028659e-20
-4.504637577e-20
2.070703095e-19
-1.81909503e-19
5.306015498e-20
-3.024249811e-20
-2.851600585e-20
2.097490062e-20
-1.281103188e-20
4.25854319e-20
4.531420827e-20
-5.764445235e-20
-8.041169364e-22
1.593561502e-21
3.825894695e-21
-5.266484579e-20
-3.336263887e-21
-1.142941713e-21
1.432633648e-19
-1.501598972e-19
1.532534764e-19
-5.664859172e-20
-1.648431255e-19
1.022617785e-19
-1.625287119e-19
1.736150543e-19
2.057791845e-20
8.811243684e-22
-6.201973994e-20
1.652522581e-20
1.653297616e-20
1.824729078e-20
1.984943165e-20
1.814496047e-22
2.254698658e-20
5.101940608e-20
-7.060160561e-20
4.988387463e-20
1.055491304e-20
-7.192275347e-20
5.453868336e-20
5.753707292e-20
-7.634937762e-20
5.698570367e-20
6.021258133e-20
-1.295992415e-19
1.043353755e-20
-8.85901376e-20
5.748736747e-20
6.140556304e-20
-7.568035046e-20
3.297357955e-21
-3.587301415e-20
7.927179095e-21
7.832993711e-21
2.467289526e-20
6.212894069e-21
2.53421966e-20
3.58329886e-20
3.511284735e-20
-2.382715295e-21
-3.451220709e-21
3.37253106e-20
-5.396012957e-21
3.49036579e-20
-8.054320306e-20
-1.460694745e-21
4.125702169e-20
-4.565048839e-20
4.119608646e-20
4.10455713e-20
-4.072296476e-21
4.30307072e-20
-1.418210491e-20
-7.714591003e-20
-2.022930143e-20
1.312994904e-20
-2.340881464e-20
1.604120412e-20
-2.390383225e-20
2.997917313e-20
3.868363582e-20
3.945193563e-20
-8.466966094e-20
4.340528725e-20
4.412613209e-20
1.011216948e-20
4.454057206e-20
-5.753821722e-20
-9.506390685e-20
1.003266181e-20
1.033953934e-20
4.80089175e-20
4.904398664e-20
-1.010999818e-19
5.48799492e-20
5.647132853e-20
-5.861818075e-20
1.797354716e-20
1.924305597e-20
-1.310427687e-20
5.732032688e-21
-2.785346944e-20
2.384108449e-20
-1.518108087e-22
7.656048388e-20
-7.988138787e-20
-2.006779444e-21
-1.051828963e-21
8.033647497e-20
-1.385760317e-21
-5.504336997e-22
-8.648757843e-20
-3.17221869e-20
8.713098021e-20
-2.045584592e-21
-9.962826879e-22
-9.530230615e-20
9.278867648e-20
-3.63246186e-21
-2.205897437e-20
8.783796324e-21
-1.530624448e-21
9.404897701e-21
-1.267858221e-21
-1.865015234e-21
-3.528819562e-21
-4.066577483e-20
6.033311212e-20
-4.057948159e-20
-4.794628925e-22
2.108987474e-20
2.164537322e-20
-5.861128945e-22
-4.413255079e-20
-8.015176256e-22
2.280000485e-20
-1.011151155e-21
2.437596765e-20
-1.302139716e-21
-4.988735688e-20
7.473147899e-20
-5.05625925e-20
-8.418193689e-21
1.882125919e-20
-1.745486304e-20
1.969532438e-20
-1.830708155e-20
1.231912839e-20
-1.861359795e-20
-8.818330643e-21
3.544497381e-20
-5.433489271e-20
3.637927835e-20
3.690994448e-20
-5.660397261e-20
3.805159017e-20
-5.841639719e-20
2.206184059e-20
5.752474108e-20
-7.936914669e-20
4.141357012e-20
4.218159209e-20
-6.49525009e-20
2.458010171e-20
8.142113443e-21
-3.153188598e-20
1.728842067e-20
-1.948841491e-22
1.193227156e-20
-2.16938217e-20
2.21170053e-20
-1.6377783e-20
-1.132076179e-21
1.76650848e-20
-2.913308146e-20
1.801933591e-20
-2.00044603e-21
8.537254789e-21
1.947310064e-20
-3.066042107e-20
9.742571878e-21
9.339954728e-21
-2.176655012e-20
-1.278718053e-21
2.064684699e-20
-3.497602564e-20
4.401952383e-20
1.065213943e-20
-2.391871565e-20
-4.614992683e-21
5.572720575e-21
-9.249843748e-21
1.179495937e-22
5.277974997e-23
3.629651753e-21
-3.082414311e-21
1.9665637e-22
-3.089438612e-21
2.671100971e-22
-3.093464359e-21
2.01191498e-20
3.081012416e-22
-3.196273858e-21
4.169418185e-22
-3.19562159e-21
5.454643428e-22
-3.185672161e-21
6.921078256e-22
-3.1648603e-21
1.19117558e-20
-3.978223383e-21
1.645078734e-22
-3.991955314e-21
-8.698445546e-22
-2.693932026e-21
2.964856384e-21
-2.762445481e-21
1.783187718e-21
)
;
    }
    back_bottom
    {
        type            wedge;
        value           nonuniform 0();
    }
    axis_top
    {
        type            symmetryPlane;
        value           nonuniform 0();
    }
    axis_middle
    {
        type            symmetryPlane;
        value           nonuniform 0();
    }
    axis_bottom
    {
        type            symmetryPlane;
        value           nonuniform 0();
    }
    wall_top
    {
        type            calculated;
        value           nonuniform 0();
    }
    wall_middle
    {
        type            calculated;
        value           uniform 0;
    }
    wall_bottom
    {
        type            calculated;
        value           nonuniform 0();
    }
    inlet
    {
        type            calculated;
        value           nonuniform 0();
    }
    outlet
    {
        type            calculated;
        value           nonuniform 0();
    }
    procBoundary3to2
    {
        type            processor;
        value           nonuniform List<scalar> 
51
(
7.682118546e-11
-2.121085857e-12
2.184135295e-10
3.535543988e-10
4.801573236e-10
5.983003142e-10
7.080957034e-10
8.096806246e-10
9.032122795e-10
9.888633131e-10
1.06681732e-09
1.137265546e-09
1.200404022e-09
1.256431673e-09
1.30554826e-09
1.347953666e-09
1.383847079e-09
1.413427023e-09
1.436891129e-09
1.454437362e-09
1.466263557e-09
1.472569203e-09
1.473556198e-09
1.469429166e-09
1.460396665e-09
1.446671671e-09
1.42847157e-09
1.406017776e-09
1.379534964e-09
1.349249825e-09
1.315387947e-09
1.278171244e-09
1.237813367e-09
1.194513871e-09
1.148451912e-09
1.099777969e-09
1.048605573e-09
9.950024212e-10
9.389833014e-10
8.805071982e-10
8.194802751e-10
7.557677e-10
6.892139e-10
6.19669478e-10
5.470181733e-10
4.711973086e-10
3.922034219e-10
3.10080821e-10
2.249015884e-10
1.367437275e-10
4.637070275e-11
)
;
    }
    procBoundary3to4
    {
        type            processor;
        value           nonuniform List<scalar> 
51
(
-7.469820225e-11
-2.183252337e-10
-3.531559093e-10
-4.790918188e-10
-5.961311847e-10
-7.04339293e-10
-8.038321268e-10
-8.947726988e-10
-9.773633129e-10
-1.051837819e-09
-1.118455179e-09
-1.17749396e-09
-1.22924726e-09
-1.274018698e-09
-1.312118826e-09
-1.343861828e-09
-1.369563257e-09
-1.389537397e-09
-5.276126193e-11
-1.407275603e-09
-1.416472353e-09
-1.420830588e-09
-1.420646003e-09
-1.416204979e-09
-1.407783025e-09
-1.395643459e-09
-1.380035559e-09
-1.361192811e-09
-1.339331164e-09
-1.314646338e-09
-1.28731152e-09
-1.257473811e-09
-1.22525034e-09
-1.190723031e-09
-1.153932413e-09
-1.114869674e-09
-1.073467809e-09
-1.029591548e-09
-9.830284027e-10
-9.334832936e-10
-8.80579139e-10
-8.238668404e-10
-7.628435376e-10
-6.969782395e-10
-6.257385538e-10
-5.48616451e-10
-4.651467853e-10
-3.749196395e-10
-2.776009685e-10
-1.729789989e-10
-6.095501152e-11
)
;
    }
}


// ************************************************************************* //
