/*--------------------------------*- C++ -*----------------------------------*\
  =========                 |
  \\      /  F ield         | OpenFOAM: The Open Source CFD Toolbox
   \\    /   O peration     | Website:  https://openfoam.org
    \\  /    A nd           | Version:  7
     \\/     M anipulation  |
\*---------------------------------------------------------------------------*/
FoamFile
{
    version     2.0;
    format      ascii;
    class       volVectorField;
    location    "0.0027";
    object      U;
}
// * * * * * * * * * * * * * * * * * * * * * * * * * * * * * * * * * * * * * //

dimensions      [0 1 -1 0 0 0 0];

internalField   nonuniform List<vector> 
1166
(
(-3.140393705e-08 3.984674277e-20 -0.002071077891)
(-8.244328359e-08 4.996667798e-20 -0.002071074195)
(-1.31446211e-07 4.539923556e-20 -0.002071066387)
(-1.827437113e-07 -6.303023822e-20 -0.002071054882)
(-2.351673463e-07 -7.736635762e-20 -0.002071039839)
(-2.886037101e-07 -1.005605084e-19 -0.002071021436)
(-3.436776995e-07 -1.308196193e-19 -0.002071001187)
(-4.025710858e-07 -1.674653366e-19 -0.002070981883)
(-4.661969005e-07 -1.32748982e-19 -0.002070966474)
(-5.192828058e-07 -1.12481475e-19 -0.002070957951)
(-5.383222716e-07 -7.380090606e-20 -0.002070959353)
(-5.146926326e-07 -4.557805035e-20 -0.002070974335)
(-4.495183527e-07 6.766736462e-23 -0.002071006676)
(-3.426690742e-07 4.04482978e-20 -0.002071054431)
(-2.006328478e-07 1.01545563e-19 -0.00207111062)
(-5.529818431e-08 1.576126349e-19 -0.002071165804)
(6.845309249e-08 1.877051829e-19 -0.002071211182)
(1.712780809e-07 2.154933109e-19 -0.002071241648)
(2.559582462e-07 2.250911263e-19 -0.002071257964)
(3.240130738e-07 2.193141745e-19 -0.00207126229)
(3.767153737e-07 2.151034971e-19 -0.002071256477)
(4.155547229e-07 2.121972747e-19 -0.002071241959)
(4.423706268e-07 2.10511203e-19 -0.002071220108)
(4.600828584e-07 2.104300025e-19 -0.002071193366)
(4.712277276e-07 2.111287643e-19 -0.002071165475)
(4.763815677e-07 2.122351333e-19 -0.002071140055)
(4.769698338e-07 2.13485611e-19 -0.002071120288)
(4.755291703e-07 2.148365348e-19 -0.002071107722)
(4.732487336e-07 2.162628893e-19 -0.002071102106)
(4.704844006e-07 2.178193209e-19 -0.002071102793)
(4.671938736e-07 2.19423227e-19 -0.002071109164)
(4.62923782e-07 2.209514057e-19 -0.002071120597)
(4.56954932e-07 2.222887545e-19 -0.002071136431)
(4.486165423e-07 2.233971657e-19 -0.002071155991)
(-3.56495658e-08 4.68623566e-20 -0.002073242278)
(-9.341761784e-08 7.036961223e-20 -0.002073241908)
(-1.492990225e-07 7.682870439e-20 -0.002073241583)
(-2.100969146e-07 7.905018457e-20 -0.002073242429)
(-2.752186994e-07 7.714462507e-20 -0.00207324591)
(-3.353362357e-07 7.566081472e-20 -0.002073253846)
(-3.742149122e-07 7.47343908e-20 -0.002073268281)
(-3.83819692e-07 7.446914602e-20 -0.002073291665)
(-3.635370914e-07 7.404385859e-20 -0.002073327265)
(-3.123367818e-07 7.336971297e-20 -0.002073378562)
(-2.271484747e-07 7.098772485e-20 -0.002073444284)
(-1.064820836e-07 6.707643971e-20 -0.002073518528)
(3.052383446e-08 6.093422748e-20 -0.002073593322)
(1.566253378e-07 8.201912951e-20 -0.002073660203)
(2.63722905e-07 9.88663807e-20 -0.002073712557)
(3.538079482e-07 1.118145621e-19 -0.002073747506)
(4.283998941e-07 1.212347747e-19 -0.002073767167)
(4.883467643e-07 1.279876372e-19 -0.00207377405)
(5.345528608e-07 1.332364272e-19 -0.002073770151)
(5.681853551e-07 1.373877909e-19 -0.002073757009)
(5.906757885e-07 1.401042858e-19 -0.002073736035)
(6.043915109e-07 1.415176646e-19 -0.002073709561)
(6.118807168e-07 1.416158964e-19 -0.002073681361)
(6.137412212e-07 1.530475135e-19 -0.002073655265)
(6.108610873e-07 1.632477942e-19 -0.002073634735)
(6.056771228e-07 1.725557566e-19 -0.002073621912)
(5.996476257e-07 1.811274664e-19 -0.002073616824)
(5.932527168e-07 1.892762758e-19 -0.002073618806)
(5.865711634e-07 1.975107839e-19 -0.002073627201)
(5.792758632e-07 2.062457587e-19 -0.002073641372)
(5.707130457e-07 2.153852001e-19 -0.002073660647)
(5.601649374e-07 2.24759623e-19 -0.002073684323)
(5.471325016e-07 2.303151755e-19 -0.002073711708)
(5.314571639e-07 2.357402772e-19 -0.002073742154)
(5.132457135e-07 2.410463282e-19 -0.002073775056)
(4.926999086e-07 2.464005145e-19 -0.002073809838)
(4.700010262e-07 2.524048365e-19 -0.002073845929)
(4.452842863e-07 2.517977238e-19 -0.00207388276)
(4.186471398e-07 2.51162012e-19 -0.002073919763)
(3.901546049e-07 2.539216004e-19 -0.002073956378)
(3.598500778e-07 2.565170803e-19 -0.00207399205)
(3.277840467e-07 2.62164815e-19 -0.002074026244)
(2.940398713e-07 2.677075178e-19 -0.002074058442)
(2.587381982e-07 2.731324879e-19 -0.002074088147)
(2.220180333e-07 2.785356884e-19 -0.002074114888)
(1.84010961e-07 2.81094091e-19 -0.002074138213)
(1.4482304e-07 2.860837865e-19 -0.002074157692)
(1.045673687e-07 2.931664939e-19 -0.002074172912)
(6.355614885e-08 2.976510276e-19 -0.002074183475)
(2.245770261e-08 3.000321739e-19 -0.002074188999)
(-2.851976802e-08 7.080521217e-20 -0.002075562445)
(-7.258322696e-08 1.387865954e-19 -0.002075571566)
(-1.064595937e-07 1.967176825e-19 -0.002075590089)
(-1.297710214e-07 2.621358882e-19 -0.00207561912)
(-1.371114105e-07 2.434430413e-19 -0.002075660474)
(-1.246206498e-07 2.474001639e-19 -0.00207571624)
(-8.856714683e-08 2.655990721e-19 -0.0020757855)
(-2.428538072e-08 2.947649001e-19 -0.002075864205)
(7.117371808e-08 2.868896647e-19 -0.002075947666)
(1.843305018e-07 2.929848928e-19 -0.002076030224)
(2.924089489e-07 2.760842606e-19 -0.002076105479)
(3.870112818e-07 2.713045438e-19 -0.002076167614)
(4.697129061e-07 2.488568093e-19 -0.002076212776)
(5.412443497e-07 2.335831913e-19 -0.002076241427)
(6.013574298e-07 1.989992924e-19 -0.002076255978)
(6.499612491e-07 1.696600488e-19 -0.002076258634)
(6.873751546e-07 1.444730739e-19 -0.002076251176)
(7.142530995e-07 1.223953157e-19 -0.002076234992)
(7.314758287e-07 1.192018531e-19 -0.002076211364)
(7.408097533e-07 1.321675419e-19 -0.00207618244)
(7.445618414e-07 1.445897311e-19 -0.002076151831)
(7.432692609e-07 1.564944888e-19 -0.002076123337)
(7.373554432e-07 1.680162178e-19 -0.002076100491)
(7.289685462e-07 1.792673431e-19 -0.002076085857)
(7.197493809e-07 1.901063114e-19 -0.002076079794)
(7.103014482e-07 2.004252303e-19 -0.002076081635)
(7.008087644e-07 2.101560717e-19 -0.00207609067)
(6.910645755e-07 2.192985367e-19 -0.002076106234)
(6.80492071e-07 2.278643133e-19 -0.002076127645)
(6.683398904e-07 2.358012232e-19 -0.002076154184)
(6.539744222e-07 2.433268329e-19 -0.002076185128)
(6.370896435e-07 2.505894905e-19 -0.002076219787)
(6.177127741e-07 2.578924539e-19 -0.002076257519)
(5.960339451e-07 2.649384065e-19 -0.002076297719)
(5.722437741e-07 2.717561856e-19 -0.002076339796)
(5.46484304e-07 2.78484718e-19 -0.002076383162)
(5.188561467e-07 2.897219068e-19 -0.002076427228)
(4.894283149e-07 2.971951238e-19 -0.002076471412)
(4.582420913e-07 3.008653461e-19 -0.002076515135)
(4.253302342e-07 3.044543659e-19 -0.002076557835)
(3.907477133e-07 3.080035379e-19 -0.002076598964)
(3.54587333e-07 3.115287125e-19 -0.002076637998)
(3.169716344e-07 3.150613155e-19 -0.002076674434)
(2.780308818e-07 3.155061418e-19 -0.002076707797)
(2.37888447e-07 3.158640998e-19 -0.002076737628)
(1.966549398e-07 3.161229289e-19 -0.002076763492)
(1.544163952e-07 3.187773638e-19 -0.002076784974)
(1.11265995e-07 3.18756507e-19 -0.002076801673)
(6.749504795e-08 3.186262011e-19 -0.002076813205)
(2.37504175e-08 3.186650537e-19 -0.002076819198)
(1.323383768e-08 1.732485701e-20 -0.002078351042)
(3.653424648e-08 -1.564138736e-20 -0.002078365254)
(6.750909433e-08 -7.214238635e-20 -0.002078392335)
(1.143972103e-07 -1.887869911e-20 -0.002078430526)
(1.814136256e-07 9.657433561e-22 -0.00207847736)
(2.628121988e-07 7.891266911e-20 -0.002078529432)
(3.451596485e-07 1.359109417e-19 -0.002078582625)
(4.225003803e-07 1.833691771e-19 -0.002078632467)
(4.957387997e-07 1.359223646e-19 -0.00207867447)
(5.649780437e-07 1.358810233e-19 -0.002078704829)
(6.289177985e-07 1.692299794e-19 -0.002078722877)
(6.861165886e-07 1.951212268e-19 -0.002078730007)
(7.354117254e-07 2.145611108e-19 -0.002078727567)
(7.759383531e-07 2.021689972e-19 -0.002078716648)
(8.074824473e-07 1.884924087e-19 -0.002078698244)
(8.303227031e-07 1.744593356e-19 -0.002078673205)
(8.449319466e-07 1.596939821e-19 -0.002078642431)
(8.525279429e-07 1.436502195e-19 -0.002078607768)
(8.54978056e-07 1.43349397e-19 -0.002078572437)
(8.52719412e-07 1.554957036e-19 -0.002078539856)
(8.459078432e-07 1.789338382e-19 -0.002078513322)
(8.363916069e-07 1.998554069e-19 -0.002078495566)
(8.25852164e-07 2.185792822e-19 -0.002078487248)
(8.149722647e-07 2.35342796e-19 -0.002078487731)
(8.040571083e-07 2.50560489e-19 -0.002078496241)
(7.930551198e-07 2.645643016e-19 -0.002078512075)
(7.815193196e-07 2.776304461e-19 -0.002078534531)
(7.687455215e-07 2.896365e-19 -0.002078562875)
(7.540414917e-07 2.90410305e-19 -0.002078596355)
(7.369710323e-07 2.889589027e-19 -0.002078634244)
(7.174310531e-07 2.853369688e-19 -0.002078675864)
(6.955491087e-07 2.841041163e-19 -0.002078720585)
(6.715176046e-07 2.94572751e-19 -0.002078767798)
(6.454994968e-07 3.040452879e-19 -0.0020788169)
(6.176128133e-07 3.127683774e-19 -0.00207886729)
(5.879394193e-07 3.209192613e-19 -0.002078918365)
(5.565278092e-07 3.286065019e-19 -0.002078969531)
(5.234037276e-07 3.358887352e-19 -0.002079020202)
(4.886003676e-07 3.361618457e-19 -0.002079069806)
(4.521853897e-07 3.360226453e-19 -0.002079117793)
(4.142653146e-07 3.386695485e-19 -0.002079163635)
(3.749653825e-07 3.409628431e-19 -0.002079206828)
(3.344078213e-07 3.428363575e-19 -0.002079246894)
(2.927059532e-07 3.442104276e-19 -0.002079283374)
(2.499656808e-07 3.450685037e-19 -0.00207931583)
(2.062811205e-07 3.453749475e-19 -0.002079343844)
(1.617201524e-07 3.422528811e-19 -0.002079367019)
(1.163581429e-07 3.412294277e-19 -0.002079384967)
(7.048075447e-08 3.371998995e-19 -0.002079397315)
(2.472537911e-08 3.351172084e-19 -0.002079403702)
(5.068389275e-08 7.907693449e-20 -0.002081107476)
(1.325264291e-07 1.601806255e-19 -0.002081113201)
(2.103174143e-07 2.285285661e-19 -0.002081122841)
(2.90765797e-07 2.93738906e-19 -0.002081134562)
(3.708689112e-07 3.628078405e-19 -0.00208114568)
(4.493500022e-07 3.533362255e-19 -0.002081153146)
(5.250682501e-07 3.592208827e-19 -0.002081155424)
(5.967427017e-07 3.74870967e-19 -0.002081152429)
(6.63128359e-07 3.502623965e-19 -0.002081144111)
(7.229222853e-07 3.343352571e-19 -0.002081130422)
(7.750883946e-07 3.238398657e-19 -0.002081111436)
(8.190356542e-07 3.17562002e-19 -0.002081087402)
(8.543185324e-07 3.136964656e-19 -0.002081058559)
(8.81083541e-07 2.821651306e-19 -0.002081025211)
(9.000028873e-07 2.787049729e-19 -0.002080988006)
(9.12102604e-07 2.976650661e-19 -0.002080948629)
(9.187783583e-07 3.14417491e-19 -0.002080909897)
(9.203632493e-07 3.299417248e-19 -0.002080874706)
(9.170435228e-07 3.441496802e-19 -0.002080846002)
(9.104425138e-07 3.575043463e-19 -0.002080826473)
(9.021658193e-07 3.700629181e-19 -0.002080816969)
(8.930171209e-07 3.825894085e-19 -0.002080816926)
(8.834457604e-07 3.953073804e-19 -0.002080825545)
(8.735759302e-07 3.953630724e-19 -0.002080842113)
(8.631389566e-07 3.953302652e-19 -0.002080865929)
(8.515533638e-07 3.951484e-19 -0.002080896264)
(8.381408836e-07 4.063167845e-19 -0.00208093236)
(8.223837853e-07 4.076507921e-19 -0.002080973466)
(8.040744843e-07 4.096742687e-19 -0.002081018881)
(7.832875251e-07 4.115215749e-19 -0.002081067952)
(7.602238175e-07 4.081531658e-19 -0.002081120063)
(7.35074935e-07 4.037034017e-19 -0.002081174607)
(7.079842154e-07 4.020531397e-19 -0.00208123098)
(6.7905374e-07 3.993355713e-19 -0.002081288578)
(6.483520182e-07 3.995849586e-19 -0.002081346799)
(6.1591685e-07 3.988547884e-19 -0.002081405047)
(5.817745524e-07 4.009013908e-19 -0.002081462737)
(5.459722291e-07 3.984978945e-19 -0.0020815193)
(5.085954123e-07 3.992776377e-19 -0.002081574192)
(4.69760904e-07 3.99236464e-19 -0.002081626889)
(4.2959356e-07 4.012374346e-19 -0.002081676894)
(3.882099907e-07 4.024152998e-19 -0.002081723733)
(3.45718031e-07 4.058587249e-19 -0.00208176695)
(3.022162123e-07 4.086238257e-19 -0.002081806115)
(2.577928383e-07 4.107905673e-19 -0.002081840814)
(2.125227302e-07 4.124220623e-19 -0.002081870653)
(1.664589963e-07 4.13551411e-19 -0.002081895253)
(1.196673397e-07 4.142317133e-19 -0.002081914245)
(7.242533713e-08 4.148739071e-19 -0.00208192727)
(2.535726904e-08 4.151836652e-19 -0.002081933976)
(6.181627611e-08 9.989753867e-20 -0.002083454611)
(1.612583682e-07 2.211169025e-19 -0.002083452782)
(2.539562458e-07 3.357518006e-19 -0.002083448049)
(3.470606206e-07 3.49373917e-19 -0.002083440414)
(4.363073356e-07 3.891691259e-19 -0.002083429635)
(5.199512377e-07 3.767833884e-19 -0.002083415452)
(5.969599942e-07 3.81372118e-19 -0.002083397609)
(6.665000578e-07 3.930195395e-19 -0.002083375963)
(7.279570867e-07 4.382255586e-19 -0.002083350516)
(7.809489474e-07 4.476840352e-19 -0.002083321291)
(8.255141301e-07 4.327848046e-19 -0.002083288423)
(8.616635823e-07 4.291197979e-19 -0.002083252137)
(8.896497943e-07 4.342315968e-19 -0.002083213204)
(9.106664976e-07 4.473041256e-19 -0.002083173505)
(9.25803254e-07 4.65749004e-19 -0.00208313556)
(9.351176843e-07 4.885816668e-19 -0.002083101792)
(9.389069392e-07 5.166932008e-19 -0.002083074848)
(9.386745908e-07 5.509255278e-19 -0.002083057223)
(9.358949325e-07 5.69640249e-19 -0.00208304977)
(9.314387908e-07 5.738867108e-19 -0.002083051992)
(9.259084901e-07 5.6418051e-19 -0.002083063126)
(9.196193715e-07 5.584308993e-19 -0.002083082482)
(9.125002494e-07 5.560763118e-19 -0.002083109391)
(9.041187606e-07 5.573809477e-19 -0.002083143159)
(8.938585281e-07 5.613444022e-19 -0.002083183052)
(8.811751712e-07 5.553990605e-19 -0.002083228333)
(8.657867005e-07 5.502940087e-19 -0.002083278297)
(8.477136947e-07 5.459830738e-19 -0.002083332293)
(8.271560858e-07 5.545227982e-19 -0.002083389712)
(8.043367822e-07 5.588916493e-19 -0.002083449965)
(7.794351211e-07 5.648182992e-19 -0.002083512466)
(7.525840291e-07 5.670909931e-19 -0.002083576623)
(7.238793469e-07 5.605695771e-19 -0.002083641846)
(6.933801484e-07 5.513084898e-19 -0.002083707547)
(6.6111838e-07 5.433164607e-19 -0.002083773143)
(6.271292242e-07 5.365200424e-19 -0.002083838064)
(5.91479659e-07 5.304701483e-19 -0.002083901757)
(5.54274971e-07 5.256399199e-19 -0.002083963693)
(5.156399219e-07 5.292805154e-19 -0.002084023365)
(4.756963948e-07 5.33830165e-19 -0.002084080288)
(4.345554766e-07 5.351311568e-19 -0.002084134001)
(3.923192985e-07 5.336492023e-19 -0.002084184062)
(3.490818567e-07 5.332787196e-19 -0.00208423005)
(3.049278548e-07 5.285775582e-19 -0.002084271561)
(2.599342373e-07 5.250538153e-19 -0.00208430821)
(2.141693394e-07 5.223864136e-19 -0.002084339626)
(1.676774835e-07 5.203946548e-19 -0.002084365452)
(1.205054087e-07 5.162958745e-19 -0.002084385337)
(7.29107447e-08 5.154405247e-19 -0.002084398934)
(2.550351227e-08 5.150275675e-19 -0.002084405901)
(6.302613163e-08 1.143846784e-20 -0.00208552234)
(1.641540508e-07 -3.086256406e-20 -0.002085518369)
(2.573874349e-07 -9.600675906e-20 -0.002085509742)
(3.496897736e-07 -4.130057591e-20 -0.002085496825)
(4.368360458e-07 -2.502356199e-20 -0.002085479776)
(5.17250892e-07 3.634987871e-20 -0.002085458765)
(5.9002281e-07 7.13996756e-20 -0.002085433987)
(6.549438005e-07 8.840635301e-20 -0.002085405598)
(7.117073901e-07 1.382145246e-19 -0.002085373881)
(7.602377209e-07 1.722079869e-19 -0.002085339417)
(8.008425416e-07 2.334543205e-19 -0.002085303492)
(8.340651786e-07 2.839138832e-19 -0.002085268052)
(8.606002327e-07 3.271849938e-19 -0.002085235281)
(8.80578949e-07 3.944500545e-19 -0.002085207278)
(8.944089009e-07 4.309412887e-19 -0.002085186448)
(9.034233416e-07 4.385583336e-19 -0.002085174904)
(9.089421844e-07 4.439020734e-19 -0.002085173274)
(9.118826917e-07 4.659600522e-19 -0.002085181088)
(9.129752232e-07 4.853670537e-19 -0.002085197651)
(9.127000746e-07 5.029067509e-19 -0.002085222328)
(9.111499349e-07 5.206309911e-19 -0.002085254512)
(9.080475648e-07 5.113602288e-19 -0.002085293561)
(9.029046202e-07 5.031477048e-19 -0.002085338793)
(8.95227508e-07 5.114248005e-19 -0.002085389504)
(8.847037791e-07 5.196039146e-19 -0.002085445014)
(8.712871586e-07 5.279260945e-19 -0.002085504693)
(8.551447923e-07 5.215681937e-19 -0.00208556796)
(8.365211733e-07 5.270590539e-19 -0.002085634261)
(8.156357064e-07 5.318893141e-19 -0.002085703047)
(7.926572741e-07 5.314755713e-19 -0.002085773763)
(7.67711363e-07 5.315916713e-19 -0.00208584585)
(7.408858963e-07 5.365170015e-19 -0.002085918745)
(7.122325835e-07 5.363181467e-19 -0.002085991889)
(6.817849926e-07 5.408795687e-19 -0.002086064726)
(6.495921428e-07 5.410608786e-19 -0.002086136715)
(6.157394755e-07 5.416757518e-19 -0.002086207333)
(5.803444344e-07 5.423836546e-19 -0.002086276078)
(5.43531202e-07 5.478512682e-19 -0.00208634247)
(5.054127829e-07 5.499281617e-19 -0.002086406051)
(4.660932201e-07 5.52717881e-19 -0.00208646638)
(4.256686987e-07 5.525298437e-19 -0.002086523038)
(3.842258286e-07 5.501126261e-19 -0.002086575622)
(3.418399591e-07 5.480443944e-19 -0.00208662375)
(2.985807941e-07 5.433109568e-19 -0.002086667051)
(2.545175564e-07 5.389396073e-19 -0.00208670517)
(2.097078065e-07 5.349561396e-19 -0.002086737763)
(1.641834584e-07 5.312791385e-19 -0.002086764491)
(1.179915056e-07 5.282511696e-19 -0.002086785021)
(7.138920707e-08 5.254257086e-19 -0.002086799021)
(2.49736228e-08 5.227421054e-19 -0.00208680616)
(5.88259692e-08 6.596552361e-20 -0.002087404826)
(1.531982307e-07 1.241000167e-19 -0.002087400158)
(2.40073098e-07 1.699619678e-19 -0.00208739042)
(3.257637206e-07 2.136010825e-19 -0.0020873761)
(4.061927234e-07 2.592760166e-19 -0.002087357564)
(4.801656492e-07 2.137116406e-19 -0.002087335249)
(5.469457102e-07 1.821523235e-19 -0.00208730991)
(6.062228865e-07 1.595661838e-19 -0.002087282728)
(6.580491532e-07 1.88649069e-19 -0.002087255247)
(7.025576277e-07 2.146082875e-19 -0.002087229264)
(7.397459314e-07 2.351111179e-19 -0.002087206525)
(7.698573475e-07 2.832275424e-19 -0.00208718904)
(7.936689644e-07 3.271288954e-19 -0.002087178984)
(8.121540382e-07 3.684013848e-19 -0.002087177824)
(8.264167169e-07 4.072415669e-19 -0.002087185807)
(8.374463517e-07 4.44453429e-19 -0.002087202488)
(8.460286735e-07 4.599178901e-19 -0.002087227294)
(8.527239555e-07 4.75368147e-19 -0.002087259693)
(8.577397684e-07 4.92017978e-19 -0.002087299167)
(8.609499277e-07 4.926543679e-19 -0.002087345163)
(8.620110053e-07 4.780700039e-19 -0.002087397074)
(8.60497996e-07 4.652543977e-19 -0.002087454259)
(8.560747351e-07 4.530577513e-19 -0.002087516092)
(8.486273968e-07 4.411490281e-19 -0.002087581988)
(8.382811124e-07 4.28989723e-19 -0.002087651411)
(8.252836482e-07 4.313381215e-19 -0.002087723859)
(8.098812739e-07 4.334922552e-19 -0.00208779884)
(7.922711495e-07 4.359242431e-19 -0.002087875854)
(7.725997991e-07 4.385073201e-19 -0.002087954394)
(7.509757544e-07 4.473171618e-19 -0.002088033942)
(7.274684312e-07 4.565700536e-19 -0.002088113981)
(7.021158702e-07 4.606853621e-19 -0.002088193989)
(6.749536587e-07 4.646704683e-19 -0.002088273452)
(6.460444655e-07 4.685831321e-19 -0.002088351867)
(6.154876003e-07 4.724015306e-19 -0.002088428752)
(5.834033235e-07 4.762690798e-19 -0.002088503643)
(5.499102852e-07 4.799593087e-19 -0.002088576096)
(5.151152877e-07 4.801616142e-19 -0.002088645684)
(4.791156845e-07 4.736169368e-19 -0.002088711997)
(4.420002277e-07 4.672470724e-19 -0.002088774646)
(4.038472088e-07 4.606077775e-19 -0.002088833257)
(3.647211928e-07 4.614526388e-19 -0.002088887469)
(3.246778718e-07 4.61040526e-19 -0.00208893694)
(2.837712438e-07 4.660731901e-19 -0.002088981335)
(2.420499249e-07 4.702381722e-19 -0.002089020329)
(1.995528537e-07 4.738543577e-19 -0.002089053603)
(1.563078133e-07 4.741468984e-19 -0.00208908084)
(1.123728082e-07 4.772015993e-19 -0.002089101725)
(6.801402614e-08 4.773343076e-19 -0.002089115937)
(2.382020296e-08 4.80076555e-19 -0.002089123156)
(5.198796617e-08 8.826040832e-20 -0.002089159776)
(1.353545325e-07 1.880456156e-19 -0.002089155544)
(2.119920349e-07 2.794492083e-19 -0.002089147277)
(2.875136029e-07 2.517804305e-19 -0.002089135816)
(3.581543809e-07 2.505275435e-19 -0.00208912219)
(4.227221847e-07 2.645118352e-19 -0.002089107636)
(4.80740732e-07 2.865022318e-19 -0.002089093503)
(5.318238829e-07 3.139033637e-19 -0.002089081331)
(5.759559171e-07 3.454985923e-19 -0.002089072839)
(6.134291239e-07 3.808745698e-19 -0.002089069886)
(6.448657451e-07 3.751669011e-19 -0.00208907402)
(6.711097169e-07 3.743655177e-19 -0.002089085983)
(6.930113889e-07 3.781822309e-19 -0.002089105737)
(7.114823352e-07 3.862285773e-19 -0.002089132951)
(7.272858005e-07 3.986895812e-19 -0.002089167262)
(7.409666153e-07 4.152008842e-19 -0.0020892083)
(7.527759286e-07 4.144647124e-19 -0.002089255681)
(7.626801499e-07 3.919555371e-19 -0.002089308969)
(7.704481588e-07 3.711426311e-19 -0.002089367659)
(7.757143502e-07 3.509271562e-19 -0.002089431207)
(7.781188004e-07 3.288197094e-19 -0.002089499065)
(7.774976532e-07 3.388087743e-19 -0.002089570709)
(7.739378757e-07 3.457862028e-19 -0.002089645665)
(7.676626236e-07 3.517516993e-19 -0.002089723494)
(7.589128924e-07 3.577923336e-19 -0.002089803774)
(7.478927721e-07 3.508784898e-19 -0.002089886073)
(7.347612976e-07 3.436643064e-19 -0.002089969943)
(7.196385088e-07 3.471709733e-19 -0.00209005493)
(7.026087061e-07 3.500692935e-19 -0.002090140564)
(6.837185613e-07 3.532267027e-19 -0.002090226374)
(6.629909665e-07 3.618815034e-19 -0.002090311885)
(6.404562299e-07 3.644451726e-19 -0.002090396628)
(6.161806282e-07 3.754751546e-19 -0.00209048015)
(5.902688161e-07 3.810313172e-19 -0.002090562014)
(5.628372859e-07 3.862973838e-19 -0.0020906418)
(5.339931298e-07 3.914473707e-19 -0.002090719104)
(5.038314199e-07 3.9195229e-19 -0.002090793538)
(4.724401219e-07 3.927726564e-19 -0.002090864728)
(4.399001538e-07 3.935706366e-19 -0.002090932317)
(4.062793863e-07 3.941009715e-19 -0.002090995962)
(3.716352747e-07 3.943199278e-19 -0.002091055332)
(3.360220866e-07 3.939697565e-19 -0.002091110109)
(2.994888148e-07 3.89765556e-19 -0.002091159985)
(2.620710999e-07 3.931808202e-19 -0.002091204657)
(2.237984909e-07 3.965015267e-19 -0.00209124383)
(1.847061801e-07 3.995370078e-19 -0.002091277209)
(1.448262349e-07 4.027361119e-19 -0.0020913045)
(1.04214926e-07 4.057430106e-19 -0.002091325402)
(6.313174901e-08 4.088850345e-19 -0.002091339609)
(2.216126964e-08 4.115080498e-19 -0.002091346807)
(4.233840036e-08 -9.128883303e-20 -0.00209086014)
(1.102278532e-07 -7.541093892e-20 -0.002090858973)
(1.724074147e-07 -9.577715958e-20 -0.002090857744)
(2.33429282e-07 -2.481488473e-20 -0.002090857018)
(2.90267534e-07 1.161525814e-20 -0.002090857757)
(3.418679599e-07 1.333828529e-19 -0.002090861239)
(3.880015054e-07 2.346295132e-19 -0.002090868791)
(4.288462894e-07 3.24183465e-19 -0.002090881529)
(4.647031242e-07 3.616511128e-19 -0.002090900167)
(4.961289535e-07 3.58270024e-19 -0.002090924967)
(5.238091004e-07 3.567924489e-19 -0.002090955956)
(5.48416543e-07 3.137705877e-19 -0.002090993027)
(5.705590526e-07 2.722334608e-19 -0.002091036045)
(5.906600361e-07 2.295888475e-19 -0.002091084825)
(6.089257157e-07 2.102757758e-19 -0.002091139126)
(6.253407307e-07 1.857950639e-19 -0.002091198636)
(6.397397688e-07 1.83916944e-19 -0.002091262959)
(6.517914429e-07 1.755796713e-19 -0.002091331653)
(6.611500118e-07 1.610565232e-19 -0.002091404252)
(6.676406671e-07 1.629359991e-19 -0.002091480303)
(6.712817029e-07 1.803616588e-19 -0.002091559392)
(6.722336981e-07 1.934489926e-19 -0.002091641147)
(6.707121165e-07 2.023742827e-19 -0.002091725215)
(6.669048087e-07 2.071018535e-19 -0.002091811233)
(6.60960233e-07 2.07536964e-19 -0.002091898822)
(6.530089588e-07 2.181871769e-19 -0.002091987585)
(6.431482903e-07 2.251354535e-19 -0.002092077113)
(6.3142906e-07 2.283276403e-19 -0.002092166983)
(6.178702161e-07 2.347157958e-19 -0.002092256767)
(6.02486572e-07 2.38947343e-19 -0.002092346034)
(5.85317184e-07 2.40690083e-19 -0.002092434363)
(5.66437874e-07 2.453378451e-19 -0.002092521347)
(5.45949568e-07 2.563524893e-19 -0.002092606594)
(5.239562216e-07 2.642539698e-19 -0.002092689731)
(5.005505786e-07 2.698825082e-19 -0.002092770396)
(4.758120309e-07 2.736627602e-19 -0.002092848239)
(4.498110915e-07 2.75605854e-19 -0.002092922925)
(4.226127429e-07 2.844333913e-19 -0.002092994135)
(3.942724967e-07 2.996928822e-19 -0.002093061558)
(3.648383219e-07 3.098053838e-19 -0.002093124895)
(3.343545311e-07 3.234045268e-19 -0.002093183857)
(3.028621232e-07 3.258497782e-19 -0.002093238163)
(2.703981747e-07 3.283850971e-19 -0.002093287536)
(2.369984218e-07 3.270067404e-19 -0.002093331703)
(2.027003243e-07 3.255087319e-19 -0.002093370393)
(1.675397629e-07 3.237981469e-19 -0.002093403333)
(1.315492939e-07 3.251352762e-19 -0.002093430248)
(9.478882582e-08 3.231193947e-19 -0.002093450853)
(5.750446016e-08 3.267885781e-19 -0.002093464853)
(2.025669824e-08 3.270874523e-19 -0.002093471938)
(3.085287678e-08 6.255160451e-20 -0.002092609996)
(8.038901351e-08 1.079628835e-19 -0.002092613042)
(1.25881413e-07 1.365212137e-19 -0.002092620827)
(1.706738343e-07 1.591384542e-19 -0.002092633103)
(2.12720218e-07 1.807939987e-19 -0.002092650012)
(2.515795357e-07 2.014222835e-19 -0.002092671832)
(2.873079638e-07 2.21137387e-19 -0.002092698805)
(3.200915958e-07 2.39450201e-19 -0.002092731061)
(3.502908433e-07 2.579801512e-19 -0.002092768646)
(3.782966172e-07 2.782338511e-19 -0.002092811571)
(4.044179214e-07 2.598636619e-19 -0.002092859766)
(4.289016204e-07 2.430974013e-19 -0.00209291312)
(4.5185863e-07 2.268491187e-19 -0.002092971445)
(4.732416047e-07 2.105748472e-19 -0.002093034484)
(4.928894715e-07 1.923541328e-19 -0.002093101906)
(5.104986655e-07 1.729876568e-19 -0.00209317333)
(5.257396596e-07 1.809153276e-19 -0.002093248351)
(5.384260746e-07 1.875543624e-19 -0.002093326565)
(5.485066267e-07 1.936535266e-19 -0.002093407609)
(5.560448327e-07 1.999086382e-19 -0.002093491162)
(5.612089828e-07 2.066456642e-19 -0.00209357692)
(5.641956528e-07 2.136693217e-19 -0.002093664578)
(5.651490918e-07 2.209008156e-19 -0.002093753811)
(5.641742698e-07 2.11993685e-19 -0.002093844275)
(5.613505866e-07 2.020111418e-19 -0.002093935613)
(5.567281745e-07 2.208609894e-19 -0.002094027455)
(5.503173979e-07 2.391120354e-19 -0.002094119417)
(5.421044741e-07 2.440048182e-19 -0.00209421111)
(5.320917433e-07 2.486787971e-19 -0.002094302148)
(5.203195616e-07 2.538147721e-19 -0.002094392154)
(5.068669325e-07 2.592345074e-19 -0.002094480766)
(4.9183254e-07 2.656349217e-19 -0.002094567637)
(4.753090043e-07 2.62026675e-19 -0.002094652432)
(4.573736397e-07 2.598054594e-19 -0.002094734826)
(4.380961389e-07 2.579015913e-19 -0.002094814508)
(4.17540795e-07 2.559839981e-19 -0.00209489118)
(3.957623889e-07 2.540437518e-19 -0.002094964554)
(3.728021474e-07 2.566190927e-19 -0.002095034354)
(3.486933745e-07 2.591253839e-19 -0.002095100315)
(3.234687843e-07 2.614089852e-19 -0.002095162178)
(2.971563056e-07 2.628859621e-19 -0.00209521969)
(2.697786918e-07 2.685313493e-19 -0.002095272602)
(2.413632501e-07 2.738035601e-19 -0.002095320666)
(2.119531681e-07 2.745832678e-19 -0.002095363635)
(1.816033558e-07 2.750459468e-19 -0.002095401259)
(1.503596527e-07 2.753530291e-19 -0.002095433284)
(1.182545938e-07 2.755322907e-19 -0.00209545945)
(8.534699703e-08 2.760615651e-19 -0.002095479485)
(5.186981116e-08 2.759505437e-19 -0.002095493102)
(1.835325687e-08 2.756528232e-19 -0.002095499999)
(2.133907418e-08 2.670075023e-19 -0.002094449608)
(5.569963002e-08 3.451879653e-19 -0.002094455133)
(8.764814523e-08 4.357512367e-19 -0.002094467787)
(1.197438433e-07 3.897544587e-19 -0.002094486789)
(1.507914681e-07 4.012491525e-19 -0.002094511827)
(1.805504033e-07 2.949843693e-19 -0.002094542732)
(2.090430812e-07 2.240067369e-19 -0.002094579339)
(2.36385667e-07 1.666929044e-19 -0.002094621486)
(2.6271282e-07 1.241048257e-19 -0.002094669008)
(2.880760836e-07 1.331336859e-19 -0.002094721698)
(3.124807825e-07 1.356978046e-19 -0.002094779313)
(3.358310085e-07 1.695722754e-19 -0.002094841564)
(3.57930728e-07 1.99242993e-19 -0.002094908108)
(3.785041099e-07 2.278486534e-19 -0.002094978572)
(3.972386971e-07 2.234619806e-19 -0.002095052568)
(4.139254273e-07 2.21938834e-19 -0.002095129708)
(4.284318982e-07 2.224988955e-19 -0.002095209655)
(4.407581994e-07 2.2381199e-19 -0.002095292106)
(4.510339587e-07 2.255515439e-19 -0.002095376782)
(4.593957338e-07 2.28038472e-19 -0.002095463407)
(4.659429973e-07 2.315454181e-19 -0.002095551699)
(4.707311438e-07 2.363545903e-19 -0.002095641356)
(4.737984994e-07 2.428471688e-19 -0.002095732058)
(4.751924826e-07 2.523174028e-19 -0.00209582347)
(4.749342566e-07 2.648181984e-19 -0.002095915245)
(4.730041019e-07 2.638008126e-19 -0.002096007026)
(4.693760637e-07 2.657574027e-19 -0.002096098452)
(4.640485914e-07 2.70120363e-19 -0.002096189173)
(4.570569485e-07 2.695813676e-19 -0.002096278854)
(4.48460965e-07 2.652077732e-19 -0.002096367171)
(4.383293646e-07 2.625647734e-19 -0.002096453819)
(4.26730504e-07 2.617056299e-19 -0.002096538498)
(4.137268672e-07 2.515584968e-19 -0.002096620921)
(3.993747736e-07 2.489676017e-19 -0.002096700809)
(3.837243846e-07 2.468754649e-19 -0.002096777897)
(3.668208439e-07 2.446318562e-19 -0.002096851929)
(3.487033559e-07 2.418948363e-19 -0.002096922658)
(3.294057989e-07 2.381353606e-19 -0.002096989845)
(3.089552915e-07 2.335440438e-19 -0.002097053261)
(2.873627077e-07 2.32475659e-19 -0.002097112678)
(2.646368003e-07 2.25988375e-19 -0.002097167876)
(2.408018278e-07 2.264472663e-19 -0.00209721863)
(2.15893281e-07 2.256548357e-19 -0.002097264719)
(1.899557926e-07 2.27628835e-19 -0.002097305917)
(1.63045987e-07 2.286951624e-19 -0.002097341994)
(1.352225964e-07 2.289600401e-19 -0.002097372711)
(1.065237702e-07 2.284886338e-19 -0.002097397819)
(7.700179543e-08 2.30755775e-19 -0.002097417058)
(4.687718924e-08 2.291076835e-19 -0.002097430146)
(1.666362853e-08 2.267835974e-19 -0.002097436786)
(1.565158481e-08 1.283450561e-19 -0.002096342072)
(4.094462701e-08 1.635106706e-20 -0.002096348649)
(6.481763839e-08 9.125295812e-20 -0.00209636321)
(8.930285198e-08 1.376010607e-19 -0.002096384865)
(1.136193991e-07 1.764727459e-19 -0.002096413162)
(1.376157115e-07 2.218570695e-19 -0.00209644775)
(1.612910472e-07 2.025403554e-19 -0.002096488298)
(1.846737898e-07 1.989461671e-19 -0.002096534484)
(2.077080075e-07 2.110964776e-19 -0.002096585972)
(2.302573046e-07 1.86269665e-19 -0.002096642392)
(2.521326699e-07 1.77693135e-19 -0.002096703367)
(2.730730815e-07 1.722792315e-19 -0.00209676849)
(2.927989861e-07 1.691131863e-19 -0.002096837364)
(3.110888983e-07 1.657097997e-19 -0.002096909601)
(3.277643841e-07 1.583942534e-19 -0.002096984858)
(3.42770528e-07 1.98078802e-19 -0.002097062827)
(3.561818094e-07 2.335340848e-19 -0.002097143228)
(3.680491385e-07 2.414042495e-19 -0.002097225796)
(3.783907272e-07 2.280352456e-19 -0.002097310264)
(3.872474244e-07 2.16829175e-19 -0.002097396346)
(3.946685264e-07 2.064856452e-19 -0.002097483739)
(4.006669079e-07 1.958725899e-19 -0.002097572127)
(4.052262427e-07 1.830509027e-19 -0.002097661191)
(4.082912871e-07 2.009971965e-19 -0.002097750602)
(4.097933417e-07 2.169847203e-19 -0.002097840024)
(4.096894712e-07 2.080832474e-19 -0.002097929123)
(4.079804499e-07 1.994558375e-19 -0.002098017576)
(4.047087758e-07 1.90773678e-19 -0.002098105076)
(3.999318261e-07 1.883873246e-19 -0.002098191329)
(3.937058246e-07 1.925094902e-19 -0.002098276055)
(3.860789758e-07 2.023379695e-19 -0.002098358985)
(3.77090043e-07 2.11837981e-19 -0.002098439863)
(3.667730048e-07 2.212046547e-19 -0.002098518441)
(3.551608732e-07 2.308648257e-19 -0.002098594484)
(3.422815717e-07 2.411027893e-19 -0.002098667762)
(3.281582756e-07 2.521909566e-19 -0.002098738056)
(3.128130861e-07 2.593769133e-19 -0.002098805154)
(2.962680439e-07 2.520277562e-19 -0.002098868848)
(2.785420611e-07 2.453978759e-19 -0.002098928936)
(2.596490811e-07 2.39396721e-19 -0.002098985214)
(2.396028151e-07 2.380227953e-19 -0.002099037486)
(2.184288423e-07 2.369708967e-19 -0.002099085552)
(1.96169388e-07 2.361192995e-19 -0.002099129208)
(1.728756528e-07 2.353961767e-19 -0.002099168247)
(1.486048049e-07 2.347222042e-19 -0.002099202452)
(1.23416567e-07 2.340308582e-19 -0.002099231597)
(9.735170249e-08 2.333022839e-19 -0.002099255442)
(7.046173756e-08 2.326500994e-19 -0.002099273732)
(4.295883592e-08 2.357219849e-19 -0.002099286195)
(1.533707559e-08 2.389718954e-19 -0.002099292538)
(1.289643858e-08 1.497969115e-20 -0.002098251331)
(3.378886037e-08 -1.071439401e-20 -0.002098258206)
(5.370539916e-08 -6.653809208e-20 -0.002098273169)
(7.438733315e-08 -1.378982394e-19 -0.002098295329)
(9.521269963e-08 -2.346823525e-19 -0.002098324181)
(1.160368672e-07 -1.589714674e-19 -0.002098359291)
(1.368314561e-07 -1.231227536e-19 -0.002098400241)
(1.575337672e-07 -1.087957556e-19 -0.002098446621)
(1.779666046e-07 -4.076318727e-20 -0.002098498)
(1.979367073e-07 1.850948739e-20 -0.002098553957)
(2.172053925e-07 7.589034794e-20 -0.002098614076)
(2.355590416e-07 8.479779903e-20 -0.002098677965)
(2.528450663e-07 9.39145827e-20 -0.002098745265)
(2.689766061e-07 1.021156339e-19 -0.002098815658)
(2.839683414e-07 1.096845802e-19 -0.002098888847)
(2.977947289e-07 1.149637975e-19 -0.002098964563)
(3.104443546e-07 1.198846123e-19 -0.002099042533)
(3.219517297e-07 1.24878813e-19 -0.002099122467)
(3.323178724e-07 1.286436363e-19 -0.002099204072)
(3.41492718e-07 1.490409429e-19 -0.002099287052)
(3.494182647e-07 1.472057801e-19 -0.002099371097)
(3.560609875e-07 1.459178859e-19 -0.002099455887)
(3.613702735e-07 1.455998497e-19 -0.002099541097)
(3.652745979e-07 1.460349514e-19 -0.0020996264)
(3.677154954e-07 1.47085573e-19 -0.002099711487)
(3.686659439e-07 1.489353216e-19 -0.002099796063)
(3.681410904e-07 1.508652764e-19 -0.002099879848)
(3.661805208e-07 1.527992294e-19 -0.002099962576)
(3.628236285e-07 1.541144949e-19 -0.002100043989)
(3.58109933e-07 1.625247078e-19 -0.00210012384)
(3.520779821e-07 1.703204082e-19 -0.002100201894)
(3.447581581e-07 1.78023567e-19 -0.002100277925)
(3.361694362e-07 1.856547379e-19 -0.00210035172)
(3.26318231e-07 1.932251105e-19 -0.002100423074)
(3.152126969e-07 2.007413926e-19 -0.002100491791)
(3.028672596e-07 2.0820335e-19 -0.00210055768)
(2.892911425e-07 2.161515526e-19 -0.002100620556)
(2.744883678e-07 2.194979173e-19 -0.002100680236)
(2.584705813e-07 2.228168724e-19 -0.002100736539)
(2.412686234e-07 2.262147265e-19 -0.002100789285)
(2.229142753e-07 2.292419057e-19 -0.002100838294)
(2.034388153e-07 2.282950814e-19 -0.002100883383)
(1.828896743e-07 2.27540179e-19 -0.002100924363)
(1.613230103e-07 2.269492005e-19 -0.002100961038)
(1.387970451e-07 2.265014105e-19 -0.002100993203)
(1.153667857e-07 2.261892002e-19 -0.002101020639)
(9.107483722e-08 2.259971078e-19 -0.002101043114)
(6.597659504e-08 2.258874442e-19 -0.002101060378)
(4.026942963e-08 2.254806705e-19 -0.002101072164)
(1.442606628e-08 2.250582192e-19 -0.002101078182)
(1.204245861e-08 -6.236600082e-20 -0.002100148165)
(3.155612197e-08 1.151308449e-19 -0.002100154895)
(5.017893872e-08 1.037349975e-20 -0.002100169398)
(6.952384708e-08 -7.507372703e-20 -0.002100190813)
(8.896483857e-08 -1.514539333e-19 -0.002100218618)
(1.083382684e-07 -2.216700887e-19 -0.00210025235)
(1.275978824e-07 -2.058409793e-19 -0.002100291574)
(1.466080809e-07 -2.051374583e-19 -0.002100335855)
(1.652047084e-07 -2.161001775e-19 -0.002100384768)
(1.832520765e-07 -1.795914962e-19 -0.002100437926)
(2.006252844e-07 -1.031459809e-19 -0.002100494955)
(2.172366672e-07 -3.92074968e-20 -0.002100555534)
(2.33057392e-07 1.774182768e-20 -0.00210061935)
(2.480348531e-07 3.719080015e-20 -0.002100686121)
(2.621381288e-07 6.08677996e-20 -0.002100755561)
(2.7538529e-07 2.892303921e-20 -0.002100827375)
(2.877111637e-07 4.374171386e-21 -0.002100901276)
(2.990484914e-07 1.497579036e-20 -0.002100976969)
(3.093826393e-07 2.829008757e-20 -0.002101054146)
(3.186752602e-07 4.029952947e-20 -0.002101132493)
(3.268214804e-07 5.218934746e-20 -0.002101211702)
(3.337003576e-07 6.375336631e-20 -0.002101291464)
(3.392280536e-07 7.647124115e-20 -0.00210137147)
(3.433730609e-07 7.381370646e-20 -0.002101451423)
(3.461413988e-07 7.241967017e-20 -0.002101531044)
(3.475482267e-07 8.808293763e-20 -0.002101610074)
(3.476024763e-07 1.030709203e-19 -0.002101688268)
(3.463115071e-07 1.173836658e-19 -0.002101765393)
(3.436941136e-07 1.234577871e-19 -0.002101841222)
(3.397706511e-07 1.36057752e-19 -0.002101915542)
(3.3455903e-07 1.412843247e-19 -0.002101988147)
(3.280774076e-07 1.462044824e-19 -0.002102058839)
(3.203418588e-07 1.507859049e-19 -0.00210212743)
(3.113596814e-07 1.550012081e-19 -0.002102193742)
(3.011282674e-07 1.588625828e-19 -0.002102257603)
(2.896422518e-07 1.624089537e-19 -0.002102318844)
(2.769013711e-07 1.712096216e-19 -0.002102377301)
(2.629153748e-07 1.805433525e-19 -0.002102432809)
(2.477070715e-07 1.849385548e-19 -0.002102485206)
(2.31312269e-07 1.893061582e-19 -0.00210253433)
(2.137757179e-07 1.889762099e-19 -0.002102580012)
(1.951440456e-07 1.892948037e-19 -0.002102622081)
(1.754682999e-07 1.896546546e-19 -0.002102660359)
(1.548059602e-07 1.900182206e-19 -0.002102694657)
(1.332154958e-07 1.903818216e-19 -0.002102724776)
(1.10751635e-07 1.907420703e-19 -0.002102750502)
(8.745694615e-08 1.947459986e-19 -0.002102771608)
(6.33791179e-08 1.987255141e-19 -0.002102787848)
(3.870162898e-08 1.985825265e-19 -0.002102798957)
(1.389158619e-08 1.983837857e-19 -0.002102804648)
(1.221601965e-08 6.050703069e-20 -0.002102011509)
(3.198996803e-08 1.093359799e-19 -0.002102017822)
(5.076020664e-08 1.370203398e-19 -0.002102031357)
(7.008285669e-08 6.732530141e-21 -0.002102051316)
(8.930950759e-08 -9.81296136e-20 -0.002102077201)
(1.08304157e-07 -9.39959294e-20 -0.002102108588)
(1.269885153e-07 -9.258225815e-20 -0.002102145068)
(1.452453462e-07 -9.107819293e-20 -0.002102186243)
(1.630292794e-07 -8.736401194e-20 -0.002102231754)
(1.802644393e-07 -7.872506053e-20 -0.002102281265)
(1.969112248e-07 -6.476063217e-20 -0.002102334458)
(2.129382665e-07 -4.671638987e-20 -0.002102391033)
(2.28292217e-07 -2.578090863e-20 -0.002102450698)
(2.42958198e-07 -4.112952831e-20 -0.002102513151)
(2.56861165e-07 -5.356848979e-20 -0.00210257811)
(2.699617192e-07 -6.406942554e-20 -0.002102645275)
(2.822429839e-07 -4.27790191e-20 -0.00210271434)
(2.936088756e-07 -1.765976917e-20 -0.002102785014)
(3.039461043e-07 -1.145456337e-20 -0.002102856994)
(3.131827362e-07 -2.204499017e-20 -0.00210292997)
(3.212462574e-07 -5.12641027e-21 -0.002103003637)
(3.280391938e-07 1.206452931e-20 -0.002103077707)
(3.334935733e-07 2.847476939e-20 -0.002103151911)
(3.375972386e-07 4.365522237e-20 -0.002103225993)
(3.403684396e-07 5.778550846e-20 -0.002103299711)
(3.418343903e-07 7.092463218e-20 -0.002103372833)
(3.420104686e-07 8.296155444e-20 -0.002103445139)
(3.408932749e-07 9.367768948e-20 -0.002103516421)
(3.384801177e-07 1.028282374e-19 -0.002103586486)
(3.347775713e-07 1.103207295e-19 -0.002103655143)
(3.297899137e-07 1.164013274e-19 -0.002103722214)
(3.23519443e-07 1.21285675e-19 -0.002103787527)
(3.159745058e-07 1.251312177e-19 -0.002103850918)
(3.071681892e-07 1.280263331e-19 -0.002103912227)
(2.970945223e-07 1.300571479e-19 -0.0021039713)
(2.857395121e-07 1.313154226e-19 -0.002104027985)
(2.731110955e-07 1.318402708e-19 -0.002104082133)
(2.592335934e-07 1.323376564e-19 -0.002104133596)
(2.441417249e-07 1.325995235e-19 -0.002104182225)
(2.27880049e-07 1.319098436e-19 -0.002104227868)
(2.105022418e-07 1.30139681e-19 -0.002104270368)
(1.920636893e-07 1.364940263e-19 -0.00210430956)
(1.726197825e-07 1.419280437e-19 -0.00210434527)
(1.522305382e-07 1.465212383e-19 -0.002104377315)
(1.30957941e-07 1.503286294e-19 -0.002104405499)
(1.088514969e-07 1.534077654e-19 -0.002104429611)
(8.59421157e-08 1.554183824e-19 -0.002104449425)
(6.227258328e-08 1.567228343e-19 -0.002104464697)
(3.80250907e-08 1.573374001e-19 -0.002104475163)
(1.365906401e-08 1.57303478e-19 -0.002104480543)
(1.281928024e-08 1.07901654e-19 -0.002103827903)
(3.353084159e-08 2.429675279e-19 -0.002103833702)
(5.307292873e-08 1.349410768e-19 -0.002103846111)
(7.306770061e-08 7.501307889e-20 -0.002103864424)
(9.286066482e-08 3.250786576e-20 -0.002103888214)
(1.122856528e-07 -5.832416694e-21 -0.002103917104)
(1.31239941e-07 -3.891249568e-20 -0.002103950723)
(1.497125523e-07 -6.92271244e-20 -0.002103988735)
(1.67684799e-07 -9.86725861e-20 -0.002104030832)
(1.851081262e-07 -1.28649325e-19 -0.002104076695)
(2.019519411e-07 -1.60614184e-19 -0.002104126036)
(2.181843845e-07 -1.960535136e-19 -0.00210417855)
(2.337456415e-07 -2.386309277e-19 -0.002104233952)
(2.48605674e-07 -2.108654875e-19 -0.002104291946)
(2.627280303e-07 -1.953451511e-19 -0.00210435224)
(2.760089353e-07 -1.902160141e-19 -0.002104414548)
(2.883926141e-07 -1.674828708e-19 -0.002104478571)
(2.998069107e-07 -1.547992154e-19 -0.00210454401)
(3.101159071e-07 -1.201450999e-19 -0.002104610576)
(3.192039682e-07 -8.772053696e-20 -0.002104677987)
(3.270259421e-07 -5.924414038e-20 -0.002104745968)
(3.335712682e-07 -2.436740644e-20 -0.002104814262)
(3.388150293e-07 6.473627902e-21 -0.002104882636)
(3.427386975e-07 3.427771144e-20 -0.002104950868)
(3.453430093e-07 6.002652995e-20 -0.002105018746)
(3.466330639e-07 8.378405507e-20 -0.002105086067)
(3.466273115e-07 1.067099871e-19 -0.002105152634)
(3.453400736e-07 1.293123984e-19 -0.002105218264)
(3.427596759e-07 1.442630589e-19 -0.002105282784)
(3.388718481e-07 1.440772713e-19 -0.002105346029)
(3.336749223e-07 1.43792849e-19 -0.00210540784)
(3.271712765e-07 1.432176009e-19 -0.002105468068)
(3.193613147e-07 1.420992441e-19 -0.002105526566)
(3.102438224e-07 1.401930846e-19 -0.002105583192)
(2.998207072e-07 1.371888732e-19 -0.002105637802)
(2.880994423e-07 1.327437617e-19 -0.002105690261)
(2.751003066e-07 1.264281188e-19 -0.002105740432)
(2.608603821e-07 1.292809926e-19 -0.002105788178)
(2.454277456e-07 1.359617431e-19 -0.002105833359)
(2.288564287e-07 1.412831538e-19 -0.00210587583)
(2.112024551e-07 1.454101814e-19 -0.002105915439)
(1.925249414e-07 1.527106184e-19 -0.002105952024)
(1.728875487e-07 1.591158323e-19 -0.002105985415)
(1.52355799e-07 1.647236222e-19 -0.00210601543)
(1.309868199e-07 1.696002863e-19 -0.002106041874)
(1.0881435e-07 1.737664569e-19 -0.002106064535)
(8.586365337e-08 1.730600036e-19 -0.002106083186)
(6.218303034e-08 1.715878028e-19 -0.002106097586)
(3.795326101e-08 1.692830765e-19 -0.002106107472)
(1.362975633e-08 1.660909008e-19 -0.002106112567)
(1.359847699e-08 7.184627753e-20 -0.002105591135)
(3.555378104e-08 1.430265148e-19 -0.002105596465)
(5.624527059e-08 -1.664860981e-20 -0.002105607873)
(7.74084741e-08 5.041905462e-20 -0.002105624732)
(9.830373534e-08 1.072065998e-19 -0.002105646662)
(1.186976453e-07 4.806830181e-20 -0.002105673313)
(1.385492001e-07 2.455655471e-21 -0.002105704361)
(1.578863846e-07 -3.706466104e-20 -0.002105739513)
(1.766508892e-07 -7.467497766e-20 -0.002105778465)
(1.94818818e-07 -1.127977114e-19 -0.002105820928)
(2.123529049e-07 -1.529521462e-19 -0.002105866615)
(2.292113459e-07 -1.489444695e-19 -0.002105915241)
(2.453570177e-07 -1.516585292e-19 -0.00210596652)
(2.607110806e-07 -1.179204882e-19 -0.002106020179)
(2.752319537e-07 -9.810622576e-20 -0.002106075923)
(2.888207782e-07 -3.148444247e-20 -0.002106133475)
(3.013503716e-07 -1.318026481e-20 -0.002106192552)
(3.127518174e-07 -4.749243128e-21 -0.002106252872)
(3.229471553e-07 2.130473607e-20 -0.002106314166)
(3.318520556e-07 4.050532067e-20 -0.002106376191)
(3.394354482e-07 5.552038283e-20 -0.002106438713)
(3.457111817e-07 6.703410189e-20 -0.00210650151)
(3.506889841e-07 7.646462474e-20 -0.002106564373)
(3.543462779e-07 8.387990792e-20 -0.002106627106)
(3.566660401e-07 9.898314701e-20 -0.002106689521)
(3.576491767e-07 1.121280444e-19 -0.002106751439)
(3.573001732e-07 1.240202387e-19 -0.00210681269)
(3.556295121e-07 1.351479312e-19 -0.002106873111)
(3.526343328e-07 1.46346174e-19 -0.002106932546)
(3.482991691e-07 1.571990688e-19 -0.00210699085)
(3.426188356e-07 1.678907649e-19 -0.002107047882)
(3.355905341e-07 1.786037661e-19 -0.002107103508)
(3.272082141e-07 1.828074129e-19 -0.002107157595)
(3.174736571e-07 1.872395285e-19 -0.002107210012)
(3.064057478e-07 1.919709252e-19 -0.002107260631)
(2.940315986e-07 1.971043816e-19 -0.002107309326)
(2.803870457e-07 2.028092662e-19 -0.002107355969)
(2.6552284e-07 2.037730546e-19 -0.00210740043)
(2.494971819e-07 2.107020368e-19 -0.002107442575)
(2.323698063e-07 2.1831809e-19 -0.002107482261)
(2.141968147e-07 2.266464735e-19 -0.00210751934)
(1.950433347e-07 2.29932154e-19 -0.00210755365)
(1.749820424e-07 2.33873309e-19 -0.002107585022)
(1.540719379e-07 2.385274207e-19 -0.002107613274)
(1.323527251e-07 2.440472003e-19 -0.002107638207)
(1.09857403e-07 2.466859926e-19 -0.002107659609)
(8.661895345e-08 2.431631318e-19 -0.002107677252)
(6.268223328e-08 2.445580857e-19 -0.002107690895)
(3.822551737e-08 2.467640965e-19 -0.002107700277)
(1.371318993e-08 2.496803996e-19 -0.002107705121)
(1.452664866e-08 -1.25714449e-19 -0.002107300147)
(3.798229821e-08 -4.205859943e-19 -0.00210730509)
(6.00861113e-08 -2.162518313e-19 -0.002107315662)
(8.266636468e-08 -1.103237498e-19 -0.002107331285)
(1.048915097e-07 -5.086365601e-20 -0.002107351597)
(1.265479008e-07 -1.88705379e-20 -0.002107376278)
(1.476354721e-07 -1.339985089e-21 -0.002107405046)
(1.681264258e-07 8.741247934e-21 -0.00210743762)
(1.879715613e-07 1.591355923e-20 -0.002107473708)
(2.071463457e-07 2.409551405e-20 -0.002107513043)
(2.256023346e-07 3.45524058e-20 -0.002107555342)
(2.432819377e-07 9.301789542e-20 -0.002107600342)
(2.601341107e-07 1.525616554e-19 -0.002107647763)
(2.760691809e-07 1.724375858e-19 -0.002107697338)
(2.909984057e-07 1.971127467e-19 -0.002107748794)
(3.048364975e-07 2.242764919e-19 -0.002107801857)
(3.174681125e-07 2.211347674e-19 -0.002107856273)
(3.288273998e-07 2.210372763e-19 -0.002107911795)
(3.388951807e-07 2.212173058e-19 -0.002107968189)
(3.476408912e-07 2.149843344e-19 -0.002108025244)
(3.550341273e-07 2.062104397e-19 -0.002108082758)
(3.610698694e-07 1.955402162e-19 -0.002108140538)
(3.65759952e-07 1.951200657e-19 -0.002108198396)
(3.690994368e-07 1.93890482e-19 -0.002108256154)
(3.710677943e-07 1.908756366e-19 -0.002108313649)
(3.7165844e-07 1.762873422e-19 -0.002108370722)
(3.708678681e-07 1.592197081e-19 -0.002108427222)
(3.686953087e-07 1.551897365e-19 -0.002108483005)
(3.651455348e-07 1.568616971e-19 -0.002108537933)
(3.602138868e-07 1.64457359e-19 -0.002108591876)
(3.538867103e-07 1.774133808e-19 -0.002108644705)
(3.461571147e-07 1.885025653e-19 -0.002108696296)
(3.370312973e-07 1.98713099e-19 -0.00210874653)
(3.265289982e-07 2.075657688e-19 -0.002108795286)
(3.146794654e-07 2.152158519e-19 -0.002108842448)
(3.015246576e-07 2.217752553e-19 -0.002108887894)
(2.871196011e-07 2.27292473e-19 -0.002108931504)
(2.715256864e-07 2.322968485e-19 -0.002108973152)
(2.548061756e-07 2.411534063e-19 -0.002109012706)
(2.37018946e-07 2.494213677e-19 -0.002109050024)
(2.182287232e-07 2.573742171e-19 -0.002109084957)
(1.985111152e-07 2.599527922e-19 -0.002109117345)
(1.779296447e-07 2.624667694e-19 -0.002109147015)
(1.565300876e-07 2.650133709e-19 -0.002109173782)
(1.343437884e-07 2.632523336e-19 -0.002109197446)
(1.114107305e-07 2.623660274e-19 -0.00210921779)
(8.777150568e-08 2.624038693e-19 -0.002109234588)
(6.346820921e-08 2.616514675e-19 -0.002109247597)
(3.867088459e-08 2.609009607e-19 -0.002109256556)
(1.385387987e-08 2.601141291e-19 -0.002109261187)
(1.553491464e-08 -3.310482717e-20 -0.00210895592)
(4.061281394e-08 -1.601467689e-19 -0.002108960519)
(6.422969841e-08 -4.673542335e-20 -0.002108970345)
(8.831710257e-08 1.031994052e-20 -0.002108984858)
(1.119832493e-07 4.285211832e-20 -0.00210900372)
(1.350521609e-07 6.278067132e-20 -0.002109026643)
(1.575095835e-07 7.499736159e-20 -0.002109053361)
(1.79270779e-07 8.187156141e-20 -0.002109083595)
(2.002963372e-07 8.31419607e-20 -0.00210911708)
(2.205445919e-07 1.398447203e-19 -0.002109153555)
(2.399577258e-07 2.429105834e-19 -0.002109192753)
(2.584639981e-07 2.829246076e-19 -0.002109234414)
(2.759829666e-07 3.23228027e-19 -0.002109278275)
(2.924227443e-07 3.67324091e-19 -0.002109324077)
(3.07669015e-07 4.215775492e-19 -0.00210937157)
(3.216689257e-07 4.18770864e-19 -0.002109420509)
(3.343643686e-07 3.967393304e-19 -0.002109470671)
(3.457026319e-07 3.869252686e-19 -0.002109521847)
(3.556875468e-07 3.760410372e-19 -0.002109573836)
(3.643086563e-07 3.57265719e-19 -0.002109626448)
(3.7153016e-07 3.429823845e-19 -0.002109679502)
(3.773383305e-07 3.308346447e-19 -0.002109732826)
(3.817388078e-07 3.206411562e-19 -0.002109786256)
(3.847355201e-07 3.117222968e-19 -0.002109839634)
(3.863142772e-07 2.928739641e-19 -0.002109892811)
(3.864593291e-07 2.841449464e-19 -0.002109945646)
(3.851651064e-07 2.756438713e-19 -0.002109998006)
(3.824320326e-07 2.671715958e-19 -0.002110049762)
(3.782643696e-07 2.673828862e-19 -0.002110100791)
(3.72654127e-07 2.677908013e-19 -0.002110150973)
(3.655901134e-07 2.681263051e-19 -0.002110200188)
(3.57081477e-07 2.683996644e-19 -0.002110248325)
(3.471527445e-07 2.760457093e-19 -0.002110295271)
(3.35837512e-07 2.836444711e-19 -0.002110340918)
(3.231756953e-07 2.913160334e-19 -0.002110385153)
(3.092238668e-07 2.99152636e-19 -0.002110427862)
(2.940512138e-07 3.011334196e-19 -0.002110468925)
(2.77725554e-07 3.094701129e-19 -0.00211050822)
(2.603120284e-07 3.0605165e-19 -0.002110545614)
(2.418686888e-07 2.97267568e-19 -0.002110580966)
(2.224678279e-07 2.881921579e-19 -0.002110614124)
(2.021828016e-07 2.785752875e-19 -0.002110644926)
(1.810631864e-07 2.680885734e-19 -0.002110673195)
(1.591472552e-07 2.562662182e-19 -0.002110698742)
(1.364704982e-07 2.477877346e-19 -0.002110721363)
(1.130810882e-07 2.496798831e-19 -0.002110740841)
(8.901957143e-08 2.577966442e-19 -0.002110756948)
(6.431722971e-08 2.599045867e-19 -0.002110769437)
(3.914651055e-08 2.609635085e-19 -0.002110778047)
(1.400310982e-08 2.612891508e-19 -0.002110782504)
(1.655778786e-08 2.304326862e-19 -0.002110560125)
(4.327942107e-08 5.830434014e-19 -0.002110564412)
(6.841918496e-08 3.860989699e-19 -0.002110573564)
(9.402664417e-08 2.955892323e-19 -0.002110587077)
(1.191869327e-07 2.570533646e-19 -0.00211060464)
(1.437022876e-07 2.479099592e-19 -0.002110625989)
(1.674987887e-07 2.579998356e-19 -0.002110650854)
(1.905074632e-07 2.822730513e-19 -0.002110678968)
(2.126858746e-07 3.187826848e-19 -0.002110710084)
(2.339533857e-07 3.610349459e-19 -0.002110743946)
(2.542329192e-07 4.056020458e-19 -0.002110780301)
(2.734409738e-07 3.982313895e-19 -0.0021108189)
(2.914839238e-07 3.972559094e-19 -0.002110859499)
(3.082877167e-07 4.016997104e-19 -0.002110901859)
(3.237742096e-07 4.118156358e-19 -0.002110945761)
(3.379156109e-07 4.254543696e-19 -0.002110991)
(3.506847747e-07 4.106219272e-19 -0.002111037377)
(3.620402536e-07 4.017047037e-19 -0.002111084709)
(3.719727087e-07 3.999171679e-19 -0.002111132819)
(3.804745997e-07 4.05291218e-19 -0.002111181531)
(3.875246179e-07 4.166379123e-19 -0.002111230686)
(3.931075112e-07 4.210668797e-19 -0.00211128013)
(3.972195216e-07 4.199114499e-19 -0.002111329716)
(3.998627532e-07 4.046518669e-19 -0.002111379305)
(4.010272595e-07 3.949016205e-19 -0.00211142876)
(4.006985118e-07 3.884234431e-19 -0.002111477957)
(3.988752665e-07 3.859833748e-19 -0.002111526774)
(3.95557218e-07 3.785297761e-19 -0.002111575097)
(3.90736137e-07 3.737099591e-19 -0.002111622811)
(3.844074564e-07 3.716233269e-19 -0.002111669804)
(3.76584224e-07 3.634203636e-19 -0.002111715968)
(3.672939967e-07 3.571023154e-19 -0.0021117612)
(3.565748735e-07 3.525516558e-19 -0.002111805397)
(3.444710833e-07 3.495555754e-19 -0.002111848453)
(3.310359053e-07 3.481703017e-19 -0.002111890261)
(3.163392145e-07 3.483327141e-19 -0.002111930708)
(3.004561733e-07 3.501862061e-19 -0.002111969679)
(2.83457216e-07 3.464369471e-19 -0.002112007048)
(2.654081126e-07 3.378323934e-19 -0.002112042683)
(2.463722666e-07 3.309234754e-19 -0.002112076439)
(2.264173138e-07 3.193022608e-19 -0.002112108162)
(2.056050987e-07 3.132485233e-19 -0.002112137685)
(1.839835015e-07 3.075015273e-19 -0.002112164828)
(1.615815642e-07 3.019923593e-19 -0.002112189397)
(1.384440098e-07 3.01228734e-19 -0.002112211184)
(1.14633259e-07 3.001329042e-19 -0.002112229971)
(9.017677752e-08 2.992978319e-19 -0.002112245527)
(6.509534549e-08 2.985773947e-19 -0.002112257602)
(3.95795872e-08 2.979211404e-19 -0.002112265935)
(1.413902417e-08 2.973043615e-19 -0.002112270253)
(1.75564088e-08 5.549173289e-20 -0.002112114837)
(4.5877169e-08 9.212589653e-20 -0.002112118838)
(7.248589308e-08 1.14826664e-19 -0.002112127378)
(9.95791835e-08 1.326818737e-19 -0.002112139987)
(1.261918951e-07 1.529835943e-19 -0.002112156377)
(1.520758717e-07 1.80228337e-19 -0.002112176287)
(1.771157226e-07 2.110170832e-19 -0.002112199457)
(2.012521233e-07 2.433870936e-19 -0.002112225634)
(2.244325311e-07 3.514475494e-19 -0.002112254577)
(2.465544148e-07 3.883073368e-19 -0.00211228604)
(2.675330823e-07 3.676751792e-19 -0.002112319789)
(2.872861315e-07 3.513762245e-19 -0.002112355594)
(3.057325458e-07 3.345781196e-19 -0.00211239324)
(3.228321177e-07 3.087207784e-19 -0.002112432519)
(3.385443822e-07 2.794820833e-19 -0.002112473242)
(3.528389225e-07 2.472677069e-19 -0.002112515225)
(3.656939313e-07 2.494977638e-19 -0.002112558292)
(3.770742203e-07 2.462814255e-19 -0.002112602274)
(3.869576588e-07 2.543545008e-19 -0.002112647012)
(3.953443405e-07 2.89367421e-19 -0.00211269235)
(4.022257209e-07 3.207718284e-19 -0.002112738144)
(4.0758212e-07 3.497083021e-19 -0.002112784254)
(4.114041445e-07 3.654838197e-19 -0.002112830548)
(4.136871276e-07 3.818814205e-19 -0.002112876902)
(4.144256591e-07 3.993794512e-19 -0.002112923191)
(4.136150939e-07 3.971684297e-19 -0.002112969304)
(4.112528171e-07 3.966279169e-19 -0.002113015129)
(4.073310656e-07 3.965250487e-19 -0.002113060558)
(4.018436612e-07 3.884837936e-19 -0.002113105488)
(3.948057725e-07 3.819006448e-19 -0.002113149815)
(3.862521049e-07 3.765005496e-19 -0.002113193441)
(3.762255569e-07 3.641739082e-19 -0.002113236268)
(3.647770646e-07 3.525294208e-19 -0.002113278199)
(3.519551584e-07 3.332499092e-19 -0.002113319132)
(3.378256796e-07 3.211684816e-19 -0.00211335896)
(3.224716391e-07 3.161553506e-19 -0.002113397573)
(3.059699402e-07 3.119796274e-19 -0.002113434855)
(2.883949199e-07 3.086966894e-19 -0.002113470679)
(2.698027292e-07 3.06019776e-19 -0.002113504909)
(2.502521631e-07 3.097209498e-19 -0.002113537396)
(2.298138867e-07 3.144176674e-19 -0.002113567983)
(2.085436809e-07 3.189405011e-19 -0.002113596497)
(1.864748164e-07 3.245526322e-19 -0.002113622754)
(1.636451418e-07 3.317428585e-19 -0.002113646555)
(1.401195954e-07 3.359752297e-19 -0.002113667692)
(1.159500031e-07 3.235648432e-19 -0.002113685942)
(9.114643736e-08 3.207689389e-19 -0.002113701069)
(6.574442661e-08 3.187284959e-19 -0.002113712822)
(3.995036128e-08 3.174032089e-19 -0.002113720942)
(1.425687984e-08 3.125786775e-19 -0.002113725153)
(1.848792084e-08 -6.260772443e-20 -0.002113622202)
(4.829672604e-08 -2.351874507e-19 -0.002113625935)
(7.628121415e-08 -1.277344841e-19 -0.00211363391)
(1.047655135e-07 -9.189938385e-20 -0.002113645689)
(1.32703544e-07 -9.125632343e-20 -0.002113660993)
(1.59804114e-07 1.516577382e-20 -0.002113679565)
(1.859423097e-07 9.239400604e-20 -0.00211370116)
(2.11047092e-07 1.501745558e-19 -0.002113725545)
(2.350429666e-07 1.886236979e-19 -0.002113752486)
(2.578420572e-07 2.144168954e-19 -0.002113781758)
(2.79373017e-07 2.303877004e-19 -0.002113813151)
(2.995706629e-07 2.397619014e-19 -0.00211384646)
(3.183789271e-07 2.421949063e-19 -0.002113881497)
(3.357656003e-07 2.330705139e-19 -0.00211391808)
(3.516990313e-07 2.187226151e-19 -0.002113956036)
(3.661408499e-07 2.011411461e-19 -0.002113995198)
(3.790695743e-07 2.190179207e-19 -0.002114035404)
(3.904618814e-07 2.335899992e-19 -0.0021140765)
(4.002993393e-07 2.460788991e-19 -0.002114118343)
(4.085759881e-07 2.564949085e-19 -0.002114160795)
(4.152806953e-07 2.650050947e-19 -0.002114203721)
(4.203972346e-07 2.71246257e-19 -0.002114246996)
(4.239164728e-07 2.752503121e-19 -0.002114290501)
(4.258324225e-07 2.989931193e-19 -0.00211433412)
(4.26143227e-07 3.201693401e-19 -0.002114377745)
(4.248454775e-07 3.308529962e-19 -0.002114421269)
(4.219330132e-07 3.419019675e-19 -0.00211446459)
(4.174082154e-07 3.337571283e-19 -0.002114507608)
(4.112785728e-07 3.260755725e-19 -0.002114550227)
(4.035742129e-07 3.186162653e-19 -0.002114592354)
(3.943496028e-07 3.110757437e-19 -0.002114633895)
(3.836621028e-07 3.042043855e-19 -0.002114674759)
(3.715679142e-07 2.968917177e-19 -0.002114714851)
(3.581217209e-07 2.898888669e-19 -0.00211475407)
(3.434004926e-07 2.815625296e-19 -0.00211479231)
(3.274948293e-07 2.713284149e-19 -0.002114829462)
(3.10484597e-07 2.611103739e-19 -0.002114865407)
(2.924293536e-07 2.638756695e-19 -0.002114900015)
(2.733790624e-07 2.663598584e-19 -0.002114933143)
(2.53401552e-07 2.678605622e-19 -0.002114964641)
(2.325638523e-07 2.744263541e-19 -0.002114994347)
(2.109057867e-07 2.741583311e-19 -0.002115022082)
(1.88458808e-07 2.72865542e-19 -0.002115047658)
(1.652851118e-07 2.704577696e-19 -0.002115070872)
(1.414499879e-07 2.668326461e-19 -0.002115091514)
(1.169810198e-07 2.674441717e-19 -0.002115109356)
(9.189445439e-08 2.657993948e-19 -0.002115124157)
(6.624873415e-08 2.675807377e-19 -0.002115135667)
(4.024340668e-08 2.683907981e-19 -0.002115143626)
(1.434995153e-08 2.689004055e-19 -0.002115147753)
(4.118811314e-07 2.512305667e-19 -0.00211554869)
(4.20033693e-07 2.382724735e-19 -0.00211558869)
(4.265455294e-07 2.263625315e-19 -0.002115629188)
(4.314087606e-07 2.14349364e-19 -0.002115670069)
(4.346193185e-07 2.150635371e-19 -0.002115711226)
(4.361675091e-07 2.147424973e-19 -0.002115752554)
(4.360447289e-07 2.128704951e-19 -0.002115793952)
(4.34251474e-07 2.217830164e-19 -0.002115835319)
(4.30795754e-07 2.285606931e-19 -0.002115876563)
(4.256884487e-07 2.340279675e-19 -0.002115917592)
(4.189538903e-07 2.372529806e-19 -0.002115958316)
(4.106460665e-07 2.382474844e-19 -0.002115998648)
(4.008313632e-07 2.372381961e-19 -0.002116038501)
(3.895728773e-07 2.434115401e-19 -0.002116077786)
(3.769227627e-07 2.482600664e-19 -0.002116116407)
(3.629489412e-07 2.611179833e-19 -0.002116154264)
(3.47746017e-07 2.652518135e-19 -0.002116191254)
(3.314032154e-07 2.606850009e-19 -0.002116227263)
(3.139848998e-07 2.621680453e-19 -0.002116262171)
(2.955322419e-07 2.616157135e-19 -0.00211629584)
(2.761093392e-07 2.668330119e-19 -0.002116328125)
(2.557937595e-07 2.712374734e-19 -0.002116358871)
(2.346324668e-07 2.749165279e-19 -0.002116387911)
(2.126559719e-07 2.777781584e-19 -0.002116415061)
(1.899183748e-07 2.797845248e-19 -0.002116440128)
(1.664881863e-07 2.808474332e-19 -0.002116462908)
(1.42407413e-07 2.809183154e-19 -0.002116483185)
(1.177020974e-07 2.903149158e-19 -0.002116500724)
(9.241231196e-08 2.899916359e-19 -0.002116515286)
(6.659941995e-08 2.883366437e-19 -0.00211652662)
(4.043549606e-08 2.86258389e-19 -0.002116534458)
(1.440230655e-08 2.884614098e-19 -0.002116538521)
)
;

boundaryField
{
    front_top
    {
        type            wedge;
    }
    front_middle
    {
        type            wedge;
    }
    front_bottom
    {
        type            wedge;
    }
    back_top
    {
        type            wedge;
    }
    back_middle
    {
        type            wedge;
    }
    back_bottom
    {
        type            wedge;
    }
    axis_top
    {
        type            symmetryPlane;
    }
    axis_middle
    {
        type            symmetryPlane;
    }
    axis_bottom
    {
        type            symmetryPlane;
    }
    wall_top
    {
        type            slip;
    }
    wall_middle
    {
        type            noSlip;
    }
    wall_bottom
    {
        type            noSlip;
    }
    inlet
    {
        type            fixedValue;
        value           nonuniform 0();
    }
    outlet
    {
        type            zeroGradient;
    }
    procBoundary10to9
    {
        type            processor;
        value           nonuniform List<vector> 
51
(
(1.932071265e-08 7.74123295e-20 -0.002115084252)
(5.046523115e-08 1.585013587e-19 -0.002115087734)
(7.969116252e-08 2.457281108e-19 -0.002115095186)
(1.094055291e-07 1.384727532e-19 -0.00211510619)
(1.384838238e-07 6.65933552e-20 -0.002115120477)
(1.666114313e-07 1.262384223e-19 -0.002115137807)
(1.936631034e-07 1.782929477e-19 -0.002115157949)
(2.195641133e-07 2.308128123e-19 -0.002115180691)
(2.44236133e-07 2.050819824e-19 -0.00211520582)
(2.676082002e-07 1.884235141e-19 -0.002115233138)
(2.896201316e-07 1.765518234e-19 -0.002115262454)
(3.102216992e-07 1.684949654e-19 -0.002115293586)
(3.29370302e-07 1.656373764e-19 -0.002115326363)
(3.470265039e-07 1.749930515e-19 -0.002115360619)
(3.631558699e-07 1.881205541e-19 -0.00211539619)
(3.777216418e-07 2.023532364e-19 -0.002115432926)
(3.90708175e-07 2.177732565e-19 -0.00211547068)
(4.021009454e-07 2.33964072e-19 -0.002115509312)
(4.021009454e-07 2.33964072e-19 -0.002115509312)
(4.217160888e-07 1.853470716e-19 -0.002116939828)
(4.297228153e-07 1.855821241e-19 -0.002116977757)
(4.360258649e-07 1.833783541e-19 -0.002117016211)
(4.406281113e-07 1.793256786e-19 -0.002117055086)
(4.435242072e-07 1.739837714e-19 -0.002117094283)
(4.446912124e-07 1.673507457e-19 -0.002117133703)
(4.441232327e-07 1.590064266e-19 -0.00211717325)
(4.418431078e-07 1.722272585e-19 -0.002117212836)
(4.378727635e-07 1.835780585e-19 -0.002117252374)
(4.322240553e-07 2.044015822e-19 -0.002117291779)
(4.249431388e-07 2.242085945e-19 -0.002117330967)
(4.161096576e-07 2.339909576e-19 -0.002117369858)
(4.057916591e-07 2.432951645e-19 -0.002117408366)
(3.940462983e-07 2.521505649e-19 -0.002117446402)
(3.809312088e-07 2.606606782e-19 -0.002117483871)
(3.66536305e-07 2.690789977e-19 -0.002117520672)
(3.509627296e-07 2.774663239e-19 -0.002117556702)
(3.342811621e-07 2.860477473e-19 -0.002117591845)
(3.165297337e-07 2.952138094e-19 -0.002117625969)
(2.977626218e-07 2.979181049e-19 -0.002117658937)
(2.780608268e-07 3.013906107e-19 -0.002117690599)
(2.574832683e-07 3.055548443e-19 -0.002117720797)
(2.360612614e-07 3.103588047e-19 -0.002117749354)
(2.13841275e-07 3.157928789e-19 -0.002117776084)
(1.908938559e-07 3.218516234e-19 -0.002117800791)
(1.672711715e-07 3.285456112e-19 -0.002117823266)
(1.430037787e-07 3.360004236e-19 -0.002117843286)
(1.181374554e-07 3.388631774e-19 -0.002117860617)
(9.272236775e-08 3.425497187e-19 -0.002117875016)
(6.679016529e-08 3.420733459e-19 -0.002117886227)
(4.051577255e-08 3.427654078e-19 -0.002117893982)
(1.441376183e-08 3.407067256e-19 -0.002117898004)
)
;
    }
    procBoundary10to11
    {
        type            processor;
        value           nonuniform List<vector> 
51
(
(-3.347355428e-08 2.496158599e-20 -0.002068794341)
(-8.75882627e-08 8.88318977e-21 -0.002068790684)
(-1.388532815e-07 -2.278693723e-20 -0.002068782733)
(-1.918094436e-07 -5.956855633e-20 -0.002068770953)
(-2.449095146e-07 -1.958371492e-20 -0.002068755585)
(-2.978567542e-07 -5.071174495e-20 -0.002068736854)
(-3.508131036e-07 -7.937856062e-20 -0.002068715016)
(-4.040654761e-07 -6.370651082e-20 -0.002068690301)
(-4.579488321e-07 -1.302363561e-20 -0.002068662762)
(-5.131899415e-07 3.202471301e-20 -0.002068632502)
(-5.720684416e-07 4.473460868e-20 -0.002068601741)
(-6.349771816e-07 5.857077671e-20 -0.00206857435)
(-6.819781207e-07 9.861050028e-20 -0.00206855426)
(-6.866801907e-07 1.387770488e-19 -0.002068545217)
(-6.417932207e-07 1.585003025e-19 -0.002068551352)
(-5.487726825e-07 1.794927428e-19 -0.00206857531)
(-4.11326884e-07 2.005211204e-19 -0.002068611758)
(-2.594311703e-07 2.21675676e-19 -0.002068651781)
(-1.253345492e-07 2.265507984e-19 -0.002068686024)
(-1.378941545e-08 2.320742186e-19 -0.002068708375)
(7.791437467e-08 2.381941187e-19 -0.002068718268)
(1.517898086e-07 2.325679505e-19 -0.00206871742)
(2.094089388e-07 2.281465232e-19 -0.00206870747)
(2.524760279e-07 2.235814811e-19 -0.002068689693)
(2.831751423e-07 2.197133413e-19 -0.002068665423)
(3.048286272e-07 2.162401501e-19 -0.002068637229)
(3.197515341e-07 2.127226922e-19 -0.002068608677)
(3.286388911e-07 2.085378319e-19 -0.002068583046)
(3.334750128e-07 2.03268753e-19 -0.00206856309)
(3.366154936e-07 2.074459808e-19 -0.002068549746)
(3.389284038e-07 2.108699766e-19 -0.002068542587)
(3.406138804e-07 2.135565498e-19 -0.002068541005)
(3.414679348e-07 2.154232585e-19 -0.002068544414)
(3.409143947e-07 2.162682923e-19 -0.002068552206)
(4.375406666e-07 2.242360941e-19 -0.002071178627)
(4.375406666e-07 2.242360941e-19 -0.002071178627)
(4.237034943e-07 2.246643188e-19 -0.002071203734)
(4.072837369e-07 2.20981152e-19 -0.002071230748)
(3.884941487e-07 2.196018878e-19 -0.002071259117)
(3.675105651e-07 2.207043128e-19 -0.002071288296)
(3.444632964e-07 2.216589262e-19 -0.002071317743)
(3.194443029e-07 2.2226725e-19 -0.002071346916)
(2.925175738e-07 2.227473413e-19 -0.002071375285)
(2.637384243e-07 2.229290032e-19 -0.002071402332)
(2.331830861e-07 2.253428944e-19 -0.002071427555)
(2.00964029e-07 2.275179834e-19 -0.002071450474)
(1.672180063e-07 2.292301924e-19 -0.00207147063)
(1.320729181e-07 2.283624901e-19 -0.002071487586)
(9.566469425e-08 2.296547734e-19 -0.002071500926)
(5.832161756e-08 2.30351521e-19 -0.002071510248)
(2.073525753e-08 2.306621986e-19 -0.00207151517)
)
;
    }
}


// ************************************************************************* //
