/*--------------------------------*- C++ -*----------------------------------*\
  =========                 |
  \\      /  F ield         | OpenFOAM: The Open Source CFD Toolbox
   \\    /   O peration     | Website:  https://openfoam.org
    \\  /    A nd           | Version:  7
     \\/     M anipulation  |
\*---------------------------------------------------------------------------*/
FoamFile
{
    version     2.0;
    format      ascii;
    class       surfaceScalarField;
    location    "0.0015";
    object      phi;
}
// * * * * * * * * * * * * * * * * * * * * * * * * * * * * * * * * * * * * * //

dimensions      [1 0 -1 0 0 0 0];

internalField   nonuniform List<scalar> 
2257
(
3.621912965e-15
4.567072792e-11
1.336390117e-10
3.510882924e-15
4.566721704e-11
1.374292701e-14
1.336287796e-10
3.018923874e-14
2.16686842e-10
5.229093566e-14
2.950444698e-10
7.945424934e-14
3.688980156e-10
1.110481442e-13
4.384371872e-10
1.46424285e-13
5.03845246e-10
1.849874028e-13
5.652990366e-10
2.261229337e-13
6.22969294e-10
2.69155834e-13
6.770206579e-10
3.135609474e-13
7.276117703e-10
3.586963839e-13
7.748956471e-10
4.040932369e-13
8.190195406e-10
4.491877736e-13
8.601253632e-10
4.935473227e-13
8.983495656e-10
5.366740116e-13
9.338235543e-10
5.782018149e-13
9.666736077e-10
6.176943164e-13
9.970212056e-10
6.548946963e-13
1.024982989e-09
6.89413654e-13
1.050671135e-09
7.210221198e-13
1.074193286e-09
7.494295913e-13
1.095652878e-09
7.744346838e-13
1.115149143e-09
7.95894674e-13
1.132777256e-09
8.136041052e-13
1.14862856e-09
8.274824294e-13
1.162790623e-09
8.373846631e-13
1.17534748e-09
8.432495472e-13
1.186379592e-09
8.450534661e-13
1.195964012e-09
8.427187238e-13
1.204174664e-09
8.362481971e-13
1.211082388e-09
8.256794833e-13
1.216754826e-09
8.110038151e-13
1.221256866e-09
7.922515516e-13
1.224650624e-09
7.69462905e-13
1.226995571e-09
7.427019156e-13
1.228348461e-09
7.120159516e-13
1.228763708e-09
6.775056932e-13
1.228293307e-09
6.392689559e-13
1.226986978e-09
5.973713589e-13
1.224892204e-09
5.519220755e-13
1.222054406e-09
5.03025057e-13
1.218517054e-09
4.507553883e-13
1.214321576e-09
3.952709117e-13
1.209507537e-09
3.366161061e-13
1.204112784e-09
2.74947852e-13
1.198173427e-09
2.103732637e-13
1.191723956e-09
1.429251373e-13
1.184797366e-09
7.278825711e-14
1.177424898e-09
1.169636599e-09
3.406538914e-15
4.56638105e-11
1.333406636e-14
1.336188521e-10
2.928289157e-14
2.166708931e-10
5.070367167e-14
2.95023049e-10
7.703424484e-14
3.68871685e-10
1.076756094e-13
4.384065458e-10
1.420252949e-13
5.038108963e-10
1.794244129e-13
5.652616375e-10
2.193163438e-13
6.229294021e-10
2.611099544e-13
6.769788643e-10
3.041697303e-13
7.275687105e-10
3.480049489e-13
7.748518119e-10
3.920342344e-13
8.189755113e-10
4.358277366e-13
8.600815697e-10
4.788553071e-13
8.98306538e-10
5.207320057e-13
9.337816776e-10
5.610052099e-13
9.666333345e-10
5.993813713e-13
9.969828295e-10
6.3546007e-13
1.02494691e-09
6.689773036e-13
1.050637618e-09
6.996277736e-13
1.074162636e-09
7.271965399e-13
1.09562531e-09
7.514869414e-13
1.115124852e-09
7.722917186e-13
1.132756451e-09
7.894951403e-13
1.148611357e-09
8.029444464e-13
1.162777174e-09
8.125509901e-13
1.175337873e-09
8.182667587e-13
1.186373876e-09
8.200092722e-13
1.19596227e-09
8.17748771e-13
1.204176925e-09
8.115062327e-13
1.211088631e-09
8.01272786e-13
1.21676506e-09
7.870370484e-13
1.221271101e-09
7.688521388e-13
1.224668809e-09
7.46763524e-13
1.227017659e-09
7.207938083e-13
1.22837443e-09
6.910414713e-13
1.22879346e-09
6.575908909e-13
1.228326758e-09
6.204961405e-13
1.227024073e-09
5.798727602e-13
1.224932828e-09
5.357474201e-13
1.222098532e-09
4.882928626e-13
1.218564509e-09
4.376182314e-13
1.214372251e-09
3.837541266e-13
1.209561401e-09
3.268620477e-13
1.204169676e-09
2.669662845e-13
1.198233323e-09
2.042388741e-13
1.191786684e-09
1.387906273e-13
1.184862814e-09
7.064988201e-14
1.177493039e-09
1.169707249e-09
3.301052113e-15
4.566050945e-11
1.29213914e-14
1.336092318e-10
2.838591873e-14
2.166554286e-10
4.917239167e-14
2.950022626e-10
7.472779862e-14
3.688461296e-10
1.044384341e-13
4.383768352e-10
1.377464716e-13
5.037775883e-10
1.740590549e-13
5.652253249e-10
2.127464745e-13
6.228907147e-10
2.53273593e-13
6.769383371e-10
2.95086179e-13
7.275268979e-10
3.376035267e-13
7.748092945e-10
3.803691491e-13
8.189327457e-10
4.2284657e-13
8.600390923e-10
4.64624261e-13
8.982647603e-10
5.052403014e-13
9.337410616e-10
5.443664153e-13
9.665942084e-10
5.815911769e-13
9.969456047e-10
6.166173339e-13
1.024911884e-09
6.491242563e-13
1.050605111e-09
6.788947133e-13
1.074132865e-09
7.056597459e-13
1.095598544e-09
7.292192205e-13
1.115101293e-09
7.494224126e-13
1.132736248e-09
7.661078085e-13
1.148594672e-09
7.791679094e-13
1.162764114e-09
7.885143848e-13
1.175328527e-09
7.940672815e-13
1.186368323e-09
7.957600902e-13
1.195960577e-09
7.935997966e-13
1.204179085e-09
7.875780708e-13
1.211094653e-09
7.776501039e-13
1.216774988e-09
7.638629116e-13
1.221284889e-09
7.462343978e-13
1.224686437e-09
7.247976076e-13
1.227039096e-09
6.996321021e-13
1.228399596e-09
6.70757092e-13
1.228822335e-09
6.38307897e-13
1.228359207e-09
6.023619229e-13
1.227060019e-09
5.629188441e-13
1.224972271e-09
5.201469948e-13
1.222141304e-09
4.740944043e-13
1.218610561e-09
4.249012587e-13
1.214421444e-09
3.726718541e-13
1.20961363e-09
3.174162946e-13
1.204224932e-09
2.593102908e-13
1.198291429e-09
1.983694381e-13
1.191847625e-09
1.347875345e-13
1.184926396e-09
6.86636261e-14
1.177559162e-09
1.169775913e-09
3.202093542e-15
4.565730735e-11
1.253136329e-14
1.335999025e-10
2.752803001e-14
2.16640432e-10
4.768662108e-14
2.94982104e-10
7.246677503e-14
3.688213495e-10
1.013086427e-13
4.383479933e-10
1.336288143e-13
5.037452681e-10
1.688426415e-13
5.651901111e-10
2.063995504e-13
6.228531578e-10
2.457290928e-13
6.768990076e-10
2.862894687e-13
7.274863376e-10
3.275827371e-13
7.747680012e-10
3.690672404e-13
8.188912612e-10
4.103092476e-13
8.599978503e-10
4.508391587e-13
8.982242304e-10
4.902963159e-13
9.337016044e-10
5.282586505e-13
9.665562461e-10
5.643981942e-13
9.969094652e-10
5.983800605e-13
1.024877902e-09
6.299548707e-13
1.050573536e-09
6.588419848e-13
1.074103978e-09
6.848164409e-13
1.09557257e-09
7.076942714e-13
1.115078415e-09
7.273047661e-13
1.132716638e-09
7.435078238e-13
1.148578468e-09
7.562006067e-13
1.162751421e-09
7.652927909e-13
1.175319435e-09
7.706813301e-13
1.186362934e-09
7.723595747e-13
1.195958899e-09
7.702870792e-13
1.204181157e-09
7.644455928e-13
1.211100494e-09
7.548456494e-13
1.216784588e-09
7.414662801e-13
1.221298268e-09
7.243711861e-13
1.224703532e-09
7.03610702e-13
1.227059856e-09
6.791818177e-13
1.228424025e-09
6.512142087e-13
1.228850303e-09
6.197254999e-13
1.228390696e-09
5.848165444e-13
1.227094928e-09
5.46585977e-13
1.225010502e-09
5.050620189e-13
1.222182828e-09
4.604078999e-13
1.218655215e-09
4.126678912e-13
1.214469184e-09
3.619325179e-13
1.209664365e-09
3.0833347e-13
1.204278531e-09
2.518707436e-13
1.198347891e-09
1.927424158e-13
1.191906753e-09
1.309558498e-13
1.184988182e-09
6.668838298e-14
1.17762343e-09
1.169842601e-09
3.10659285e-15
4.565420076e-11
1.216013127e-14
1.33590849e-10
2.671516382e-14
2.166258769e-10
4.628210758e-14
2.94962537e-10
7.031714452e-14
3.687973144e-10
9.829250345e-14
4.38320018e-10
1.296514804e-13
5.037139092e-10
1.638396577e-13
5.651559229e-10
2.00277024e-13
6.228167204e-10
2.384521586e-13
6.768608325e-10
2.77843163e-13
7.274469466e-10
3.179046053e-13
7.747279398e-10
3.581839356e-13
8.188509819e-10
3.9820589e-13
8.599578283e-10
4.375800013e-13
8.981848563e-10
4.75874059e-13
9.336633103e-10
5.127320741e-13
9.66519388e-10
5.478055922e-13
9.968743916e-10
5.808138684e-13
1.024844894e-09
6.114639789e-13
1.050542886e-09
6.39513211e-13
1.074075929e-09
6.647355779e-13
1.095547348e-09
6.86954664e-13
1.115056196e-09
7.059980843e-13
1.132697594e-09
7.21748925e-13
1.148562718e-09
7.34083149e-13
1.162739087e-09
7.429054035e-13
1.175310612e-09
7.481714253e-13
1.186357668e-09
7.498235436e-13
1.195957246e-09
7.478399139e-13
1.204183141e-09
7.422101682e-13
1.211106124e-09
7.328928575e-13
1.216793905e-09
7.199465889e-13
1.221311214e-09
7.033443653e-13
1.224720135e-09
6.831853111e-13
1.227080015e-09
6.595306085e-13
1.22844768e-09
6.32381414e-13
1.228877452e-09
6.018528587e-13
1.228421224e-09
5.67981934e-13
1.227128799e-09
5.308574578e-13
1.225047626e-09
4.906110204e-13
1.222223074e-09
4.4723441e-13
1.218698592e-09
4.008975422e-13
1.214515521e-09
3.516436675e-13
1.209713619e-09
2.99549196e-13
1.204330626e-09
2.447685946e-13
1.198402672e-09
1.872970394e-13
1.191964225e-09
1.273283235e-13
1.185048151e-09
6.483084138e-14
1.177685927e-09
1.169907432e-09
3.014205177e-15
4.565118655e-11
1.179926337e-14
1.335820639e-10
2.592250996e-14
2.166117537e-10
4.490708128e-14
2.949435524e-10
6.824390961e-14
3.687739776e-10
9.54077321e-14
4.382928541e-10
1.25840933e-13
5.03683476e-10
1.590226779e-13
5.651227412e-10
1.944161652e-13
6.227813269e-10
2.314744386e-13
6.768237742e-10
2.697021591e-13
7.274087188e-10
3.086071258e-13
7.746890348e-10
3.477115624e-13
8.188118774e-10
3.865983286e-13
8.599189415e-10
4.248259288e-13
8.981466287e-10
4.620133899e-13
9.336261229e-10
4.977996238e-13
9.664836018e-10
5.318738963e-13
9.968403174e-10
5.63931053e-13
1.024812836e-09
5.936986423e-13
1.050513118e-09
6.209359326e-13
1.074048692e-09
6.4544658e-13
1.095522837e-09
6.670265705e-13
1.115034616e-09
6.855440559e-13
1.132679077e-09
7.008499476e-13
1.148547412e-09
7.128401871e-13
1.162727096e-09
7.214415711e-13
1.175302011e-09
7.265788969e-13
1.186352531e-09
7.282283567e-13
1.195955597e-09
7.262995072e-13
1.20418507e-09
7.2083589e-13
1.211111587e-09
7.118398744e-13
1.216802901e-09
6.992590763e-13
1.221323795e-09
6.831886632e-13
1.224736205e-09
6.636316269e-13
1.227099573e-09
6.40663203e-13
1.228470648e-09
6.143610508e-13
1.228903754e-09
5.846870487e-13
1.228450898e-09
5.518174268e-13
1.227161669e-09
5.158167748e-13
1.225083627e-09
4.767086503e-13
1.222262182e-09
4.346435996e-13
1.218740657e-09
3.895962021e-13
1.214560568e-09
3.417525164e-13
1.209761463e-09
2.911511179e-13
1.204381227e-09
2.378862967e-13
1.198455937e-09
1.821069384e-13
1.192020004e-09
1.237730976e-13
1.185106485e-09
6.308080882e-14
1.17774662e-09
1.169970513e-09
2.927269087e-15
4.564825929e-11
1.1458336e-14
1.335735328e-10
2.517329601e-14
2.165980387e-10
4.361021071e-14
2.949251155e-10
6.626543692e-14
3.687513224e-10
9.263685057e-14
4.382664827e-10
1.222008877e-13
5.036539119e-10
1.5443552e-13
5.650905065e-10
1.888003703e-13
6.227469621e-10
2.247959764e-13
6.767877786e-10
2.619231116e-13
7.273715917e-10
2.997104166e-13
7.746512475e-10
3.377135877e-13
8.187738743e-10
3.754830187e-13
8.598811721e-10
4.126160464e-13
8.981094957e-10
4.487400866e-13
9.335899988e-10
4.835161177e-13
9.664488258e-10
5.166269197e-13
9.968072066e-10
5.477717443e-13
1.024781692e-09
5.766962752e-13
1.050484194e-09
6.031618573e-13
1.074022226e-09
6.269760683e-13
1.095499023e-09
6.479704747e-13
1.115013621e-09
6.659718397e-13
1.132661075e-09
6.808691493e-13
1.148532514e-09
6.925136301e-13
1.162715452e-09
7.008937585e-13
1.175293631e-09
7.059445882e-13
1.18634748e-09
7.075424708e-13
1.195953999e-09
7.05722611e-13
1.20418689e-09
7.004209558e-13
1.211116889e-09
6.916721523e-13
1.21681165e-09
6.795111278e-13
1.221335956e-09
6.638862039e-13
1.22475183e-09
6.449288241e-13
1.22711853e-09
6.226678412e-13
1.228492909e-09
5.970850918e-13
1.228929337e-09
5.683255479e-13
1.228479658e-09
5.363732778e-13
1.227193621e-09
5.013964916e-13
1.225118603e-09
4.634488697e-13
1.22230013e-09
4.225342932e-13
1.218781572e-09
3.788195686e-13
1.214604283e-09
3.322717465e-13
1.209808011e-09
2.831005544e-13
1.204430398e-09
2.313237091e-13
1.198507714e-09
1.770430889e-13
1.192074285e-09
1.203795103e-13
1.185163149e-09
6.129683736e-14
1.177805702e-09
1.170031809e-09
2.843315017e-15
4.564541597e-11
1.113029195e-14
1.335652459e-10
2.445313417e-14
2.165847159e-10
4.236272799e-14
2.949072059e-10
6.438040676e-14
3.687293047e-10
9.001017e-14
4.38240853e-10
1.187345152e-13
5.036251876e-10
1.500476711e-13
5.650591934e-10
1.834421932e-13
6.227135675e-10
2.184176965e-13
6.767528031e-10
2.545048468e-13
7.273355045e-10
2.912417912e-13
7.746145106e-10
3.281722689e-13
8.187369438e-10
3.648754852e-13
8.598444689e-10
4.009687669e-13
8.980734024e-10
4.360868284e-13
9.335548808e-10
4.699007275e-13
9.664150119e-10
5.020830196e-13
9.967750243e-10
5.323658153e-13
1.024751409e-09
5.604797921e-13
1.05045608e-09
5.862204721e-13
1.073996485e-09
6.093913322e-13
1.095475852e-09
6.298071492e-13
1.114993206e-09
6.473418706e-13
1.132643541e-09
6.618117724e-13
1.148518045e-09
6.731886816e-13
1.162704075e-09
6.813586131e-13
1.175285461e-09
6.862604764e-13
1.186342578e-09
6.87872014e-13
1.195952388e-09
6.860948156e-13
1.204188667e-09
6.809829128e-13
1.211122001e-09
6.725146931e-13
1.216820118e-09
6.60679405e-13
1.221347791e-09
6.455682057e-13
1.224766941e-09
6.271331279e-13
1.227136965e-09
6.054892478e-13
1.228514553e-09
5.80680392e-13
1.228954146e-09
5.527075598e-13
1.22850763e-09
5.217292134e-13
1.227224599e-09
4.876991444e-13
1.225152634e-09
4.50794771e-13
1.222337034e-09
4.110592316e-13
1.218821307e-09
3.685091303e-13
1.214646833e-09
3.233234978e-13
1.209853196e-09
2.754657643e-13
1.204478256e-09
2.251408887e-13
1.198558038e-09
1.723158286e-13
1.19212711e-09
1.171457356e-13
1.185218319e-09
5.970131754e-14
1.177863147e-09
1.170091511e-09
2.764669296e-15
4.56426513e-11
1.08221304e-14
1.335571884e-10
2.377613789e-14
2.165717619e-10
4.119075394e-14
2.948897913e-10
6.259639279e-14
3.68707899e-10
8.751072065e-14
4.382159386e-10
1.154388624e-13
5.035972594e-10
1.458831305e-13
5.650287491e-10
1.783558379e-13
6.226810948e-10
2.123765283e-13
6.767187824e-10
2.47481395e-13
7.273003997e-10
2.832031992e-13
7.745787888e-10
3.191106047e-13
8.187010364e-10
3.548124605e-13
8.59808767e-10
3.899196181e-13
8.980382953e-10
4.240919943e-13
9.335207084e-10
4.56977331e-13
9.663821265e-10
4.882945501e-13
9.967437071e-10
5.177457832e-13
1.024721958e-09
5.45115707e-13
1.05042871e-09
5.701467724e-13
1.073971454e-09
5.926975481e-13
1.095453301e-09
6.126024425e-13
1.114973301e-09
6.296431222e-13
1.1326265e-09
6.437743442e-13
1.148503913e-09
6.548501569e-13
1.162692999e-09
6.628319391e-13
1.175277479e-09
6.676360746e-13
1.186337774e-09
6.691956133e-13
1.195950828e-09
6.67531141e-13
1.204190331e-09
6.625415961e-13
1.211126991e-09
6.543181241e-13
1.216828342e-09
6.428660712e-13
1.221359243e-09
6.281592292e-13
1.224781648e-09
6.103007118e-13
1.227154823e-09
5.892124394e-13
1.228535641e-09
5.650749384e-13
1.228978283e-09
5.379397149e-13
1.228534766e-09
5.077764166e-13
1.227254763e-09
4.747508808e-13
1.225185659e-09
4.388029004e-13
1.222372982e-09
4.001277618e-13
1.218859982e-09
3.587543407e-13
1.214688206e-09
3.147415477e-13
1.209897209e-09
2.682518642e-13
1.204524746e-09
2.192167417e-13
1.198607074e-09
1.67846262e-13
1.19217848e-09
1.140837471e-13
1.185272081e-09
5.813945686e-14
1.177919091e-09
1.17014965e-09
2.690154544e-15
4.563996115e-11
1.053034516e-14
1.335493482e-10
2.313439251e-14
2.165591578e-10
4.007694161e-14
2.948728488e-10
6.090508227e-14
3.686870709e-10
8.514635521e-14
4.381916974e-10
1.12324928e-13
5.035700809e-10
1.41956893e-13
5.649991171e-10
1.735648938e-13
6.226494868e-10
2.066851739e-13
6.766856621e-10
2.408437294e-13
7.272662411e-10
2.756014993e-13
7.74544031e-10
3.105609584e-13
8.186660769e-10
3.453119681e-13
8.59774016e-10
3.795041246e-13
8.980041031e-10
4.127625423e-13
9.3348745e-10
4.447935064e-13
9.663500956e-10
4.752724261e-13
9.967132281e-10
5.039721313e-13
1.024693258e-09
5.306071045e-13
1.050402075e-09
5.550202054e-13
1.073947041e-09
5.769715802e-13
1.09543135e-09
5.963322445e-13
1.11495394e-09
6.12977772e-13
1.132609854e-09
6.267451514e-13
1.148490146e-09
6.375917479e-13
1.162682153e-09
6.453486478e-13
1.175269722e-09
6.500420767e-13
1.186333081e-09
6.516183367e-13
1.195949252e-09
6.499782713e-13
1.204191971e-09
6.451941906e-13
1.211131775e-09
6.371663883e-13
1.216836369e-09
6.260247345e-13
1.221370385e-09
6.117817924e-13
1.224795891e-09
5.943579584e-13
1.227172247e-09
5.739120131e-13
1.228556087e-09
5.503866368e-13
1.229001809e-09
5.239542847e-13
1.228561198e-09
4.946479408e-13
1.227284069e-09
4.624463038e-13
1.225217861e-09
4.275203205e-13
1.222407908e-09
3.898045239e-13
1.218897698e-09
3.495189221e-13
1.214728492e-09
3.066627963e-13
1.209940065e-09
2.613259984e-13
1.204570082e-09
2.13627929e-13
1.198654772e-09
1.635197744e-13
1.192228588e-09
1.11214502e-13
1.185324386e-09
5.663175406e-14
1.177973674e-09
1.170206282e-09
2.619903201e-15
4.563734124e-11
1.025545308e-14
1.335417127e-10
2.253034814e-14
2.165468829e-10
3.902962677e-14
2.948563495e-10
5.931891864e-14
3.686667816e-10
8.293563737e-14
4.381680806e-10
1.094134276e-13
5.035436031e-10
1.382814496e-13
5.649702491e-10
1.690800542e-13
6.226186882e-10
2.013369588e-13
6.766534052e-10
2.346036406e-13
7.272329744e-10
2.684798682e-13
7.745101548e-10
3.025379655e-13
8.186320188e-10
3.3641817e-13
8.597401358e-10
3.697253132e-13
8.97970796e-10
4.021535952e-13
9.334550217e-10
4.333537184e-13
9.663188955e-10
4.630862771e-13
9.966834956e-10
4.910393243e-13
1.024665305e-09
5.170394662e-13
1.050376075e-09
5.408240276e-13
1.073923257e-09
5.622542829e-13
1.09540992e-09
5.811114679e-13
1.114935083e-09
5.973404326e-13
1.132593625e-09
6.108317324e-13
1.148476655e-09
6.213846367e-13
1.1626716e-09
6.290153173e-13
1.175262092e-09
6.335712193e-13
1.186328525e-09
6.350991307e-13
1.195947724e-09
6.335710619e-13
1.2041935e-09
6.288843837e-13
1.211136461e-09
6.211498941e-13
1.216844104e-09
6.102733269e-13
1.221381262e-09
5.963689058e-13
1.224809795e-09
5.794556149e-13
1.227189161e-09
5.595035905e-13
1.228576039e-09
5.366700786e-13
1.229024642e-09
5.108723272e-13
1.228586996e-09
4.822942614e-13
1.227312647e-09
4.50948798e-13
1.225249206e-09
4.168530633e-13
1.222442004e-09
3.801790989e-13
1.218934372e-09
3.408606151e-13
1.21476781e-09
2.991146857e-13
1.209981811e-09
2.548834452e-13
1.204614314e-09
2.083303076e-13
1.198701325e-09
1.595075168e-13
1.192277411e-09
1.084383602e-13
1.185375456e-09
5.529534194e-14
1.178026817e-09
1.170261577e-09
2.554920708e-15
4.563478632e-11
1.00008531e-14
1.335342667e-10
2.197136194e-14
2.165349124e-10
3.806331885e-14
2.948402575e-10
5.784849609e-14
3.686469964e-10
8.087865708e-14
4.381450505e-10
1.067093752e-13
5.035177723e-10
1.348646784e-13
5.649420938e-10
1.648895709e-13
6.225886633e-10
1.963583312e-13
6.766219365e-10
2.288178259e-13
7.272005149e-10
2.618535226e-13
7.744771191e-10
2.950965176e-13
8.185987758e-10
3.281337473e-13
8.597070986e-10
3.606479087e-13
8.979382818e-10
3.922670927e-13
9.334234025e-10
4.227393942e-13
9.662884232e-10
4.517280714e-13
9.966545069e-10
4.790436844e-13
1.024637989e-09
5.04401459e-13
1.050350717e-09
5.276526896e-13
1.073900005e-09
5.48538448e-13
1.095389034e-09
5.670009451e-13
1.11491662e-09
5.828459576e-13
1.13257778e-09
5.959874097e-13
1.148463513e-09
6.063569114e-13
1.16266123e-09
6.137820583e-13
1.175254667e-09
6.183007444e-13
1.186324006e-09
6.197638391e-13
1.195946261e-09
6.1825547e-13
1.204195008e-09
6.137572752e-13
1.21114096e-09
6.061908359e-13
1.21685167e-09
5.956614063e-13
1.221391791e-09
5.820498826e-13
1.224823407e-09
5.655372779e-13
1.227205673e-09
5.461366991e-13
1.22859544e-09
5.238191717e-13
1.22904696e-09
4.987380232e-13
1.228612077e-09
4.707992329e-13
1.227340586e-09
4.402059788e-13
1.225279799e-09
4.06947769e-13
1.222475262e-09
3.711073532e-13
1.218970212e-09
3.328326733e-13
1.214806085e-09
2.920283014e-13
1.210022616e-09
2.489175183e-13
1.204657424e-09
2.034187613e-13
1.198746823e-09
1.55757438e-13
1.192325072e-09
1.058924541e-13
1.185425321e-09
5.395937938e-14
1.17807875e-09
1.170315537e-09
2.494636127e-15
4.563229169e-11
9.765412056e-15
1.33526996e-10
2.145453887e-14
2.165232233e-10
3.716781287e-14
2.948245443e-10
5.649713836e-14
3.686276671e-10
7.899326163e-14
4.381225544e-10
1.042113696e-13
5.034925542e-10
1.316987096e-13
5.649146065e-10
1.610372308e-13
6.225593248e-10
1.917680749e-13
6.765912056e-10
2.234668771e-13
7.271688161e-10
2.557593429e-13
7.744448266e-10
2.882181775e-13
8.18566317e-10
3.205154561e-13
8.596748013e-10
3.52258874e-13
8.979065384e-10
3.831842264e-13
9.333924772e-10
4.129305367e-13
9.662586768e-10
4.412944549e-13
9.96626143e-10
4.679680886e-13
1.024611316e-09
4.927937098e-13
1.050325892e-09
5.154814965e-13
1.073877318e-09
5.35954769e-13
1.095368561e-09
5.539863374e-13
1.114898589e-09
5.695151546e-13
1.132562252e-09
5.823478116e-13
1.148450681e-09
5.924570602e-13
1.162651121e-09
5.997900713e-13
1.175247334e-09
6.041725585e-13
1.186319624e-09
6.056825059e-13
1.195944751e-09
6.041735503e-13
1.204196517e-09
5.997699642e-13
1.211145363e-09
5.92446007e-13
1.216858994e-09
5.82108601e-13
1.221402129e-09
5.689020776e-13
1.224836613e-09
5.527303659e-13
1.227221845e-09
5.337689873e-13
1.228614401e-09
5.1200346e-13
1.229068725e-09
4.874419587e-13
1.228636638e-09
4.602317499e-13
1.227367796e-09
4.302754704e-13
1.225309756e-09
3.978021272e-13
1.222507735e-09
3.627661246e-13
1.219005248e-09
3.253045717e-13
1.214843547e-09
2.854776618e-13
1.210062443e-09
2.432811888e-13
1.204699621e-09
1.98908841e-13
1.198791196e-09
1.522563206e-13
1.192371725e-09
1.035704784e-13
1.185474006e-09
5.274186033e-14
1.178129579e-09
1.170368278e-09
2.441010256e-15
4.562985068e-11
9.554597958e-15
1.335198824e-10
2.099034926e-14
2.165117875e-10
3.636258575e-14
2.94809172e-10
5.526149455e-14
3.686087682e-10
7.72565896e-14
4.381005593e-10
1.019308623e-13
5.0346788e-10
1.288318626e-13
5.648877055e-10
1.575244609e-13
6.225306322e-10
1.875868459e-13
6.765611432e-10
2.186205623e-13
7.271377824e-10
2.501983972e-13
7.744132488e-10
2.819825132e-13
8.185345329e-10
3.13562891e-13
8.596432209e-10
3.446562614e-13
8.97875445e-10
3.74894145e-13
9.333622393e-10
4.040231303e-13
9.662295479e-10
4.317663911e-13
9.965983997e-10
4.579080295e-13
1.024585174e-09
4.821694115e-13
1.05030163e-09
5.044357124e-13
1.073855051e-09
5.244614013e-13
1.095348535e-09
5.421793905e-13
1.114880871e-09
5.573454151e-13
1.132547086e-09
5.699607873e-13
1.148438065e-09
5.798384217e-13
1.162641243e-09
5.869790474e-13
1.175240193e-09
5.913455377e-13
1.186315257e-09
5.927831396e-13
1.195943313e-09
5.913987556e-13
1.204197901e-09
5.870545349e-13
1.211149707e-09
5.798623655e-13
1.216866186e-09
5.697894475e-13
1.221412201e-09
5.568230708e-13
1.22484958e-09
5.410949926e-13
1.227237573e-09
5.224873962e-13
1.228633009e-09
5.011894564e-13
1.229090023e-09
4.771571345e-13
1.228660671e-09
4.504622218e-13
1.227394491e-09
4.212393452e-13
1.225338979e-09
3.893977917e-13
1.222539577e-09
3.551677094e-13
1.219039478e-09
3.184389757e-13
1.214880275e-09
2.794393794e-13
1.210101442e-09
2.381470888e-13
1.204740913e-09
1.946504253e-13
1.198834693e-09
1.490524834e-13
1.192417323e-09
1.013354094e-13
1.185521723e-09
5.168661155e-14
1.178179227e-09
1.170419965e-09
2.391077094e-15
4.56274596e-11
9.360139078e-15
1.335129133e-10
2.056350539e-14
2.165005842e-10
3.562164673e-14
2.947941139e-10
5.414483991e-14
3.68590245e-10
7.571029932e-14
4.380789938e-10
9.988521473e-14
5.034437051e-10
1.262398389e-13
5.648613509e-10
1.543821312e-13
6.225024899e-10
1.838564149e-13
6.765316689e-10
2.142568675e-13
7.27107382e-10
2.452368843e-13
7.743822688e-10
2.763723755e-13
8.185033974e-10
3.073534801e-13
8.596122398e-10
3.378211856e-13
8.978449773e-10
3.674595099e-13
9.33332601e-10
3.960350135e-13
9.662009724e-10
4.232325317e-13
9.965712022e-10
4.488551107e-13
1.024559551e-09
4.726557501e-13
1.05027783e-09
4.944787278e-13
1.073833228e-09
5.141806441e-13
1.095328833e-09
5.315181359e-13
1.114863533e-09
5.464658055e-13
1.132532138e-09
5.587999216e-13
1.148425731e-09
5.685449767e-13
1.162631498e-09
5.755126761e-13
1.175233225e-09
5.797594585e-13
1.186311011e-09
5.812320736e-13
1.195941841e-09
5.798380905e-13
1.204199295e-09
5.756654712e-13
1.21115388e-09
5.685533092e-13
1.216873299e-09
5.586788927e-13
1.221422076e-09
5.459951866e-13
1.224862264e-09
5.305214243e-13
1.227253047e-09
5.123742707e-13
1.228651156e-09
4.914267035e-13
1.229110971e-09
4.678895267e-13
1.228684208e-09
4.416863164e-13
1.227420694e-09
4.129777149e-13
1.225367687e-09
3.8181905e-13
1.222570736e-09
3.481912447e-13
1.219073106e-09
3.122787607e-13
1.214916188e-09
2.739774262e-13
1.210139744e-09
2.335306669e-13
1.20478136e-09
1.908411275e-13
1.198877382e-09
1.461281482e-13
1.192462036e-09
9.93528467e-14
1.185568499e-09
5.062513027e-14
1.178227955e-09
1.17047059e-09
2.347809447e-15
4.562511179e-11
9.192644874e-15
1.335060685e-10
2.019671317e-14
2.164895801e-10
3.498932775e-14
2.947793213e-10
5.317632148e-14
3.68572058e-10
7.434815272e-14
4.38057822e-10
9.807982904e-14
5.034199734e-10
1.239856807e-13
5.64835445e-10
1.516121537e-13
6.224748635e-10
1.805455934e-13
6.765027355e-10
2.104340812e-13
7.270774935e-10
2.408431028e-13
7.743518597e-10
2.714442585e-13
8.184727962e-10
3.018743233e-13
8.595818098e-10
3.317793184e-13
8.978150723e-10
3.609382112e-13
9.333034421e-10
3.889894609e-13
9.661729211e-10
4.15748542e-13
9.965444431e-10
4.408886853e-13
1.024534411e-09
4.643148952e-13
1.050254403e-09
4.857510489e-13
1.073811792e-09
5.050895027e-13
1.095309494e-09
5.221559223e-13
1.114846467e-09
5.368043091e-13
1.13251749e-09
5.490017914e-13
1.148413534e-09
5.585270802e-13
1.162621973e-09
5.654461154e-13
1.175226306e-09
5.695663379e-13
1.18630689e-09
5.710019256e-13
1.195940405e-09
5.696709637e-13
1.204200626e-09
5.655044955e-13
1.211158046e-09
5.586089367e-13
1.216880194e-09
5.488515594e-13
1.221431833e-09
5.364093068e-13
1.224874706e-09
5.211972999e-13
1.227268259e-09
5.033001327e-13
1.228669053e-09
4.827948051e-13
1.229131476e-09
4.59594967e-13
1.228707408e-09
4.339173899e-13
1.227446372e-09
4.056488292e-13
1.225395956e-09
3.750240347e-13
1.22260136e-09
3.419911871e-13
1.219106139e-09
3.066451483e-13
1.214951534e-09
2.690922436e-13
1.210177296e-09
2.29290673e-13
1.204821161e-09
1.874615074e-13
1.198919211e-09
1.434798609e-13
1.192506017e-09
9.759466531e-14
1.185614384e-09
4.968129398e-14
1.178275868e-09
1.170520272e-09
2.310891149e-15
4.56228009e-11
9.045834186e-15
1.334993335e-10
1.987415774e-14
2.164787518e-10
3.44307364e-14
2.947647647e-10
5.232360713e-14
3.685541651e-10
7.317897009e-14
4.380369666e-10
9.655551281e-14
5.033965968e-10
1.220419714e-13
5.648099585e-10
1.492220227e-13
6.224476834e-10
1.77730845e-13
6.764742267e-10
2.071316326e-13
7.270480927e-10
2.370847087e-13
7.743219067e-10
2.672094888e-13
8.184426715e-10
2.9713819e-13
8.595518811e-10
3.266320324e-13
8.977855785e-10
3.55312037e-13
9.332747621e-10
3.829793257e-13
9.661452538e-10
4.092822756e-13
9.965181402e-10
4.341040484e-13
1.024509589e-09
4.571415741e-13
1.050231366e-09
4.783022183e-13
1.073790631e-09
4.972986379e-13
1.095290498e-09
5.141127505e-13
1.114829653e-09
5.285344104e-13
1.132503068e-09
5.404923173e-13
1.148401576e-09
5.499370214e-13
1.162612528e-09
5.566896305e-13
1.175219554e-09
5.608345733e-13
1.186302745e-09
5.621923501e-13
1.195939047e-09
5.608699852e-13
1.204201949e-09
5.567610394e-13
1.211162155e-09
5.499077509e-13
1.216887047e-09
5.403934819e-13
1.221441348e-09
5.280700916e-13
1.224887029e-09
5.131305156e-13
1.227283198e-09
4.954498661e-13
1.228686734e-09
4.752018157e-13
1.229151724e-09
4.523895782e-13
1.22873022e-09
4.270339128e-13
1.227471727e-09
3.993090553e-13
1.225423681e-09
3.690798943e-13
1.22263159e-09
3.365927844e-13
1.219138626e-09
3.017501217e-13
1.214986377e-09
2.647597986e-13
1.210214287e-09
2.256005948e-13
1.204860321e-09
1.843740701e-13
1.198960438e-09
1.411559496e-13
1.192549236e-09
9.594695486e-14
1.185659593e-09
4.89148837e-14
1.1783229e-09
1.170569186e-09
2.279011564e-15
4.562052189e-11
8.92079575e-15
1.334926917e-10
1.960640644e-14
2.164680662e-10
3.397891601e-14
2.947503922e-10
5.164691208e-14
3.685364971e-10
7.221320579e-14
4.380164003e-10
9.526708615e-14
5.03373543e-10
1.204284456e-13
5.647847972e-10
1.472676495e-13
6.224208442e-10
1.75377929e-13
6.764461164e-10
2.044147043e-13
7.270190559e-10
2.339691515e-13
7.742923522e-10
2.636676884e-13
8.184129729e-10
2.932544454e-13
8.595222943e-10
3.223324956e-13
8.977565004e-10
3.506881632e-13
9.332464064e-10
3.779443893e-13
9.661179976e-10
4.03965328e-13
9.964921192e-10
4.284281259e-13
1.024485127e-09
4.512319393e-13
1.050208562e-09
4.720604502e-13
1.073769803e-09
4.908804858e-13
1.095271678e-09
5.074190564e-13
1.114813114e-09
5.216817037e-13
1.132488805e-09
5.334398981e-13
1.148389817e-09
5.427183724e-13
1.16260325e-09
5.49413183e-13
1.175212859e-09
5.534443802e-13
1.186298714e-09
5.548669973e-13
1.195937625e-09
5.534770052e-13
1.204203339e-09
5.494448525e-13
1.211166188e-09
5.42645163e-13
1.216893847e-09
5.33183088e-13
1.22145081e-09
5.210671961e-13
1.224899145e-09
5.062350332e-13
1.227298031e-09
4.888551919e-13
1.228704113e-09
4.687831268e-13
1.229171796e-09
4.462632948e-13
1.22875274e-09
4.212266886e-13
1.227496764e-09
3.937894998e-13
1.225451118e-09
3.640127195e-13
1.222661366e-09
3.31881038e-13
1.219170758e-09
2.976009811e-13
1.215020657e-09
2.610354467e-13
1.210250852e-09
2.224602796e-13
1.204898896e-09
1.817470061e-13
1.199001151e-09
1.391356679e-13
1.192591847e-09
9.455623347e-14
1.185704172e-09
4.817991563e-14
1.178369277e-09
1.170617366e-09
2.256823136e-15
4.561826506e-11
8.833280588e-15
1.334861153e-10
1.94065312e-14
2.164574929e-10
3.36211898e-14
2.947361775e-10
5.109669358e-14
3.685190216e-10
7.1437966e-14
4.37996059e-10
9.427197809e-14
5.033507089e-10
1.191589072e-13
5.647599103e-10
1.456966721e-13
6.223943064e-10
1.735474483e-13
6.764182656e-10
2.022661218e-13
7.269903373e-10
2.31480584e-13
7.742631378e-10
2.60918237e-13
8.183835353e-10
2.901645809e-13
8.59493048e-10
3.18993303e-13
8.977276717e-10
3.470041305e-13
9.332183956e-10
3.740093018e-13
9.660909924e-10
3.997276371e-13
9.964664009e-10
4.239746944e-13
1.02446088e-09
4.464848452e-13
1.050186052e-09
4.671467061e-13
1.073749141e-09
4.857085957e-13
1.095253116e-09
5.021438107e-13
1.114796679e-09
5.161832626e-13
1.132474766e-09
5.278753325e-13
1.148378125e-09
5.369806862e-13
1.162594144e-09
5.435973697e-13
1.175206242e-09
5.475733823e-13
1.186294738e-09
5.488902302e-13
1.195936308e-09
5.47572984e-13
1.204204656e-09
5.434987488e-13
1.211170262e-09
5.368225596e-13
1.216900523e-09
5.273712975e-13
1.221460261e-09
5.153397995e-13
1.224911177e-09
5.006532964e-13
1.227312717e-09
4.833580373e-13
1.228721409e-09
4.635724156e-13
1.229191582e-09
4.412014035e-13
1.228775111e-09
4.164753293e-13
1.22752149e-09
3.892501516e-13
1.225478343e-09
3.597688332e-13
1.222690848e-09
3.279815088e-13
1.219202545e-09
2.939990461e-13
1.215054639e-09
2.578985333e-13
1.210286953e-09
2.196865071e-13
1.204937108e-09
1.795313753e-13
1.199041306e-09
1.373467655e-13
1.192634032e-09
9.338704363e-14
1.185748132e-09
4.751526134e-14
1.178415149e-09
1.170664882e-09
2.238244206e-15
4.561602682e-11
8.761953196e-15
1.334795916e-10
1.924867341e-14
2.164470062e-10
3.335052036e-14
2.947220757e-10
5.070626268e-14
3.685016659e-10
7.09032672e-14
4.37975862e-10
9.354450287e-14
5.033280677e-10
1.182212744e-13
5.647352335e-10
1.445924623e-13
6.223679352e-10
1.722048919e-13
6.763906532e-10
2.006758008e-13
7.269618663e-10
2.297179057e-13
7.742340956e-10
2.589023535e-13
8.183543508e-10
2.879609533e-13
8.594639894e-10
3.165274982e-13
8.976991051e-10
3.443209673e-13
9.331906021e-10
3.711272152e-13
9.660641862e-10
3.966389391e-13
9.964408892e-10
4.206947379e-13
1.024436824e-09
4.430145858e-13
1.050163732e-09
4.634895142e-13
1.073728666e-09
4.819130985e-13
1.095234693e-09
4.981525055e-13
1.11478044e-09
5.121251709e-13
1.132460793e-09
5.236432888e-13
1.148366607e-09
5.327542693e-13
1.162585033e-09
5.392365153e-13
1.17519976e-09
5.431906806e-13
1.186290784e-09
5.444191009e-13
1.195935079e-09
5.430463757e-13
1.204206029e-09
5.390154823e-13
1.211174293e-09
5.322907083e-13
1.216907248e-09
5.229928087e-13
1.221469559e-09
5.109457485e-13
1.224923224e-09
4.963708829e-13
1.227327292e-09
4.791445375e-13
1.228738635e-09
4.594427065e-13
1.229211283e-09
4.372723604e-13
1.228797281e-09
4.126499926e-13
1.227546112e-09
3.857282726e-13
1.225505265e-09
3.564043138e-13
1.222720172e-09
3.249319558e-13
1.219234018e-09
2.911698873e-13
1.215088401e-09
2.553936702e-13
1.210322729e-09
2.175156385e-13
1.204974986e-09
1.776982457e-13
1.199081124e-09
1.359554102e-13
1.192675774e-09
9.238239126e-14
1.185791705e-09
4.70537742e-14
1.178460477e-09
1.170711935e-09
2.22907347e-15
4.561379775e-11
8.724878455e-15
1.334730958e-10
1.916757574e-14
2.164365635e-10
3.320553976e-14
2.947080377e-10
5.046446777e-14
3.68484407e-10
7.055244991e-14
4.379557741e-10
9.308402051e-14
5.033055361e-10
1.176740551e-13
5.647106435e-10
1.438930775e-13
6.223417162e-10
1.713445484e-13
6.763632017e-10
1.997277158e-13
7.269334832e-10
2.286009915e-13
7.742052224e-10
2.576621849e-13
8.183252896e-10
2.865629718e-13
8.594350886e-10
3.149467545e-13
8.976707214e-10
3.426459251e-13
9.331629029e-10
3.692802908e-13
9.660375518e-10
3.947124583e-13
9.96415457e-10
4.185858342e-13
1.02441295e-09
4.408366069e-13
1.050141481e-09
4.611410873e-13
1.073708362e-09
4.794804e-13
1.095216353e-09
4.955779682e-13
1.114764342e-09
5.094371928e-13
1.132446934e-09
5.208839359e-13
1.148355161e-09
5.298657997e-13
1.162576052e-09
5.363561418e-13
1.175193269e-09
5.401761322e-13
1.186286964e-09
5.414489032e-13
1.195933807e-09
5.399792648e-13
1.204207498e-09
5.359412877e-13
1.211178331e-09
5.292013723e-13
1.216913988e-09
5.198380866e-13
1.221478922e-09
5.078774431e-13
1.224935184e-09
4.932593242e-13
1.22734191e-09
4.761758574e-13
1.228755718e-09
4.56473773e-13
1.229230986e-09
4.344094481e-13
1.228819346e-09
4.098723713e-13
1.22757065e-09
3.830247488e-13
1.225532112e-09
3.53894783e-13
1.222749302e-09
3.225182263e-13
1.219265394e-09
2.890488656e-13
1.215121871e-09
2.534214719e-13
1.210358356e-09
2.158762605e-13
1.205012531e-09
1.762654987e-13
1.199120734e-09
1.348859432e-13
1.192717154e-09
9.15987028e-14
1.185834992e-09
4.667515535e-14
1.178505401e-09
1.170758611e-09
2.223944597e-15
4.56115738e-11
8.705392829e-15
1.334666143e-10
1.912546001e-14
2.164261434e-10
3.313175555e-14
2.946940314e-10
5.034981364e-14
3.684671889e-10
7.042457884e-14
4.379356993e-10
9.292056748e-14
5.032830401e-10
1.174404464e-13
5.646861236e-10
1.435937962e-13
6.223155629e-10
1.710353012e-13
6.763357602e-10
1.993305868e-13
7.269051879e-10
2.281500031e-13
7.74176403e-10
2.571460957e-13
8.182962935e-10
2.859331283e-13
8.594063015e-10
3.143166407e-13
8.976423379e-10
3.419005073e-13
9.331353191e-10
3.6853184e-13
9.660109205e-10
3.938250894e-13
9.963901638e-10
4.176995537e-13
1.024389076e-09
4.398087495e-13
1.050119372e-09
4.601191496e-13
1.073688051e-09
4.783129761e-13
1.095198159e-09
4.944138576e-13
1.114748241e-09
5.081347997e-13
1.132433213e-09
5.195523135e-13
1.148343743e-09
5.284338623e-13
1.16256717e-09
5.348263664e-13
1.175186877e-09
5.386097968e-13
1.186283181e-09
5.397652021e-13
1.195932651e-09
5.383447265e-13
1.204208919e-09
5.341926831e-13
1.211182483e-09
5.274810949e-13
1.2169207e-09
5.180198935e-13
1.221488383e-09
5.060224399e-13
1.224947182e-09
4.914033288e-13
1.227356529e-09
4.742498239e-13
1.228772872e-09
4.546453236e-13
1.22925059e-09
4.325282792e-13
1.228841463e-09
4.081116038e-13
1.227595066e-09
3.812464764e-13
1.225558977e-09
3.52212719e-13
1.222778335e-09
3.208983152e-13
1.219296709e-09
2.875152708e-13
1.215155254e-09
2.520410132e-13
1.210393831e-09
2.145814305e-13
1.205049991e-09
1.752143225e-13
1.199160101e-09
1.339799184e-13
1.192758388e-09
9.101419076e-14
1.185877958e-09
4.629497615e-14
1.17855012e-09
1.170804905e-09
2.224340643e-15
8.708555968e-15
1.913851877e-14
3.317165826e-14
5.041905313e-14
7.049241183e-14
9.298975438e-14
1.175374561e-13
1.437389754e-13
1.711734226e-13
1.994922682e-13
2.283357926e-13
2.572987562e-13
2.861630408e-13
3.145140058e-13
3.421447945e-13
3.687207277e-13
3.940311179e-13
4.178423965e-13
4.399585541e-13
4.601841867e-13
4.783918607e-13
4.943879497e-13
5.081485353e-13
5.194527336e-13
5.283663643e-13
5.346231634e-13
5.383783266e-13
5.394450131e-13
5.379219006e-13
5.337454154e-13
5.268924698e-13
5.174696916e-13
5.053309868e-13
4.907100701e-13
4.734558889e-13
4.537924576e-13
1.229270253e-09
4.316528206e-13
1.228863602e-09
4.071387409e-13
1.22761958e-09
3.803359944e-13
1.22558578e-09
3.512257061e-13
1.222807446e-09
3.200188003e-13
1.219327915e-09
2.865977976e-13
1.215188675e-09
2.51237797e-13
1.210429191e-09
2.137876196e-13
1.205087441e-09
1.745527311e-13
1.199199336e-09
1.334192034e-13
1.192799522e-09
9.061587629e-14
1.185920761e-09
4.608077839e-14
1.178594655e-09
1.170850986e-09
4.538332372e-13
4.31662199e-13
4.070060031e-13
3.801303451e-13
3.509548486e-13
3.196483797e-13
2.86234462e-13
2.507825237e-13
2.13415167e-13
1.74138258e-13
1.331324532e-13
9.034255072e-14
4.599340644e-14
)
;

boundaryField
{
    front_top
    {
        type            wedge;
        value           nonuniform List<scalar> 
1166
(
-4.28753998e-25
9.413651227e-26
3.30374183e-25
-5.175033392e-25
-5.205296607e-25
-2.001682456e-25
-2.064463776e-25
-2.601404109e-25
-1.626418106e-25
-4.069577147e-25
-4.590422389e-25
1.292465069e-25
9.670603105e-26
-3.069123708e-25
1.242518334e-25
-8.776780005e-26
-7.663276428e-25
-8.826048816e-26
-1.413068407e-25
-2.810677729e-25
1.065052189e-25
-2.79739353e-25
7.979107768e-26
6.449870266e-25
-1.548891423e-24
-1.348633458e-24
-1.330364507e-24
-1.646015281e-24
-1.57243139e-24
-1.367562775e-24
-1.37356173e-24
-1.498232151e-24
-1.187066916e-24
-1.13338226e-24
-1.270837419e-24
-1.102042723e-24
-1.193155425e-24
-1.5692731e-24
-1.075035662e-24
-8.285042557e-25
-1.153622983e-24
-8.104413547e-25
-1.005574254e-24
-1.432760468e-24
-1.164875242e-24
-5.516941764e-25
-3.997825054e-25
-6.07557972e-25
4.114558788e-24
3.710232198e-24
3.605673883e-24
3.638253697e-24
3.552578306e-24
3.361674908e-24
2.965860635e-24
3.358879872e-24
3.480887023e-24
3.068183301e-24
2.852361688e-24
2.604062939e-24
2.48884308e-24
2.577720951e-24
2.626487005e-24
2.825362968e-24
3.030537938e-24
2.626306285e-24
2.313269327e-24
2.531801623e-24
2.88579622e-24
2.838010295e-24
2.51636995e-24
-3.44014936e-24
-3.866487207e-24
-3.493915135e-24
-3.127021792e-24
-3.10200515e-24
-3.112616031e-24
-3.15617153e-24
-2.679394764e-24
-2.630643823e-24
-2.684146071e-24
-2.91043363e-24
-3.116641126e-24
-2.857221221e-24
-2.820475662e-24
-2.378894507e-24
-2.045004417e-24
-2.083676337e-24
-2.269553388e-24
-2.541767434e-24
-2.227707443e-24
-1.861182245e-24
-2.041110541e-24
-2.202250634e-24
4.857885803e-24
4.358015483e-24
4.717772168e-24
4.736242655e-24
4.425292483e-24
4.178068447e-24
3.980956122e-24
4.045510951e-24
3.935263085e-24
3.881832967e-24
3.60362257e-24
3.073168987e-24
2.916757559e-24
3.179051767e-24
3.517646246e-24
3.518798929e-24
3.428868017e-24
3.267903565e-24
3.089933693e-24
3.199832965e-24
3.361434494e-24
3.265635615e-24
3.144651872e-24
1.509706287e-24
1.345781174e-24
1.532607174e-24
1.567457088e-24
1.418319802e-24
1.24740517e-24
1.150031002e-24
1.196404918e-24
1.152779995e-24
1.143401138e-24
1.032005793e-24
7.553508776e-25
6.691348407e-25
8.655367771e-25
1.104067602e-24
1.164439348e-24
1.143629059e-24
1.080188338e-24
9.772805354e-25
1.02046423e-24
1.136608991e-24
1.06836485e-24
9.194090429e-25
-3.872328326e-24
-3.713944133e-24
-3.53865312e-24
-3.405762477e-24
-3.370428025e-24
-3.425140899e-24
-3.387539342e-24
-3.257525983e-24
-3.20591718e-24
-3.099950615e-24
-3.010720698e-24
-3.096402274e-24
-3.099825675e-24
-2.877716706e-24
-2.637044823e-24
-2.512656538e-24
-2.453689391e-24
-2.413556364e-24
-2.477509044e-24
-2.46099181e-24
-2.314208262e-24
-2.378437702e-24
-2.610643724e-24
-3.459305505e-23
-3.349441901e-23
-3.242522762e-23
-3.146948206e-23
-3.056574004e-23
-2.987126155e-23
-2.907492575e-23
-2.823026159e-23
-2.75303219e-23
-2.676086832e-23
-2.595846085e-23
-2.544398539e-23
-2.495666208e-23
-2.426941977e-23
-2.363725568e-23
-2.314512772e-23
-2.275060657e-23
-2.23759958e-23
-2.22613679e-23
-2.215164618e-23
-2.182137189e-23
-2.1852412e-23
-2.207816568e-23
4.995363668e-23
4.857202866e-23
4.719357801e-23
4.573844872e-23
4.429074515e-23
4.295139253e-23
4.165264081e-23
4.038625471e-23
3.911667466e-23
3.810618934e-23
3.736948071e-23
3.631313981e-23
3.528609731e-23
3.469034654e-23
3.412589658e-23
3.356497823e-23
3.30645945e-23
3.265845415e-23
3.225473312e-23
3.198675474e-23
3.194325871e-23
3.191570736e-23
3.182656459e-23
-1.069229768e-24
-8.367083825e-25
-7.184055228e-25
-7.87745471e-25
-8.203041723e-25
-7.97295605e-25
-8.293367164e-25
-9.844468986e-25
-1.104302801e-24
-1.026891393e-24
-8.765287475e-25
-9.324603159e-25
-9.854741032e-25
-8.139527789e-25
-6.763485023e-25
-6.321799413e-25
-6.052410422e-25
-5.81226678e-25
-5.974523215e-25
-5.900024663e-25
-5.233874593e-25
-5.03045056e-25
-5.315658465e-25
-3.156331621e-23
-3.046744592e-23
-2.944639562e-23
-2.863232067e-23
-2.781191883e-23
-2.694725795e-23
-2.620184206e-23
-2.575131539e-23
-2.521863389e-23
-2.446661455e-23
-2.377802615e-23
-2.324315563e-23
-2.272300161e-23
-2.205918282e-23
-2.149489109e-23
-2.110676685e-23
-2.07689843e-23
-2.048561916e-23
-2.02711342e-23
-2.010192851e-23
-1.996468808e-23
-1.992148547e-23
-1.997945142e-23
1.832774224e-23
1.792530208e-23
1.75345438e-23
1.695655173e-23
1.645605106e-23
1.601630096e-23
1.550773724e-23
1.48559519e-23
1.428409593e-23
1.389244705e-23
1.354477749e-23
1.316161898e-23
1.285784745e-23
1.279615618e-23
1.268247016e-23
1.241476598e-23
1.221821496e-23
1.206252808e-23
1.194534888e-23
1.186549252e-23
1.183121472e-23
1.179367445e-23
1.173413959e-23
-7.214624598e-24
-6.967449597e-24
-6.571387852e-24
-6.318360967e-24
-6.179497418e-24
-5.952260736e-24
-5.824180483e-24
-5.839551027e-24
-5.849730164e-24
-5.757448466e-24
-5.626424538e-24
-5.550725043e-24
-5.329627605e-24
-5.00181432e-24
-4.826100326e-24
-4.756243106e-24
-4.68583142e-24
-4.619066668e-24
-4.54485526e-24
-4.500290526e-24
-4.457943514e-24
-4.470514979e-24
-4.51664473e-24
-4.924114384e-23
-4.778187252e-23
-4.616332823e-23
-4.469831575e-23
-4.343116447e-23
-4.215625468e-23
-4.0976406e-23
-3.992278377e-23
-3.894962966e-23
-3.801070585e-23
-3.712976501e-23
-3.625165261e-23
-3.530024476e-23
-3.436976035e-23
-3.360214332e-23
-3.300813301e-23
-3.249667846e-23
-3.206428338e-23
-3.167713914e-23
-3.143491385e-23
-3.125866028e-23
-3.122077714e-23
-3.128827834e-23
1.310876572e-23
1.273661689e-23
1.253976976e-23
1.225023719e-23
1.187671916e-23
1.151697466e-23
1.11730527e-23
1.082215587e-23
1.037292342e-23
9.956772079e-24
9.646741914e-24
9.389068608e-24
9.239649247e-24
9.184202368e-24
9.096002558e-24
8.923074032e-24
8.776803728e-24
8.657804783e-24
8.587218616e-24
8.556534144e-24
8.540272264e-24
8.482361363e-24
8.474876866e-24
9.605253371e-23
9.324773354e-23
9.06742769e-23
8.80561427e-23
8.547929496e-23
8.29571101e-23
8.05835095e-23
7.829531225e-23
7.600767237e-23
7.385599542e-23
7.189622098e-23
7.011384206e-23
6.852135518e-23
6.717774931e-23
6.595690157e-23
6.475243484e-23
6.373419765e-23
6.288259707e-23
6.22197666e-23
6.181103384e-23
6.153874487e-23
6.134013093e-23
6.138701148e-23
9.085496068e-24
8.778170598e-24
8.709992155e-24
8.526720933e-24
8.257941767e-24
8.000799333e-24
7.802833122e-24
7.591535135e-24
7.251692733e-24
6.94148372e-24
6.698586154e-24
6.518805191e-24
6.418515762e-24
6.372409957e-24
6.330807843e-24
6.210363282e-24
6.107555911e-24
5.997652064e-24
5.960065574e-24
5.995943795e-24
5.969272143e-24
5.927456771e-24
5.947518048e-24
-1.531115875e-23
-1.493470309e-23
-1.430819809e-23
-1.380723559e-23
-1.345597876e-23
-1.30682632e-23
-1.263065783e-23
-1.227579114e-23
-1.203757742e-23
-1.178453766e-23
-1.159532794e-23
-1.132989432e-23
-1.099409741e-23
-1.070460989e-23
-1.042545919e-23
-1.023657391e-23
-1.008109917e-23
-9.965432695e-24
-9.847548153e-24
-9.707249849e-24
-9.651935844e-24
-9.639611487e-24
-9.621422829e-24
-1.560221013e-22
-1.514516271e-22
-1.468333788e-22
-1.424556375e-22
-1.383438708e-22
-1.343149438e-22
-1.303646166e-22
-1.267077821e-22
-1.233111183e-22
-1.200862353e-22
-1.170939911e-22
-1.142522293e-22
-1.115896025e-22
-1.091229139e-22
-1.069150251e-22
-1.050046691e-22
-1.033805276e-22
-1.020494893e-22
-1.009628412e-22
-1.001082696e-22
-9.957948153e-23
-9.937274701e-23
-9.939989673e-23
8.233450348e-23
7.986155334e-23
7.760349222e-23
7.53262133e-23
7.301861561e-23
7.097076481e-23
6.906664337e-23
6.705955142e-23
6.51948131e-23
6.342434629e-23
6.169276815e-23
6.018634158e-23
5.882222676e-23
5.759023387e-23
5.648290564e-23
5.55125093e-23
5.463823009e-23
5.390588424e-23
5.33538916e-23
5.296395431e-23
5.273082609e-23
5.258475034e-23
5.258908986e-23
-2.453723813e-23
-2.386639911e-23
-2.305832241e-23
-2.239285987e-23
-2.183422918e-23
-2.112060154e-23
-2.040874138e-23
-1.98873202e-23
-1.938375465e-23
-1.888074981e-23
-1.846181749e-23
-1.802801587e-23
-1.759130598e-23
-1.718900447e-23
-1.683730852e-23
-1.652726586e-23
-1.6261825e-23
-1.604798722e-23
-1.587620665e-23
-1.57326893e-23
-1.561804049e-23
-1.558711459e-23
-1.563074501e-23
-3.477940866e-23
-3.380286373e-23
-3.274522632e-23
-3.179253344e-23
-3.092019021e-23
-2.998230664e-23
-2.904628699e-23
-2.825808746e-23
-2.750919362e-23
-2.67835764e-23
-2.616370113e-23
-2.553365115e-23
-2.492778228e-23
-2.439989642e-23
-2.38984958e-23
-2.345064862e-23
-2.308391194e-23
-2.276524552e-23
-2.253356481e-23
-2.235008918e-23
-2.219487848e-23
-2.215272072e-23
-2.218489358e-23
1.492444958e-23
1.442428093e-23
1.402613224e-23
1.360052686e-23
1.316546239e-23
1.279342929e-23
1.249343608e-23
1.215385311e-23
1.178164902e-23
1.146173012e-23
1.113414561e-23
1.085157522e-23
1.061468499e-23
1.035745805e-23
1.0181257e-23
1.003883598e-23
9.881018183e-24
9.771849044e-24
9.663857132e-24
9.593622958e-24
9.581110378e-24
9.536151457e-24
9.499719484e-24
2.318868326e-23
2.246117977e-23
2.180720878e-23
2.115179203e-23
2.051119052e-23
1.992348123e-23
1.938993474e-23
1.885998273e-23
1.830884096e-23
1.782634593e-23
1.736541528e-23
1.691988498e-23
1.654229047e-23
1.614788382e-23
1.584949876e-23
1.560921741e-23
1.536815275e-23
1.517857498e-23
1.50303469e-23
1.493166249e-23
1.486572301e-23
1.481165287e-23
1.479101862e-23
-5.402654879e-23
-5.245471632e-23
-5.090442034e-23
-4.941846124e-23
-4.798255273e-23
-4.65922484e-23
-4.525103866e-23
-4.396890867e-23
-4.278860896e-23
-4.166127525e-23
-4.060274459e-23
-3.963387548e-23
-3.872387125e-23
-3.792840287e-23
-3.717360753e-23
-3.649886573e-23
-3.591972526e-23
-3.542876704e-23
-3.504292905e-23
-3.474041332e-23
-3.454394809e-23
-3.446294119e-23
-3.446556842e-23
6.985884075e-23
6.777271094e-23
6.57574783e-23
6.380287993e-23
6.193888843e-23
6.013881489e-23
5.842509768e-23
5.682074202e-23
5.525493323e-23
5.378939827e-23
5.244292495e-23
5.114333413e-23
4.995596874e-23
4.887677286e-23
4.792666045e-23
4.708082128e-23
4.637545481e-23
4.579827923e-23
4.53196191e-23
4.497804984e-23
4.474064503e-23
4.460476142e-23
4.458275915e-23
1.101118131e-22
1.068436367e-22
1.036659292e-22
1.005900531e-22
9.766619627e-23
9.482188947e-23
9.21119771e-23
8.958505387e-23
8.712184431e-23
8.481781217e-23
8.270349323e-23
8.066751305e-23
7.880108027e-23
7.711102945e-23
7.560526236e-23
7.426447142e-23
7.313584586e-23
7.220590717e-23
7.145031828e-23
7.090139006e-23
7.053097732e-23
7.029990146e-23
7.024768599e-23
-3.934420751e-23
-3.817395754e-23
-3.70710649e-23
-3.60151441e-23
-3.494683346e-23
-3.395832789e-23
-3.299543628e-23
-3.202975776e-23
-3.119156551e-23
-3.038653543e-23
-2.956373665e-23
-2.888108286e-23
-2.824736075e-23
-2.764972121e-23
-2.711771953e-23
-2.66490415e-23
-2.620507455e-23
-2.583213611e-23
-2.554151639e-23
-2.529774372e-23
-2.51330197e-23
-2.509067646e-23
-2.510577977e-23
-6.390943571e-23
-6.201085118e-23
-6.019560212e-23
-5.846181774e-23
-5.674768306e-23
-5.513340857e-23
-5.356691326e-23
-5.202672282e-23
-5.063959066e-23
-4.932593971e-23
-4.804049789e-23
-4.690707076e-23
-4.585898781e-23
-4.488122537e-23
-4.401262925e-23
-4.326038633e-23
-4.254754965e-23
-4.194908714e-23
-4.150165209e-23
-4.11272821e-23
-4.086097149e-23
-4.076591397e-23
-4.076745837e-23
-2.865673373e-23
-2.782929483e-23
-2.701539849e-23
-2.623078004e-23
-2.547745531e-23
-2.47615039e-23
-2.405670866e-23
-2.334676094e-23
-2.27361059e-23
-2.215457992e-23
-2.156531615e-23
-2.107153469e-23
-2.060122149e-23
-2.016328126e-23
-1.979019428e-23
-1.946407558e-23
-1.911436233e-23
-1.882152113e-23
-1.863676836e-23
-1.844797772e-23
-1.830005815e-23
-1.826580103e-23
-1.827556418e-23
-6.893465522e-23
-6.692469529e-23
-6.496163518e-23
-6.305593079e-23
-6.123320315e-23
-5.948708119e-23
-5.779929546e-23
-5.616329097e-23
-5.465667425e-23
-5.323717372e-23
-5.186372167e-23
-5.063403702e-23
-4.948775617e-23
-4.844523684e-23
-4.752224416e-23
-4.669298228e-23
-4.592962501e-23
-4.528268844e-23
-4.481394995e-23
-4.441105486e-23
-4.410695317e-23
-4.397232946e-23
-4.39542355e-23
1.076754043e-23
1.041317301e-23
1.00940596e-23
9.794741708e-24
9.502791019e-24
9.222137028e-24
8.954341067e-24
8.730507895e-24
8.484970922e-24
8.244150186e-24
8.070228499e-24
7.853896342e-24
7.663975908e-24
7.492571176e-24
7.327347374e-24
7.192217492e-24
7.109576727e-24
7.059506576e-24
6.957900946e-24
6.919904962e-24
6.918857969e-24
6.893032929e-24
6.87745244e-24
1.187418863e-22
1.151803383e-22
1.117932594e-22
1.085208227e-22
1.053530186e-22
1.023199291e-22
9.94161973e-23
9.669153837e-23
9.406565919e-23
9.157717972e-23
8.93077537e-23
8.714240924e-23
8.513946561e-23
8.332904669e-23
8.169214389e-23
8.024090149e-23
7.902244578e-23
7.80069365e-23
7.713500928e-23
7.649484521e-23
7.606315249e-23
7.579635408e-23
7.569856036e-23
3.511143073e-23
3.402167237e-23
3.302879628e-23
3.206562169e-23
3.111883764e-23
3.022116071e-23
2.936155977e-23
2.857883931e-23
2.778419544e-23
2.702847135e-23
2.639086437e-23
2.57489701e-23
2.51484067e-23
2.460570226e-23
2.411325685e-23
2.367955466e-23
2.334517967e-23
2.307009485e-23
2.279893149e-23
2.261344325e-23
2.249616393e-23
2.241878154e-23
2.238809383e-23
-7.478223469e-23
-7.262398151e-23
-7.048101133e-23
-6.842109458e-23
-6.644622721e-23
-6.454450487e-23
-6.272828823e-23
-6.096943516e-23
-5.934804203e-23
-5.783368833e-23
-5.634188534e-23
-5.498015187e-23
-5.375226152e-23
-5.262202231e-23
-5.160012655e-23
-5.06972935e-23
-4.987483838e-23
-4.917081023e-23
-4.863727617e-23
-4.821041654e-23
-4.78912873e-23
-4.769856651e-23
-4.762190866e-23
7.586310361e-23
7.358250369e-23
7.142309639e-23
6.93185378e-23
6.731079854e-23
6.538540383e-23
6.353861343e-23
6.181163829e-23
6.013164296e-23
5.852360745e-23
5.707380959e-23
5.572872746e-23
5.445702014e-23
5.328677844e-23
5.224565299e-23
5.131860231e-23
5.05373556e-23
4.988177213e-23
4.931541784e-23
4.888487367e-23
4.858785041e-23
4.840086737e-23
4.832122077e-23
2.874681514e-23
2.785983642e-23
2.703319675e-23
2.621784588e-23
2.547217332e-23
2.474819833e-23
2.404490838e-23
2.340503745e-23
2.276967185e-23
2.213441579e-23
2.15834759e-23
2.110274552e-23
2.061871794e-23
2.016291384e-23
1.977420818e-23
1.942535368e-23
1.913395539e-23
1.889544792e-23
1.867881016e-23
1.851200617e-23
1.840479013e-23
1.833714402e-23
1.830660202e-23
1.830758341e-23
-1.067899918e-22
-1.036863292e-22
-1.006712043e-22
-9.775797769e-23
-9.491872894e-23
-9.22084344e-23
-8.962730687e-23
-8.714014621e-23
-8.479703044e-23
-8.263524063e-23
-8.057893583e-23
-7.861662871e-23
-7.68341101e-23
-7.522288207e-23
-7.375617396e-23
-7.244288637e-23
-7.128541627e-23
-7.029761293e-23
-6.949939189e-23
-6.887524371e-23
-6.840516161e-23
-6.80987603e-23
-6.794779165e-23
-6.794867418e-23
3.117674434e-23
3.021341189e-23
2.929302363e-23
2.842488007e-23
2.761817436e-23
2.683179236e-23
2.608110665e-23
2.538270604e-23
2.470471532e-23
2.403327057e-23
2.341936745e-23
2.288572038e-23
2.237256456e-23
2.188787501e-23
2.145316765e-23
2.108146925e-23
2.076058964e-23
2.048585901e-23
2.025885446e-23
2.006901622e-23
1.993977323e-23
1.986154825e-23
1.982114479e-23
1.980018137e-23
-3.140508277e-23
-3.053786548e-23
-2.967734002e-23
-2.882453921e-23
-2.7987071e-23
-2.719365362e-23
-2.642455203e-23
-2.568774485e-23
-2.500921064e-23
-2.437515944e-23
-2.377685081e-23
-2.319862761e-23
-2.266881342e-23
-2.219329309e-23
-2.176523615e-23
-2.137665345e-23
-2.102368472e-23
-2.071923161e-23
-2.04692431e-23
-2.028514243e-23
-2.014028867e-23
-2.003360101e-23
-1.997345814e-23
-1.997508878e-23
-2.045133301e-23
-1.990662203e-23
-1.935907443e-23
-1.880312608e-23
-1.825947568e-23
-1.774822318e-23
-1.723715608e-23
-1.675326165e-23
-1.632329361e-23
-1.590602901e-23
-1.551229882e-23
-1.513873801e-23
-1.479522735e-23
-1.448163481e-23
-1.420467295e-23
-1.395852913e-23
-1.372038667e-23
-1.3511208e-23
-1.333941436e-23
-1.322151568e-23
-1.312885933e-23
-1.305034149e-23
-1.300815492e-23
-1.300615523e-23
-3.515404993e-24
-3.470022416e-24
-3.403652051e-24
-3.306092847e-24
-3.21147171e-24
-3.124800378e-24
-3.022839632e-24
-2.934003612e-24
-2.875256976e-24
-2.797130462e-24
-2.722622984e-24
-2.661753583e-24
-2.603577239e-24
-2.542595649e-24
-2.501092631e-24
-2.473212106e-24
-2.414044814e-24
-2.357555971e-24
-2.317269262e-24
-2.299031664e-24
-2.285219256e-24
-2.261492983e-24
-2.250922529e-24
-2.25464353e-24
-9.758112644e-24
-9.535166353e-24
-9.294196253e-24
-9.020412567e-24
-8.766068341e-24
-8.521979811e-24
-8.269625898e-24
-8.041921227e-24
-7.852205922e-24
-7.637707519e-24
-7.434649322e-24
-7.269228687e-24
-7.110955105e-24
-6.948275886e-24
-6.821609596e-24
-6.726705394e-24
-6.595380801e-24
-6.474430637e-24
-6.38604916e-24
-6.324031395e-24
-6.281573933e-24
-6.237243318e-24
-6.215301943e-24
-6.210432167e-24
3.719665588e-25
2.953458894e-25
2.509758964e-25
2.533509015e-25
2.389101247e-25
2.284404747e-25
2.348939065e-25
2.287615316e-25
2.041820005e-25
2.150042877e-25
2.239272126e-25
2.029927275e-25
1.878568483e-25
2.03012652e-25
1.852410646e-25
1.489768943e-25
1.746984966e-25
2.037323823e-25
2.088159398e-25
2.047631946e-25
2.004026755e-25
2.101877184e-25
2.094326896e-25
2.065231424e-25
3.036061239e-23
2.941178534e-23
2.852360375e-23
2.771087973e-23
2.691438186e-23
2.615170016e-23
2.543792445e-23
2.474875012e-23
2.40791524e-23
2.347867994e-23
2.291357035e-23
2.235021532e-23
2.183307992e-23
2.138779911e-23
2.095174069e-23
2.054377282e-23
2.023357468e-23
1.997371655e-23
1.973916575e-23
1.954095737e-23
1.938073899e-23
1.927831337e-23
1.920447464e-23
1.916366657e-23
9.296913831e-25
8.441453317e-25
7.769635383e-25
7.637973458e-25
7.347815157e-25
7.078655161e-25
6.991878225e-25
6.781158867e-25
6.478423983e-25
6.561996767e-25
6.611633407e-25
6.168358135e-25
5.888948559e-25
5.938394157e-25
5.682670168e-25
5.339612725e-25
5.437394466e-25
5.604257316e-25
5.726750409e-25
5.689783239e-25
5.538295553e-25
5.613344686e-25
5.598478185e-25
5.550450638e-25
-1.637841748e-24
-1.652357986e-24
-1.647654793e-24
-1.588028096e-24
-1.551301042e-24
-1.512785893e-24
-1.462829022e-24
-1.426852044e-24
-1.396869815e-24
-1.338010296e-24
-1.277599216e-24
-1.278051889e-24
-1.269975392e-24
-1.224529155e-24
-1.211516854e-24
-1.212370734e-24
-1.178052794e-24
-1.13886389e-24
-1.09835112e-24
-1.082961323e-24
-1.090907209e-24
-1.072445296e-24
-1.064078252e-24
-1.066525752e-24
7.564381209e-24
7.282147319e-24
7.028461717e-24
6.842533526e-24
6.639466734e-24
6.449534708e-24
6.276036552e-24
6.102877837e-24
5.938693136e-24
5.807073357e-24
5.698385141e-24
5.528505833e-24
5.374835721e-24
5.281289434e-24
5.166491815e-24
5.048055241e-24
4.974732558e-24
4.920726545e-24
4.889650138e-24
4.843504816e-24
4.775282913e-24
4.754082294e-24
4.73860608e-24
4.720658234e-24
-1.084775437e-23
-1.05874373e-23
-1.032747821e-23
-1.001889473e-23
-9.744243564e-24
-9.476206704e-24
-9.206897825e-24
-8.965506627e-24
-8.73019745e-24
-8.482012704e-24
-8.231653703e-24
-8.072935024e-24
-7.922617084e-24
-7.727053436e-24
-7.578426765e-24
-7.463654241e-24
-7.327778399e-24
-7.195236583e-24
-7.063143488e-24
-6.9739881e-24
-6.937286425e-24
-6.875747692e-24
-6.830651219e-24
-6.808092777e-24
2.080862402e-24
1.961660762e-24
1.858696119e-24
1.817559229e-24
1.759995595e-24
1.707361123e-24
1.662953196e-24
1.609452562e-24
1.570501606e-24
1.55399675e-24
1.551043545e-24
1.472418871e-24
1.40579838e-24
1.403281158e-24
1.362491422e-24
1.309541493e-24
1.298603671e-24
1.295317338e-24
1.313097495e-24
1.309367364e-24
1.26912405e-24
1.264825707e-24
1.262986755e-24
1.256906483e-24
)
;
    }
    front_middle
    {
        type            wedge;
        value           nonuniform 0();
    }
    front_bottom
    {
        type            wedge;
        value           nonuniform 0();
    }
    back_top
    {
        type            wedge;
        value           nonuniform List<scalar> 
1166
(
1.664848533e-25
-3.484036549e-25
-5.770954022e-25
2.783967778e-25
2.886102786e-25
-2.488501377e-26
-1.194707503e-26
4.803823194e-26
-4.340724837e-26
2.065956068e-25
2.640622063e-25
-3.191547509e-25
-2.819169565e-25
1.260465253e-25
-3.01229164e-25
-8.562140478e-26
5.96040012e-25
-7.933047052e-26
-2.39859523e-26
1.173923176e-25
-2.688703281e-25
1.180550745e-25
-2.411220993e-25
-8.063810361e-25
-1.322635972e-24
-1.435444352e-24
-1.370575742e-24
-9.72251354e-25
-9.670798994e-25
-1.096967396e-24
-1.018141247e-24
-8.245628222e-25
-1.069539259e-24
-1.060939115e-24
-8.645194353e-25
-9.777782415e-25
-8.352394024e-25
-4.115593704e-25
-8.630763976e-25
-1.070356734e-24
-7.112938376e-25
-1.024815943e-24
-8.048777275e-25
-3.593616806e-25
-6.128982193e-25
-1.218347101e-24
-1.366322857e-24
-1.159571766e-24
4.217959725e-24
4.371498537e-24
4.23022976e-24
3.961501105e-24
3.822691411e-24
3.795408151e-24
3.984564358e-24
3.393239802e-24
3.084462096e-24
3.320179239e-24
3.36941627e-24
3.463530397e-24
3.436163844e-24
3.218798768e-24
3.052289496e-24
2.751655289e-24
2.457267713e-24
2.787886122e-24
3.044445721e-24
2.782748461e-24
2.404585636e-24
2.440126789e-24
2.765539137e-24
-3.28273218e-24
-2.653268779e-24
-2.828896725e-24
-3.005345644e-24
-2.849114009e-24
-2.662925659e-24
-2.452465393e-24
-2.769572289e-24
-2.667601887e-24
-2.471224278e-24
-2.110708931e-24
-1.780096204e-24
-1.924797461e-24
-1.857459443e-24
-2.204369364e-24
-2.456139313e-24
-2.345561871e-24
-2.100936371e-24
-1.782532363e-24
-2.06232504e-24
-2.4086688e-24
-2.21908325e-24
-2.061682717e-24
5.406607425e-24
5.595999672e-24
4.936780441e-24
4.628265704e-24
4.662055673e-24
4.641856177e-24
4.583964311e-24
4.2761243e-24
4.156115506e-24
3.991339209e-24
4.064942983e-24
4.405489628e-24
4.387084575e-24
3.965283167e-24
3.482687345e-24
3.355825849e-24
3.336598475e-24
3.408092301e-24
3.515001244e-24
3.353455017e-24
3.160102201e-24
3.24192151e-24
3.368643409e-24
1.961489864e-24
2.020608716e-24
1.73274926e-24
1.600033106e-24
1.655313907e-24
1.73592523e-24
1.74708317e-24
1.618545616e-24
1.584234509e-24
1.519850531e-24
1.562140416e-24
1.774637987e-24
1.801720676e-24
1.551301584e-24
1.264154293e-24
1.161169683e-24
1.145267822e-24
1.17838674e-24
1.257273024e-24
1.196672505e-24
1.069625633e-24
1.133292937e-24
1.284045038e-24
-3.475199309e-24
-3.412303676e-24
-3.374202419e-24
-3.300358828e-24
-3.136957129e-24
-2.891440481e-24
-2.746674123e-24
-2.702940327e-24
-2.589482832e-24
-2.539505522e-24
-2.482699365e-24
-2.261289088e-24
-2.132635463e-24
-2.240430986e-24
-2.378310434e-24
-2.412558362e-24
-2.394005443e-24
-2.369898116e-24
-2.25505875e-24
-2.234696246e-24
-2.35840635e-24
-2.284523155e-24
-2.055877573e-24
-3.419478308e-23
-3.322682193e-23
-3.229855868e-23
-3.132306196e-23
-3.036615055e-23
-2.927641742e-23
-2.836623367e-23
-2.758383947e-23
-2.673800805e-23
-2.604878034e-23
-2.548554473e-23
-2.472844614e-23
-2.404284122e-23
-2.366002937e-23
-2.333166495e-23
-2.297942774e-23
-2.264901165e-23
-2.242172347e-23
-2.205924597e-23
-2.182420233e-23
-2.193748115e-23
-2.181624984e-23
-2.162266054e-23
5.043085573e-23
4.880511841e-23
4.727037035e-23
4.591077191e-23
4.464684954e-23
4.338420204e-23
4.21950126e-23
4.108621358e-23
4.010189006e-23
3.898664837e-23
3.773120138e-23
3.693185911e-23
3.624657401e-23
3.5282537e-23
3.444776403e-23
3.377580714e-23
3.321939013e-23
3.274647008e-23
3.245655357e-23
3.221910964e-23
3.194444279e-23
3.184090519e-23
3.197514277e-23
-4.576780048e-25
-6.445181741e-25
-7.185703682e-25
-6.064534181e-25
-5.327194502e-25
-5.161754981e-25
-4.4630165e-25
-2.550831989e-25
-1.009836999e-25
-1.460919214e-25
-2.66140219e-25
-1.819915626e-25
-1.029329277e-25
-2.507670772e-25
-3.671063686e-25
-3.925523474e-25
-4.033950166e-25
-4.140667795e-25
-3.872921521e-25
-3.870205218e-25
-4.488116101e-25
-4.671286554e-25
-4.392976077e-25
-3.092867432e-23
-3.01588047e-23
-2.93699917e-23
-2.843644311e-23
-2.757283648e-23
-2.681966103e-23
-2.601699596e-23
-2.499105987e-23
-2.412364264e-23
-2.355388234e-23
-2.300188807e-23
-2.238217399e-23
-2.183766579e-23
-2.153245235e-23
-2.122826149e-23
-2.08500888e-23
-2.052951147e-23
-2.026733193e-23
-2.004907728e-23
-1.990326756e-23
-1.984226398e-23
-1.980243039e-23
-1.97718778e-23
1.904316053e-23
1.833187406e-23
1.764205259e-23
1.717602289e-23
1.667048131e-23
1.61429642e-23
1.572646546e-23
1.549606916e-23
1.523110867e-23
1.483238649e-23
1.443818604e-23
1.413165496e-23
1.379922474e-23
1.328211356e-23
1.287682836e-23
1.268670187e-23
1.248999956e-23
1.231875532e-23
1.217769378e-23
1.206904859e-23
1.198495704e-23
1.19726829e-23
1.20468722e-23
-6.49571917e-24
-6.334865245e-24
-6.335126067e-24
-6.205512692e-24
-5.975552238e-24
-5.848212432e-24
-5.637154823e-24
-5.298359669e-24
-4.981249953e-24
-4.783607016e-24
-4.642662581e-24
-4.465552445e-24
-4.45349507e-24
-4.569158612e-24
-4.55460017e-24
-4.456703574e-24
-4.382704554e-24
-4.329642425e-24
-4.30909169e-24
-4.284717094e-24
-4.283722501e-24
-4.252289098e-24
-4.211325093e-24
-4.848225946e-23
-4.703671071e-23
-4.583741513e-23
-4.457749131e-23
-4.321775794e-23
-4.196799e-23
-4.073210363e-23
-3.948146271e-23
-3.826737998e-23
-3.714121791e-23
-3.608564975e-23
-3.516315469e-23
-3.445419612e-23
-3.387376283e-23
-3.328620209e-23
-3.268413e-23
-3.216749479e-23
-3.174585432e-23
-3.145931068e-23
-3.121117315e-23
-3.107553934e-23
-3.097740993e-23
-3.094463443e-23
1.394537591e-23
1.351402269e-23
1.293145066e-23
1.246725264e-23
1.211416314e-23
1.177557264e-23
1.14510575e-23
1.116425775e-23
1.10083316e-23
1.085330216e-23
1.062774677e-23
1.038725922e-23
1.007739398e-23
9.714842756e-24
9.427869367e-24
9.27003812e-24
9.131882945e-24
9.014876007e-24
8.899324624e-24
8.793854921e-24
8.723376685e-24
8.743041753e-24
8.759745278e-24
9.701177407e-23
9.408648623e-23
9.110213085e-23
8.834607962e-23
8.574149213e-23
8.328345865e-23
8.088883425e-23
7.862903482e-23
7.660152122e-23
7.468086086e-23
7.282157393e-23
7.10513488e-23
6.93687633e-23
6.773081455e-23
6.627632149e-23
6.512216731e-23
6.411430571e-23
6.328411952e-23
6.261877479e-23
6.205421298e-23
6.170355218e-23
6.162796283e-23
6.1643349e-23
9.957468799e-24
9.700012292e-24
9.220397167e-24
8.873943437e-24
8.631940464e-24
8.398069113e-24
8.125977942e-24
7.88899386e-24
7.80355355e-24
7.712371511e-24
7.578866715e-24
7.40847695e-24
7.186026508e-24
6.938238886e-24
6.716071248e-24
6.604224021e-24
6.507494127e-24
6.451676606e-24
6.358247453e-24
6.226100931e-24
6.191259231e-24
6.20582013e-24
6.19114981e-24
-1.448872833e-23
-1.398196288e-23
-1.375165765e-23
-1.342408875e-23
-1.29763041e-23
-1.259601629e-23
-1.22984634e-23
-1.19522932e-23
-1.152537526e-23
-1.115074006e-23
-1.075136252e-23
-1.046932335e-23
-1.030060094e-23
-1.013049191e-23
-9.997087328e-24
-9.822937991e-24
-9.666645237e-24
-9.523218641e-24
-9.435926613e-24
-9.425442805e-24
-9.384342263e-24
-9.353437695e-24
-9.378628359e-24
-1.552340495e-22
-1.505843171e-22
-1.462571959e-22
-1.419839198e-22
-1.377532701e-22
-1.33764697e-22
-1.300412675e-22
-1.263794645e-22
-1.228336283e-22
-1.195074669e-22
-1.163584698e-22
-1.134885367e-22
-1.108882078e-22
-1.085575278e-22
-1.064590858e-22
-1.045821684e-22
-1.02955411e-22
-1.015840273e-22
-1.005262613e-22
-9.980312641e-23
-9.932181584e-23
-9.906827193e-23
-9.909698961e-23
8.310708925e-23
8.068104241e-23
7.818514671e-23
7.586564015e-23
7.374057708e-23
7.152903665e-23
6.935591016e-23
6.747494002e-23
6.565147001e-23
6.394349178e-23
6.241448452e-23
6.088864706e-23
5.945854557e-23
5.814349712e-23
5.696277781e-23
5.592257267e-23
5.50719168e-23
5.436971144e-23
5.378120399e-23
5.33294432e-23
5.302255633e-23
5.291895346e-23
5.293474613e-23
-2.383615539e-23
-2.307441292e-23
-2.249298568e-23
-2.18146161e-23
-2.107780483e-23
-2.054649023e-23
-2.006664137e-23
-1.945197721e-23
-1.887781352e-23
-1.836472489e-23
-1.783141502e-23
-1.737957731e-23
-1.70004094e-23
-1.665899902e-23
-1.634259475e-23
-1.606498037e-23
-1.582672531e-23
-1.562159781e-23
-1.545944449e-23
-1.535585883e-23
-1.531125193e-23
-1.526757182e-23
-1.522705994e-23
-3.413595622e-23
-3.307180142e-23
-3.215026498e-23
-3.118898842e-23
-3.021641127e-23
-2.938137047e-23
-2.862054438e-23
-2.779144083e-23
-2.700630604e-23
-2.628508533e-23
-2.554959971e-23
-2.491955965e-23
-2.436477956e-23
-2.383513631e-23
-2.338595758e-23
-2.299722755e-23
-2.264626803e-23
-2.236824403e-23
-2.212384364e-23
-2.195318814e-23
-2.187931189e-23
-2.181264916e-23
-2.178077739e-23
1.550868289e-23
1.510764091e-23
1.463203814e-23
1.421256183e-23
1.383318383e-23
1.342276098e-23
1.297392311e-23
1.260004794e-23
1.229526403e-23
1.197676095e-23
1.170618244e-23
1.143301946e-23
1.115814017e-23
1.094923829e-23
1.070650683e-23
1.047937142e-23
1.032008758e-23
1.016558375e-23
1.006313039e-23
9.976276529e-24
9.886212702e-24
9.881878398e-24
9.916844223e-24
2.377498807e-23
2.311191524e-23
2.241764147e-23
2.176915173e-23
2.115360642e-23
2.053459425e-23
1.991358722e-23
1.93434013e-23
1.885105319e-23
1.834901798e-23
1.788793649e-23
1.747653005e-23
1.706543055e-23
1.674168812e-23
1.639460562e-23
1.606500677e-23
1.581569649e-23
1.559787956e-23
1.542104321e-23
1.527597163e-23
1.518163982e-23
1.515733973e-23
1.517325699e-23
-5.343775203e-23
-5.182774018e-23
-5.029268019e-23
-4.879628793e-23
-4.735912846e-23
-4.599001219e-23
-4.469113731e-23
-4.345857682e-23
-4.225387628e-23
-4.113159845e-23
-4.008232577e-23
-3.909279036e-23
-3.819865662e-23
-3.735242536e-23
-3.663227108e-23
-3.600382343e-23
-3.546005963e-23
-3.501555109e-23
-3.465615604e-23
-3.439925482e-23
-3.422343822e-23
-3.411973963e-23
-3.410113483e-23
7.044319361e-23
6.83741393e-23
6.636230708e-23
6.442487867e-23
6.253953823e-23
6.073964375e-23
5.900904945e-23
5.733392059e-23
5.578967211e-23
5.432243369e-23
5.292167733e-23
5.166604512e-23
5.049966374e-23
4.943492769e-23
4.8461033e-23
4.760760147e-23
4.684520671e-23
4.619787275e-23
4.569992051e-23
4.530899904e-23
4.505518691e-23
4.494028196e-23
4.493364184e-23
1.106955018e-22
1.074243363e-22
1.042660123e-22
1.012193208e-22
9.824572672e-23
9.542928296e-23
9.272378957e-23
9.009420717e-23
8.766940253e-23
8.536288844e-23
8.315916428e-23
8.11788785e-23
7.934181846e-23
7.765897327e-23
7.613485284e-23
7.48031654e-23
7.362296669e-23
7.261920026e-23
7.183243128e-23
7.122386624e-23
7.081153044e-23
7.063356096e-23
7.062550312e-23
-3.87643523e-23
-3.762139257e-23
-3.648364321e-23
-3.537522446e-23
-3.435857215e-23
-3.334704515e-23
-3.23959959e-23
-3.153981374e-23
-3.065054457e-23
-2.982637127e-23
-2.912250174e-23
-2.838600134e-23
-2.771131861e-23
-2.711554111e-23
-2.657562053e-23
-2.609833444e-23
-2.572600538e-23
-2.541432873e-23
-2.515583099e-23
-2.498778702e-23
-2.48728236e-23
-2.476428881e-23
-2.472218125e-23
-6.332560828e-23
-6.145621752e-23
-5.962368987e-23
-5.783414777e-23
-5.615506066e-23
-5.451458771e-23
-5.296763864e-23
-5.154219208e-23
-5.01187843e-23
-4.878004158e-23
-4.758061106e-23
-4.640293346e-23
-4.532202755e-23
-4.435810962e-23
-4.347928757e-23
-4.269020643e-23
-4.207233702e-23
-4.15542689e-23
-4.110338133e-23
-4.079981131e-23
-4.060530078e-23
-4.044682347e-23
-4.038952698e-23
-2.809683173e-23
-2.724427666e-23
-2.643207298e-23
-2.564620463e-23
-2.488765731e-23
-2.415297407e-23
-2.347050553e-23
-2.285884555e-23
-2.221680777e-23
-2.161675076e-23
-2.109796724e-23
-2.056154197e-23
-2.008246685e-23
-1.965543565e-23
-1.924980129e-23
-1.888720669e-23
-1.864269013e-23
-1.843676005e-23
-1.821872446e-23
-1.810223075e-23
-1.804162591e-23
-1.795926785e-23
-1.791989355e-23
-6.839381346e-23
-6.634078119e-23
-6.437199766e-23
-6.248078352e-23
-6.064886777e-23
-5.888745146e-23
-5.722061343e-23
-5.566227714e-23
-5.413983867e-23
-5.270307692e-23
-5.139920752e-23
-5.013661237e-23
-4.898730169e-23
-4.793721762e-23
-4.697728567e-23
-4.614006604e-23
-4.546074592e-23
-4.48983447e-23
-4.43889989e-23
-4.404467823e-23
-4.383698742e-23
-4.368148752e-23
-4.361436265e-23
1.12971752e-23
1.099911752e-23
1.068711139e-23
1.037672159e-23
1.008213652e-23
9.799496646e-24
9.528798281e-24
9.239821201e-24
8.999186742e-24
8.781424993e-24
8.525801261e-24
8.342290165e-24
8.163314703e-24
7.998589932e-24
7.861247104e-24
7.728563642e-24
7.579087179e-24
7.433918475e-24
7.377774809e-24
7.294883105e-24
7.211935647e-24
7.1896615e-24
7.189677616e-24
1.192673013e-22
1.15796536e-22
1.123807831e-22
1.09080654e-22
1.059262229e-22
1.028895233e-22
9.998783019e-23
9.718900066e-23
9.457504334e-23
9.212288973e-23
8.976215185e-23
8.76200481e-23
8.564852852e-23
8.38299005e-23
8.220284758e-23
8.076431143e-23
7.947512318e-23
7.837716442e-23
7.753647559e-23
7.686258773e-23
7.637120152e-23
7.60974169e-23
7.600563955e-23
3.563425067e-23
3.463488585e-23
3.360694259e-23
3.261807449e-23
3.168667509e-23
3.078231792e-23
2.99182318e-23
2.906111055e-23
2.830094576e-23
2.758910738e-23
2.68517732e-23
2.621390912e-23
2.563438483e-23
2.509918587e-23
2.462011217e-23
2.419467245e-23
2.378315813e-23
2.342685299e-23
2.318548083e-23
2.297693963e-23
2.281383217e-23
2.272394299e-23
2.269175341e-23
-7.426309121e-23
-7.202181734e-23
-6.991085608e-23
-6.786146631e-23
-6.588273189e-23
-6.399218937e-23
-6.218273028e-23
-6.049046797e-23
-5.884062117e-23
-5.726837191e-23
-5.586427667e-23
-5.453191321e-23
-5.327477465e-23
-5.213604515e-23
-5.111209875e-23
-5.020043981e-23
-4.94492771e-23
-4.881876142e-23
-4.826131956e-23
-4.784961769e-23
-4.756732333e-23
-4.739049255e-23
-4.732029587e-23
7.637822036e-23
7.416820266e-23
7.198510987e-23
6.989797524e-23
6.787049236e-23
6.592845517e-23
6.40762661e-23
6.22829096e-23
6.062436354e-23
5.908428338e-23
5.758087537e-23
5.61742592e-23
5.490976754e-23
5.376348454e-23
5.271492813e-23
5.178585127e-23
5.09526441e-23
5.024003195e-23
4.968380026e-23
4.924440558e-23
4.891604237e-23
4.871086506e-23
4.862226178e-23
2.924570117e-23
2.842361772e-23
2.759746241e-23
2.681819896e-23
2.602901429e-23
2.528135553e-23
2.457817131e-23
2.387831612e-23
2.324354215e-23
2.26806435e-23
2.210862699e-23
2.154292422e-23
2.106037304e-23
2.063395051e-23
2.022658438e-23
1.986664532e-23
1.954047729e-23
1.925519757e-23
1.904091252e-23
1.887171389e-23
1.873587272e-23
1.864816208e-23
1.860776228e-23
1.860944362e-23
-1.063181255e-22
-1.031484714e-22
-1.000971286e-22
-9.715669678e-23
-9.436509309e-23
-9.167441642e-23
-8.909432424e-23
-8.666817083e-23
-8.434794183e-23
-8.211281242e-23
-8.004698327e-23
-7.816958268e-23
-7.640308944e-23
-7.47665483e-23
-7.33063178e-23
-7.201159569e-23
-7.088665214e-23
-6.994007196e-23
-6.91444007e-23
-6.851371146e-23
-6.807211787e-23
-6.778764096e-23
-6.764746455e-23
-6.762943851e-23
3.16209139e-23
3.073854602e-23
2.987314556e-23
2.901860537e-23
2.816836574e-23
2.736585342e-23
2.659752356e-23
2.585107414e-23
2.515803742e-23
2.453443702e-23
2.393496525e-23
2.33378602e-23
2.280574669e-23
2.233310258e-23
2.190282605e-23
2.150493251e-23
2.115143712e-23
2.085140605e-23
2.060531938e-23
2.042086754e-23
2.027397182e-23
2.017181746e-23
2.011817522e-23
2.012458862e-23
-3.097844097e-23
-3.001426672e-23
-2.910383445e-23
-2.824701012e-23
-2.744181204e-23
-2.66591005e-23
-2.592186766e-23
-2.522571263e-23
-2.454514313e-23
-2.389481126e-23
-2.32873931e-23
-2.274286676e-23
-2.223482497e-23
-2.175894143e-23
-2.132605944e-23
-2.094779702e-23
-2.062929341e-23
-2.035894895e-23
-2.013376709e-23
-1.994145968e-23
-1.980493407e-23
-1.972505481e-23
-1.968287711e-23
-1.96573295e-23
-2.003433272e-23
-1.939168871e-23
-1.879190309e-23
-1.824035885e-23
-1.771984504e-23
-1.72107827e-23
-1.67453697e-23
-1.630093469e-23
-1.584992502e-23
-1.543484013e-23
-1.504703243e-23
-1.469118454e-23
-1.436151721e-23
-1.40581347e-23
-1.377478837e-23
-1.352174254e-23
-1.332308279e-23
-1.315622263e-23
-1.301609027e-23
-1.28867348e-23
-1.279138009e-23
-1.274380954e-23
-1.271431664e-23
-1.269361863e-23
-3.111639942e-24
-2.962916719e-24
-2.8417846e-24
-2.758485567e-24
-2.679288924e-24
-2.599303313e-24
-2.541747622e-24
-2.47873819e-24
-2.393448832e-24
-2.335453372e-24
-2.282224732e-24
-2.22380242e-24
-2.171619002e-24
-2.131666182e-24
-2.081416424e-24
-2.027110182e-24
-2.014558135e-24
-2.009147035e-24
-1.997556074e-24
-1.974785146e-24
-1.95706498e-24
-1.959133222e-24
-1.957099431e-24
-1.948534267e-24
-9.371445082e-24
-9.034798134e-24
-8.735766754e-24
-8.488498908e-24
-8.242221582e-24
-8.006053796e-24
-7.798690044e-24
-7.589014661e-24
-7.362969754e-24
-7.184933053e-24
-7.019964741e-24
-6.841396255e-24
-6.680845997e-24
-6.551678795e-24
-6.413513441e-24
-6.270198339e-24
-6.193041955e-24
-6.134409728e-24
-6.070920539e-24
-6.012469618e-24
-5.961702553e-24
-5.940630386e-24
-5.923499058e-24
-5.910682656e-24
7.466633745e-25
7.906384506e-25
8.03488991e-25
7.707157544e-25
7.55917858e-25
7.383472655e-25
7.050444103e-25
6.856643189e-25
6.859778693e-25
6.52184714e-25
6.217796404e-25
6.226436682e-25
6.190980289e-25
5.868422457e-25
5.89125436e-25
6.113893297e-25
5.733937649e-25
5.338029269e-25
5.196941887e-25
5.165776893e-25
5.153682197e-25
5.015518657e-25
4.998516958e-25
5.015184373e-25
3.072411098e-23
2.989381613e-23
2.906536641e-23
2.822062939e-23
2.74238369e-23
2.665602202e-23
2.590548843e-23
2.520587892e-23
2.455339377e-23
2.390020423e-23
2.329146517e-23
2.27611475e-23
2.22583319e-23
2.1765146e-23
2.135486409e-23
2.099643543e-23
2.062966911e-23
2.030947499e-23
2.004429654e-23
1.984213048e-23
1.969142944e-23
1.956228958e-23
1.949103482e-23
1.945198817e-23
1.285293409e-24
1.30636948e-24
1.311447434e-24
1.264653705e-24
1.236010707e-24
1.207534368e-24
1.163084858e-24
1.133971044e-24
1.116461159e-24
1.062631348e-24
1.015080293e-24
1.019748939e-24
1.010740577e-24
9.716514329e-25
9.664144655e-25
9.728757411e-25
9.383389285e-25
9.003867288e-25
8.697516662e-25
8.586356859e-25
8.622177425e-25
8.458351231e-25
8.416473342e-25
8.431256644e-25
-1.295075799e-24
-1.195199417e-24
-1.11776211e-24
-1.098188185e-24
-1.05884684e-24
-1.024145761e-24
-1.003756669e-24
-9.733719454e-25
-9.402715677e-25
-9.389815493e-25
-9.428477855e-25
-8.898545134e-25
-8.490818884e-25
-8.491249749e-25
-8.211628053e-25
-7.83331733e-25
-7.845182326e-25
-7.952073826e-25
-8.109874695e-25
-8.062789337e-25
-7.825977568e-25
-7.886341269e-25
-7.888291306e-25
-7.813994655e-25
7.8979335e-24
7.728887131e-24
7.550355953e-24
7.318857608e-24
7.122552007e-24
6.927853715e-24
6.7292969e-24
6.553433183e-24
6.38498299e-24
6.199483966e-24
6.010164477e-24
5.901436331e-24
5.797719705e-24
5.651674392e-24
5.548040659e-24
5.470429929e-24
5.367701802e-24
5.268398616e-24
5.166250423e-24
5.104088061e-24
5.086330248e-24
5.037490577e-24
5.006193507e-24
4.994498954e-24
-1.052063822e-23
-1.015496673e-23
-9.81597553e-24
-9.546999241e-24
-9.270275839e-24
-9.007647981e-24
-8.760316831e-24
-8.51801988e-24
-8.292568134e-24
-8.100815641e-24
-7.938389024e-24
-7.709033182e-24
-7.501244203e-24
-7.364317181e-24
-7.206604818e-24
-7.045974219e-24
-6.935140891e-24
-6.850072159e-24
-6.791265147e-24
-6.725217343e-24
-6.636904659e-24
-6.592507523e-24
-6.5646379e-24
-6.539047044e-24
2.39892173e-24
2.3863267e-24
2.363661717e-24
2.282816503e-24
2.225004234e-24
2.166636667e-24
2.102029888e-24
2.054036687e-24
1.995617472e-24
1.919503056e-24
1.835963392e-24
1.832042464e-24
1.823009016e-24
1.755715252e-24
1.730711616e-24
1.724707452e-24
1.683232853e-24
1.639162897e-24
1.579584391e-24
1.549447021e-24
1.56170755e-24
1.541253303e-24
1.525673383e-24
1.519793977e-24
)
;
    }
    back_middle
    {
        type            wedge;
        value           nonuniform 0();
    }
    back_bottom
    {
        type            wedge;
        value           nonuniform 0();
    }
    axis_top
    {
        type            symmetryPlane;
        value           nonuniform 0();
    }
    axis_middle
    {
        type            symmetryPlane;
        value           nonuniform 0();
    }
    axis_bottom
    {
        type            symmetryPlane;
        value           nonuniform 0();
    }
    wall_top
    {
        type            calculated;
        value           uniform 0;
    }
    wall_middle
    {
        type            calculated;
        value           nonuniform 0();
    }
    wall_bottom
    {
        type            calculated;
        value           nonuniform 0();
    }
    inlet
    {
        type            calculated;
        value           nonuniform 0();
    }
    outlet
    {
        type            calculated;
        value           nonuniform 0();
    }
    procBoundary8to7
    {
        type            processor;
        value           nonuniform List<scalar> 
51
(
4.560934946e-11
1.334601301e-10
2.164157135e-10
2.946799983e-10
3.684499415e-10
4.379156259e-10
5.032605428e-10
5.646615759e-10
6.222893613e-10
6.763083258e-10
7.26876869e-10
7.741475594e-10
8.182673306e-10
8.593774373e-10
8.976139869e-10
9.331076883e-10
9.659843445e-10
9.963648534e-10
1.024365265e-09
1.050097256e-09
1.073667826e-09
1.095179952e-09
1.114732245e-09
1.132419452e-09
1.148332439e-09
1.162558256e-09
1.17518062e-09
1.186279425e-09
1.195931584e-09
1.204210442e-09
1.211186659e-09
1.216927553e-09
1.221497806e-09
1.22495932e-09
1.22737115e-09
1.228790126e-09
-4.736673994e-13
1.229290088e-09
1.228885773e-09
1.227644236e-09
1.225612656e-09
1.222836621e-09
1.219359222e-09
1.215222088e-09
1.210464643e-09
1.205124808e-09
1.199238613e-09
1.192840528e-09
1.185963551e-09
1.178639004e-09
1.17089698e-09
)
;
    }
    procBoundary8to9
    {
        type            processor;
        value           nonuniform List<scalar> 
51
(
-4.567434983e-11
-1.336495665e-10
1.417669755e-14
-2.167032883e-10
-2.950665715e-10
-3.689251789e-10
-4.384687811e-10
-5.038806222e-10
-5.653375997e-10
-6.230104296e-10
-6.770636908e-10
-7.276561754e-10
-7.749407825e-10
-8.190649375e-10
-8.601704577e-10
-8.983939252e-10
-9.33866681e-10
-9.667151355e-10
-9.970606981e-10
-1.025020189e-09
-1.050705654e-09
-1.074224895e-09
-1.095681286e-09
-1.115174148e-09
-1.132798716e-09
-1.14864627e-09
-1.162804501e-09
-1.175357382e-09
-1.186385457e-09
-1.195965816e-09
-1.204172329e-09
-1.211075918e-09
-1.216744258e-09
-1.22124219e-09
-1.224631872e-09
-1.226972782e-09
-1.2283217e-09
-1.228733022e-09
-1.228258797e-09
-1.226948742e-09
-1.224850307e-09
-1.222008957e-09
-1.218468157e-09
-1.214269306e-09
-1.209452052e-09
-1.20405413e-09
-1.198111759e-09
-1.191659382e-09
-1.184729918e-09
-1.177354761e-09
-1.169563811e-09
)
;
    }
}


// ************************************************************************* //
