/*--------------------------------*- C++ -*----------------------------------*\
  =========                 |
  \\      /  F ield         | OpenFOAM: The Open Source CFD Toolbox
   \\    /   O peration     | Website:  https://openfoam.org
    \\  /    A nd           | Version:  7
     \\/     M anipulation  |
\*---------------------------------------------------------------------------*/
FoamFile
{
    version     2.0;
    format      ascii;
    class       surfaceScalarField;
    location    "0.0018";
    object      phi;
}
// * * * * * * * * * * * * * * * * * * * * * * * * * * * * * * * * * * * * * //

dimensions      [1 0 -1 0 0 0 0];

internalField   nonuniform List<scalar> 
2259
(
-5.076878514e-13
4.898425781e-11
1.433117114e-10
-5.79596509e-13
4.956385431e-11
-2.272216795e-12
1.450043317e-10
-5.009286164e-12
2.350770481e-10
-8.718937141e-12
3.199566439e-10
-1.332831358e-11
3.998277544e-10
-1.876350872e-11
4.748680901e-10
-2.494956073e-11
5.452476713e-10
-3.181053985e-11
6.111307189e-10
-3.92696881e-11
6.726757907e-10
-4.724952584e-11
7.300361325e-10
-5.567181945e-11
7.833602591e-10
-6.445763224e-11
8.327923635e-10
-7.352764722e-11
8.784732438e-10
-8.28020012e-11
9.205406301e-10
-9.220054065e-11
9.591295336e-10
-1.016430465e-10
9.943730852e-10
-1.110490178e-10
1.026402246e-09
-1.203383127e-10
1.055346728e-09
-1.294306784e-10
1.081334535e-09
-1.382464971e-10
1.104492709e-09
-1.467063254e-10
1.124946906e-09
-1.547316142e-10
1.142821975e-09
-1.622443306e-10
1.158241524e-09
-1.691676784e-10
1.171328497e-09
-1.754258351e-10
1.182204709e-09
-1.809447261e-10
1.190991439e-09
-1.856519888e-10
1.197809073e-09
-1.894778136e-10
1.202777606e-09
-1.923552107e-10
1.206016461e-09
-1.942210128e-10
1.207644869e-09
-1.950165551e-10
1.207781874e-09
-1.946888426e-10
1.206546493e-09
-1.931916609e-10
1.20405768e-09
-1.904869275e-10
1.200434308e-09
-1.865460751e-10
1.195794889e-09
-1.813516284e-10
1.190257332e-09
-1.748983997e-10
1.183938054e-09
-1.671950413e-10
1.176951554e-09
-1.582646898e-10
1.169408944e-09
-1.481460728e-10
1.161417444e-09
-1.368932168e-10
1.15307858e-09
-1.245755346e-10
1.144487638e-09
-1.112765857e-10
1.135732238e-09
-9.709306064e-11
1.12689203e-09
-8.21327518e-11
1.118037881e-09
-6.651298814e-11
1.109232189e-09
-5.035829252e-11
1.100528753e-09
-3.379890715e-11
1.091973812e-09
-1.696799974e-11
1.083604805e-09
1.075450231e-09
-6.581153727e-13
5.022196969e-11
-2.580173011e-12
1.469263893e-10
-5.688428847e-12
2.38185304e-10
-9.901657481e-12
3.241698725e-10
-1.51377207e-11
4.050638176e-10
-2.13135141e-11
4.810438835e-10
-2.834497106e-11
5.522791283e-10
-3.614729654e-11
6.189330444e-10
-4.463510868e-11
6.811636029e-10
-5.372252505e-11
7.391235489e-10
-6.332307359e-11
7.929608076e-10
-7.335000097e-11
8.428192909e-10
-8.371630242e-11
8.888395452e-10
-9.43345916e-11
9.311589192e-10
-1.051175729e-10
9.699125149e-10
-1.159777008e-10
1.005233213e-09
-1.268275616e-10
1.037252106e-09
-1.375797141e-10
1.06609888e-09
-1.481468402e-10
1.091901661e-09
-1.584417265e-10
1.114787596e-09
-1.683772698e-10
1.134882449e-09
-1.778665075e-10
1.152311213e-09
-1.868226273e-10
1.167197643e-09
-1.95158916e-10
1.179664786e-09
-2.027889702e-10
1.189834763e-09
-2.096266269e-10
1.197829096e-09
-2.155863361e-10
1.203768782e-09
-2.205832716e-10
1.207774542e-09
-2.24533891e-10
1.20996708e-09
-2.273565027e-10
1.21046748e-09
-2.289721071e-10
1.209397479e-09
-2.293054463e-10
1.206879833e-09
-2.282864538e-10
1.203038688e-09
-2.258517151e-10
1.197999569e-09
-2.219468285e-10
1.191890002e-09
-2.165281474e-10
1.184838651e-09
-2.095656216e-10
1.176975528e-09
-2.010450557e-10
1.168430988e-09
-1.909705831e-10
1.159334471e-09
-1.793669699e-10
1.14981383e-09
-1.662808958e-10
1.139992506e-09
-1.517821855e-10
1.129988928e-09
-1.359634186e-10
1.119913471e-09
-1.189391266e-10
1.109867738e-09
-1.008435214e-10
1.099942275e-09
-8.182784625e-11
1.090216514e-09
-6.205717187e-11
1.080758078e-09
-4.170706938e-11
1.071623709e-09
-2.095970022e-11
1.062857436e-09
1.05449053e-09
-7.431393797e-13
5.096510907e-11
-2.913641215e-12
1.490968912e-10
-6.423774595e-12
2.416954374e-10
-1.118213566e-11
3.289282336e-10
-1.709650981e-11
4.109781918e-10
-2.407378276e-11
4.880211565e-10
-3.202009131e-11
5.602254368e-10
-4.084113899e-11
6.277540921e-10
-5.044235478e-11
6.907648187e-10
-6.07288963e-11
7.494100904e-10
-7.160582993e-11
8.038377412e-10
-8.297834988e-11
8.541918109e-10
-9.475157921e-11
9.006127745e-10
-1.068308787e-10
9.432382187e-10
-1.191218273e-10
9.822034636e-10
-1.315300952e-10
1.017641481e-09
-1.439617758e-10
1.049683787e-09
-1.563228989e-10
1.078460003e-09
-1.685198877e-10
1.10409865e-09
-1.804589359e-10
1.126726644e-09
-1.920463773e-10
1.14646989e-09
-2.031880833e-10
1.163452919e-09
-2.137896419e-10
1.177799202e-09
-2.237558647e-10
1.189631009e-09
-2.329907829e-10
1.199069681e-09
-2.413974346e-10
1.206235748e-09
-2.488776656e-10
1.211249013e-09
-2.553321016e-10
1.214228978e-09
-2.606602929e-10
1.215295271e-09
-2.647608578e-10
1.214568045e-09
-2.675320406e-10
1.212168662e-09
-2.688726132e-10
1.208220405e-09
-2.686827509e-10
1.202848826e-09
-2.668661945e-10
1.196183013e-09
-2.633321315e-10
1.188355939e-09
-2.579980834e-10
1.179504603e-09
-2.507935753e-10
1.16977102e-09
-2.416639084e-10
1.159301321e-09
-2.30574849e-10
1.148245412e-09
-2.175171337e-10
1.136756115e-09
-2.025111666e-10
1.124986539e-09
-1.856105771e-10
1.113088338e-09
-1.669052675e-10
1.101208161e-09
-1.465217728e-10
1.089484243e-09
-1.246223322e-10
1.078042835e-09
-1.014012019e-10
1.066995384e-09
-7.707993337e-11
1.05643681e-09
-5.190090131e-11
1.046444677e-09
-2.612007338e-11
1.037076608e-09
1.028370457e-09
-8.344305309e-13
5.17995396e-11
-3.271679673e-12
1.515341403e-10
-7.21320443e-12
2.456369621e-10
-1.255658292e-11
3.342716121e-10
-1.919867209e-11
4.17620281e-10
-2.703554461e-11
4.95858029e-10
-3.596279644e-11
5.691526886e-10
-4.587591502e-11
6.376672106e-10
-5.667046233e-11
7.015593661e-10
-6.824218438e-11
7.609818124e-10
-8.048736719e-11
8.16082924e-10
-9.330278403e-11
8.670072277e-10
-1.065857224e-10
9.138957129e-10
-1.202343486e-10
9.568868448e-10
-1.341473045e-10
9.961164195e-10
-1.482241135e-10
1.03171829e-09
-1.623647779e-10
1.063824451e-09
-1.764699825e-10
1.092565208e-09
-1.904406451e-10
1.118069312e-09
-2.041780075e-10
1.140464007e-09
-2.175830857e-10
1.159874969e-09
-2.305566021e-10
1.176426435e-09
-2.429983505e-10
1.19024095e-09
-2.548069454e-10
1.201439604e-09
-2.658792216e-10
1.210141957e-09
-2.761097613e-10
1.216466287e-09
-2.853902475e-10
1.220529499e-09
-2.936091102e-10
1.22244784e-09
-3.006508186e-10
1.22233698e-09
-3.063955781e-10
1.220312805e-09
-3.107193343e-10
1.216492418e-09
-3.134934726e-10
1.210994544e-09
-3.145855438e-10
1.203940897e-09
-3.138603203e-10
1.195457789e-09
-3.111813779e-10
1.185676997e-09
-3.064140398e-10
1.174737265e-09
-2.994289914e-10
1.162785972e-09
-2.901076634e-10
1.149979993e-09
-2.783487503e-10
1.136486499e-09
-2.640760174e-10
1.122483382e-09
-2.472476232e-10
1.108158144e-09
-2.278655856e-10
1.093706301e-09
-2.059849682e-10
1.079327544e-09
-1.817208598e-10
1.065220135e-09
-1.552522999e-10
1.051574275e-09
-1.268208232e-10
1.038563907e-09
-9.672420806e-11
1.026340195e-09
-6.530494001e-11
1.015025409e-09
-3.293459903e-11
1.004706267e-09
9.954358579e-10
-9.316104658e-13
5.273115006e-11
-3.652790716e-12
1.542553206e-10
-8.05337101e-12
2.500375424e-10
-1.401903883e-11
3.402372799e-10
-2.143486958e-11
4.250361117e-10
-3.018528385e-11
5.046084433e-10
-4.015448074e-11
5.791218855e-10
-5.122694885e-11
6.487396787e-10
-6.328767199e-11
7.136200892e-10
-7.622251369e-11
7.739166541e-10
-8.991846238e-11
8.297788727e-10
-1.042635299e-10
8.813522952e-10
-1.191471954e-10
9.287793785e-10
-1.344602296e-10
9.72199879e-10
-1.500948071e-10
1.011750997e-09
-1.659445234e-10
1.047568007e-09
-1.819041705e-10
1.079784098e-09
-1.978697718e-10
1.108530809e-09
-2.137381778e-10
1.133937718e-09
-2.294068837e-10
1.156132713e-09
-2.447736394e-10
1.175241724e-09
-2.597359142e-10
1.19138871e-09
-2.741904007e-10
1.204695437e-09
-2.880323267e-10
1.21528153e-09
-3.011546851e-10
1.223264316e-09
-3.134472525e-10
1.228758855e-09
-3.247958481e-10
1.231878095e-09
-3.350809641e-10
1.232732956e-09
-3.441766539e-10
1.23143267e-09
-3.519495507e-10
1.228085701e-09
-3.582573678e-10
1.222800235e-09
-3.629478317e-10
1.215685008e-09
-3.658578602e-10
1.206850925e-09
-3.668128459e-10
1.196412775e-09
-3.656269634e-10
1.184491114e-09
-3.621041872e-10
1.171214489e-09
-3.560406795e-10
1.156722464e-09
-3.472293822e-10
1.141168696e-09
-3.354670207e-10
1.124724137e-09
-3.205641207e-10
1.107580482e-09
-3.023590578e-10
1.089953081e-09
-2.807356236e-10
1.072082867e-09
-2.556434608e-10
1.054235381e-09
-2.271200594e-10
1.036696734e-09
-1.953099895e-10
1.019764205e-09
-1.604775892e-10
1.003731507e-09
-1.230081472e-10
9.888707527e-10
-8.339143087e-11
9.754086926e-10
-4.218805447e-11
9.635028905e-10
9.532478034e-10
-1.034163085e-12
5.376531315e-11
-4.054934111e-12
1.572760916e-10
-8.939758066e-12
2.549223664e-10
-1.556152873e-11
3.468590506e-10
-2.379267178e-11
4.332672548e-10
-3.350501153e-11
5.14320783e-10
-4.457046359e-11
5.901873376e-10
-5.686160955e-11
6.610308247e-10
-7.025218097e-11
7.270106607e-10
-8.461750517e-11
7.882819783e-10
-9.983458876e-11
8.449959562e-10
-1.157824319e-10
8.973001383e-10
-1.323423294e-10
9.453392759e-10
-1.493975975e-10
9.892551471e-10
-1.668340918e-10
1.029187491e-09
-1.845396765e-10
1.065273591e-09
-2.024045791e-10
1.097649001e-09
-2.203208281e-10
1.126447058e-09
-2.381823253e-10
1.151799215e-09
-2.558842185e-10
1.173834606e-09
-2.733226281e-10
1.192680134e-09
-2.903940215e-10
1.208460103e-09
-3.069945723e-10
1.221295988e-09
-3.230192929e-10
1.23130625e-09
-3.383610661e-10
1.238606089e-09
-3.529096091e-10
1.243307398e-09
-3.665499347e-10
1.245518421e-09
-3.791608713e-10
1.245343893e-09
-3.906133505e-10
1.242885149e-09
-4.007683075e-10
1.238240658e-09
-4.094742001e-10
1.231506127e-09
-4.165646018e-10
1.222775409e-09
-4.218553669e-10
1.212141691e-09
-4.251416235e-10
1.199699032e-09
-4.261950306e-10
1.185544521e-09
-4.247613468e-10
1.169780805e-09
-4.205588396e-10
1.152519957e-09
-4.132783742e-10
1.13388823e-09
-4.025865137e-10
1.114032277e-09
-3.881327843e-10
1.093126752e-09
-3.695633357e-10
1.071383633e-09
-3.465429285e-10
1.049062459e-09
-3.187875009e-10
1.026479953e-09
-2.861078328e-10
1.004017065e-09
-2.484628514e-10
9.821192239e-10
-2.060170686e-10
9.612857237e-10
-1.591857147e-10
9.420393988e-10
-1.086393779e-10
9.248623558e-10
-5.524886456e-11
9.101123771e-10
8.979989389e-10
-1.141426027e-12
5.490673918e-11
-4.475549015e-12
1.606102146e-10
-9.86679224e-12
2.603136096e-10
-1.71742751e-11
3.541665334e-10
-2.62568515e-11
4.423498312e-10
-3.697279626e-11
5.250367278e-10
-4.918074264e-11
6.023952839e-10
-6.274050138e-11
6.745905834e-10
-7.751373287e-11
7.417838922e-10
-9.336434149e-11
8.041325869e-10
-1.101587162e-10
8.617903309e-10
-1.277663519e-10
9.14907774e-10
-1.460597133e-10
9.636326373e-10
-1.649146341e-10
1.008110068e-09
-1.842102011e-10
1.048483058e-09
-2.038288826e-10
1.084892273e-09
-2.236562554e-10
1.117476374e-09
-2.435810562e-10
1.146371859e-09
-2.634947041e-10
1.171712863e-09
-2.832910584e-10
1.19363096e-09
-3.028658897e-10
1.212254965e-09
-3.221163441e-10
1.227710558e-09
-3.409401636e-10
1.240119807e-09
-3.59234923e-10
1.24960101e-09
-3.768969349e-10
1.256268101e-09
-3.938199055e-10
1.260230368e-09
-4.098935024e-10
1.261592018e-09
-4.250016202e-10
1.26045201e-09
-4.39020167e-10
1.256903695e-09
-4.518143351e-10
1.251034827e-09
-4.632355813e-10
1.242927373e-09
-4.731178703e-10
1.232657698e-09
-4.812730855e-10
1.220296906e-09
-4.874857526e-10
1.205911699e-09
-4.915066576e-10
1.189565426e-09
-4.930457964e-10
1.171319944e-09
-4.917644465e-10
1.151238607e-09
-4.87266884e-10
1.129390668e-09
-4.790929753e-10
1.105858368e-09
-4.667128931e-10
1.08074667e-09
-4.495272248e-10
1.054197964e-09
-4.268771076e-10
1.026412342e-09
-3.980718971e-10
9.97674743e-10
-3.624438664e-10
9.683890347e-10
-3.194407435e-10
9.39116101e-10
-2.687609394e-10
9.106059196e-10
-2.105164267e-10
8.837948861e-10
-1.453738442e-10
8.597197732e-10
-7.461156638e-11
8.393500993e-10
8.233873725e-10
-1.252655701e-12
5.615939488e-11
-4.9117202e-12
1.642692791e-10
-1.082816952e-11
2.662300589e-10
-1.884620052e-11
3.621845644e-10
-2.881016877e-11
4.523137994e-10
-4.056381487e-11
5.367903739e-10
-5.395147647e-11
6.157829455e-10
-6.88192573e-11
6.894583642e-10
-8.501572324e-11
7.579803582e-10
-1.023923414e-10
8.215092051e-10
-1.208041966e-10
8.802021861e-10
-1.401103057e-10
9.342138831e-10
-1.601737717e-10
9.836961033e-10
-1.80862237e-10
1.028798533e-09
-2.020476712e-10
1.069668492e-09
-2.236066757e-10
1.106451278e-09
-2.454201528e-10
1.139289851e-09
-2.673732761e-10
1.168324982e-09
-2.893552226e-10
1.19369481e-09
-3.112587675e-10
1.215534505e-09
-3.329798779e-10
1.233976075e-09
-3.544170403e-10
1.24914772e-09
-3.754708253e-10
1.261173592e-09
-3.960428152e-10
1.270173e-09
-4.160346546e-10
1.27625994e-09
-4.353469191e-10
1.279542633e-09
-4.538777009e-10
1.2801228e-09
-4.715207951e-10
1.278095105e-09
-4.881635529e-10
1.273546453e-09
-5.03684194e-10
1.266555468e-09
-5.179486142e-10
1.257191793e-09
-5.308061326e-10
1.245515217e-09
-5.420842187e-10
1.231574992e-09
-5.515819358e-10
1.215409416e-09
-5.590612644e-10
1.197044755e-09
-5.642361875e-10
1.176494867e-09
-5.667589714e-10
1.153761391e-09
-5.662025765e-10
1.128834272e-09
-5.620391912e-10
1.101694983e-09
-5.536145003e-10
1.072321979e-09
-5.40119252e-10
1.040702716e-09
-5.205613597e-10
1.00685445e-09
-4.93747037e-10
9.708604202e-10
-4.582849814e-10
9.329269791e-10
-4.126368545e-10
8.934679742e-10
-3.552545725e-10
8.532236376e-10
-2.848746808e-10
8.134149945e-10
-2.010454663e-10
7.758905587e-10
-1.048790544e-10
7.431836874e-10
7.185083181e-10
-1.367035707e-12
5.752643058e-11
-5.360146134e-12
1.682623895e-10
-1.181678106e-11
2.726866938e-10
-2.056459049e-11
3.709323739e-10
-3.143255957e-11
4.631817685e-10
-4.42488351e-11
5.496066494e-10
-5.884234296e-11
6.303764534e-10
-7.504427398e-11
7.056602952e-10
-9.268882313e-11
7.756249074e-10
-1.116139821e-10
8.404343641e-10
-1.316623985e-10
9.002506025e-10
-1.526815002e-10
9.552329848e-10
-1.745242416e-10
1.005538845e-09
-1.970489842e-10
1.051323276e-09
-2.201199762e-10
1.092739484e-09
-2.436070672e-10
1.129938369e-09
-2.673858775e-10
1.163068661e-09
-2.913374462e-10
1.192276551e-09
-3.153481164e-10
1.21770548e-09
-3.39309071e-10
1.23949546e-09
-3.631159673e-10
1.257782972e-09
-3.866684425e-10
1.272700195e-09
-4.098693339e-10
1.284374484e-09
-4.326239762e-10
1.292927642e-09
-4.548394002e-10
1.298475364e-09
-4.76423277e-10
1.30112651e-09
-4.972826325e-10
1.300982155e-09
-5.173223565e-10
1.298134829e-09
-5.364434295e-10
1.292667526e-09
-5.545407102e-10
1.284652748e-09
-5.71500213e-10
1.274151296e-09
-5.871954079e-10
1.261210412e-09
-6.014827244e-10
1.245862309e-09
-6.14195587e-10
1.228122278e-09
-6.251360909e-10
1.207985258e-09
-6.340643406e-10
1.185423117e-09
-6.406830165e-10
1.160380067e-09
-6.446165047e-10
1.13276776e-09
-6.453813867e-10
1.102459865e-09
-6.423451451e-10
1.069285738e-09
-6.346681292e-10
1.0330257e-09
-6.212227937e-10
9.934091142e-10
-6.004827686e-10
9.501203952e-10
-5.703765067e-10
9.028207171e-10
-5.281134499e-10
8.512049175e-10
-4.700424959e-10
7.951526836e-10
-3.917147959e-10
7.350872944e-10
-2.884832652e-10
6.726590281e-10
-1.573076826e-10
6.120081048e-10
5.612006355e-10
-1.483122061e-12
5.900955265e-11
-5.816807276e-12
1.725960747e-10
-1.282360554e-11
2.796934921e-10
-2.231341384e-11
3.804221822e-10
-3.409901476e-11
4.749673694e-10
-4.799188643e-11
5.634995211e-10
-6.380433941e-11
6.461889064e-10
-8.135139445e-11
7.232073502e-10
-1.004517119e-10
7.947252249e-10
-1.209288296e-10
8.609114817e-10
-1.426117129e-10
9.219334858e-10
-1.653354444e-10
9.779567163e-10
-1.889416839e-10
1.029145084e-09
-2.132789084e-10
1.0756605e-09
-2.382025023e-10
1.117663078e-09
-2.635749233e-10
1.15531079e-09
-2.892654693e-10
1.188759207e-09
-3.151501066e-10
1.218161188e-09
-3.411111846e-10
1.243666558e-09
-3.670370739e-10
1.265421349e-09
-3.928216522e-10
1.28356755e-09
-4.183637323e-10
1.298242275e-09
-4.435663834e-10
1.309577135e-09
-4.683363179e-10
1.317697576e-09
-4.925829769e-10
1.322722023e-09
-5.162175817e-10
1.324761115e-09
-5.391520207e-10
1.323916595e-09
-5.612976053e-10
1.320280413e-09
-5.825635224e-10
1.313933443e-09
-6.028552625e-10
1.304944488e-09
-6.220720472e-10
1.293368081e-09
-6.401044041e-10
1.279242769e-09
-6.568307149e-10
1.26258862e-09
-6.721125197e-10
1.243404083e-09
-6.857886079e-10
1.221661346e-09
-6.976668095e-10
1.197301319e-09
-7.075120937e-10
1.170225351e-09
-7.15029979e-10
1.140285646e-09
-7.19841231e-10
1.107271117e-09
-7.214437854e-10
1.070888292e-09
-7.191534411e-10
1.030735356e-09
-7.120103867e-10
9.862660599e-10
-6.986303389e-10
9.367403473e-10
-6.769694496e-10
8.811598278e-10
-6.439568006e-10
8.181922686e-10
-5.949119794e-10
7.461078624e-10
-5.225651625e-10
6.627404775e-10
-4.152457911e-10
5.653396567e-10
-2.527218198e-10
4.494841334e-10
3.084788157e-10
-7.454203398e-14
5.908409468e-11
-2.945234448e-13
1.728160561e-10
-6.340626365e-13
2.800330313e-10
-1.068071495e-12
3.80856191e-10
-1.564026302e-12
4.754633242e-10
-2.088150931e-12
5.640236458e-10
-2.605993962e-12
6.467067494e-10
-3.083592275e-12
7.236849483e-10
-3.488851982e-12
7.951304845e-10
-3.792591825e-12
8.612152216e-10
-3.968960928e-12
9.221098549e-10
-3.996373799e-12
9.779841291e-10
-3.857437314e-12
1.029006148e-09
-3.539608751e-12
1.075342672e-09
-3.034792525e-12
1.117158262e-09
-2.339642139e-12
1.15461564e-09
-1.455326503e-12
1.187874892e-09
-3.872783828e-13
1.21709314e-09
8.549681118e-13
1.242424311e-09
2.257995869e-12
1.264018321e-09
3.804772234e-12
1.282020773e-09
5.474899068e-12
1.296572148e-09
7.244757333e-12
1.307807276e-09
9.087765012e-12
1.315854569e-09
1.09743768e-11
1.320835411e-09
1.287228912e-11
1.322863202e-09
1.474627871e-11
1.322042605e-09
1.655820176e-11
1.31846849e-09
1.826692081e-11
1.312224724e-09
1.982783837e-11
1.30338357e-09
2.119277167e-11
1.292003147e-09
2.230901357e-11
1.278126526e-09
2.311878759e-11
1.261778846e-09
2.355803686e-11
1.242964834e-09
2.355481689e-11
1.221664566e-09
2.302731473e-11
1.197828821e-09
2.188037882e-11
1.171372287e-09
2.000167507e-11
1.142164349e-09
1.725639725e-11
1.110016395e-09
1.348075031e-11
1.074663939e-09
8.475280328e-12
1.035740826e-09
2.000908485e-12
9.927404315e-10
-6.216339138e-12
9.449575949e-10
-1.645454074e-11
8.913980294e-10
-2.889376154e-11
8.306314894e-10
-4.332045292e-11
7.605345538e-10
-5.837573194e-11
6.777957566e-10
-6.980392244e-11
5.767678473e-10
-6.581887e-11
4.45499081e-10
2.426599457e-10
-1.439359894e-13
5.922803066e-11
-5.638358702e-13
1.73235956e-10
-1.226311535e-12
2.80695507e-10
-2.096772974e-12
3.817266525e-10
-3.133754244e-12
4.765003056e-10
-4.293986033e-12
5.651838776e-10
-5.53361531e-12
6.479463786e-10
-6.809491841e-12
7.249608249e-10
-8.08068629e-12
7.964016789e-10
-9.309296347e-12
8.624438317e-10
-1.046132285e-11
9.232618813e-10
-1.150726193e-11
9.79030068e-10
-1.242242313e-11
1.029921309e-09
-1.318710305e-11
1.076107352e-09
-1.378680872e-11
1.117757968e-09
-1.421189976e-11
1.15504073e-09
-1.445761038e-11
1.188120603e-09
-1.452388366e-11
1.217159414e-09
-1.441481092e-11
1.242315238e-09
-1.413861614e-11
1.263742126e-09
-1.370712837e-11
1.281589285e-09
-1.31355602e-11
1.29600058e-09
-1.244218641e-11
1.307113902e-09
-1.164816118e-11
1.315060543e-09
-1.077713096e-11
1.319964381e-09
-9.855121327e-12
1.321941193e-09
-8.910478535e-12
1.321097962e-09
-7.973773829e-12
1.317531786e-09
-7.077728325e-12
1.311328679e-09
-6.257159489e-12
1.302563002e-09
-5.549168901e-12
1.291295157e-09
-4.993348735e-12
1.277570706e-09
-4.631641619e-12
1.261417139e-09
-4.508575778e-12
1.242841768e-09
-4.671362638e-12
1.221827353e-09
-5.169808249e-12
1.198327267e-09
-6.0561345e-12
1.172258613e-09
-7.384401692e-12
1.143492616e-09
-9.209611259e-12
1.111841605e-09
-1.158579026e-11
1.077040118e-09
-1.456313779e-11
1.038718173e-09
-1.818214788e-11
9.963594417e-10
-2.246217695e-11
9.492376239e-10
-2.737481318e-11
8.963106656e-10
-3.278028575e-11
8.360369621e-10
-3.82746501e-11
7.660289182e-10
-4.278987615e-11
6.823109826e-10
-4.338972078e-11
5.773676919e-10
-3.203577271e-11
4.341451329e-10
2.10624173e-10
-2.103977951e-13
5.943842846e-11
-8.227115797e-13
1.738482697e-10
-1.796301728e-12
2.816690971e-10
-3.086688101e-12
3.830170389e-10
-4.643489585e-12
4.780571071e-10
-6.41409659e-12
5.669544847e-10
-8.345214269e-12
6.498774964e-10
-1.038451984e-11
7.270001306e-10
-1.248210538e-11
7.984992648e-10
-1.459130498e-11
8.645530315e-10
-1.666988405e-11
9.253404605e-10
-1.868027495e-11
9.81040459e-10
-2.05903517e-11
1.031831386e-09
-2.237322809e-11
1.077890228e-09
-2.400761933e-11
1.119392359e-09
-2.547760815e-11
1.156510719e-09
-2.677233572e-11
1.18941533e-09
-2.788585136e-11
1.218272929e-09
-2.8816756e-11
1.243246142e-09
-2.956781778e-11
1.264493188e-09
-3.014550332e-11
1.282166972e-09
-3.055969724e-11
1.296414775e-09
-3.082327671e-11
1.307377482e-09
-3.095186529e-11
1.315189132e-09
-3.096343034e-11
1.319975946e-09
-3.087814144e-11
1.321855904e-09
-3.071802616e-11
1.320937847e-09
-3.050713316e-11
1.317320893e-09
-3.02712097e-11
1.311092755e-09
-3.003773884e-11
1.302329531e-09
-2.983600276e-11
1.291093421e-09
-2.969724562e-11
1.277431949e-09
-2.96547463e-11
1.261374639e-09
-2.974369714e-11
1.242930719e-09
-3.000158905e-11
1.222085245e-09
-3.046800179e-11
1.198793679e-09
-3.118396351e-11
1.172974575e-09
-3.219085924e-11
1.144499512e-09
-3.352781061e-11
1.113178556e-09
-3.522648726e-11
1.078738795e-09
-3.730102859e-11
1.040792715e-09
-3.97301138e-11
9.987885271e-10
-4.242394272e-11
9.519314529e-10
-4.516489134e-11
8.990516142e-10
-4.750188638e-11
8.38373957e-10
-4.855910128e-11
7.670861331e-10
-4.667868208e-11
6.804305633e-10
-3.892386101e-11
5.696128707e-10
-2.184752793e-11
4.170687998e-10
1.88776645e-10
-2.73304384e-13
5.971173286e-11
-1.068384631e-12
1.7464335e-10
-2.337068213e-12
2.829377807e-10
-4.025527085e-12
3.847054977e-10
-6.07437633e-12
4.801059562e-10
-8.421677251e-12
5.693017856e-10
-1.100473209e-11
6.524605513e-10
-1.376194667e-11
7.29757345e-10
-1.66341451e-11
8.01371463e-10
-1.956575736e-11
8.674846437e-10
-2.25058527e-11
9.282805557e-10
-2.540855175e-11
9.839431582e-10
-2.823364668e-11
1.034656481e-09
-3.094669331e-11
1.080603275e-09
-3.35189868e-11
1.121964653e-09
-3.592753509e-11
1.158919268e-09
-3.815482052e-11
1.191642615e-09
-4.018831658e-11
1.220306425e-09
-4.202028289e-11
1.245078109e-09
-4.364719448e-11
1.2661201e-09
-4.506938883e-11
1.283589166e-09
-4.629059919e-11
1.297635985e-09
-4.731757634e-11
1.308404459e-09
-4.815957867e-11
1.316031134e-09
-4.882817862e-11
1.320644546e-09
-4.933707486e-11
1.3223648e-09
-4.970162054e-11
1.321302393e-09
-4.993877264e-11
1.317558045e-09
-5.006718918e-11
1.311221172e-09
-5.010694227e-11
1.302369284e-09
-5.007962499e-11
1.291066103e-09
-5.000835297e-11
1.277360677e-09
-4.991786263e-11
1.261284149e-09
-4.983441639e-11
1.242847273e-09
-4.978567645e-11
1.222036505e-09
-4.980022847e-11
1.198808232e-09
-4.990666468e-11
1.173081012e-09
-5.01319095e-11
1.144724757e-09
-5.049746852e-11
1.113544115e-09
-5.101331158e-11
1.079254637e-09
-5.166579281e-11
1.041445196e-09
-5.239677604e-11
9.995195101e-10
-5.306602694e-11
9.526007038e-10
-5.338679901e-11
8.993723862e-10
-5.281819145e-11
8.378053495e-10
-5.039812906e-11
7.646660707e-10
-4.455934033e-11
6.745917747e-10
-3.329634235e-11
5.583498729e-10
-1.606370152e-11
3.99836159e-10
1.727129435e-10
-3.321277569e-13
6.004386062e-11
-1.298530738e-12
1.75609753e-10
-2.843524151e-12
2.844827741e-10
-4.904539446e-12
3.867665131e-10
-7.413361016e-12
4.826147778e-10
-1.029892883e-11
5.721873532e-10
-1.348939088e-11
6.556510132e-10
-1.691396347e-11
7.331819177e-10
-2.050428949e-11
8.049617891e-10
-2.419598301e-11
8.711763372e-10
-2.792927676e-11
9.320138495e-10
-3.165001983e-11
9.876639013e-10
-3.530974094e-11
1.038316202e-09
-3.886625246e-11
1.084159786e-09
-4.228338985e-11
1.12538179e-09
-4.553090997e-11
1.162166787e-09
-4.858430174e-11
1.194696007e-09
-5.142445569e-11
1.22314658e-09
-5.403714692e-11
1.2476908e-09
-5.641256047e-11
1.268495513e-09
-5.854493596e-11
1.285721541e-09
-6.043203945e-11
1.299523088e-09
-6.207474197e-11
1.310047162e-09
-6.347658532e-11
1.317432978e-09
-6.464349562e-11
1.321811457e-09
-6.558346895e-11
1.323304774e-09
-6.630649992e-11
1.322025424e-09
-6.68240892e-11
1.318075634e-09
-6.71496603e-11
1.311546743e-09
-6.729804658e-11
1.30251767e-09
-6.728582398e-11
1.291053881e-09
-6.713089465e-11
1.277205748e-09
-6.685270795e-11
1.261005962e-09
-6.647204047e-11
1.242466606e-09
-6.601036379e-11
1.221574829e-09
-6.548905446e-11
1.198286922e-09
-6.492785e-11
1.172519807e-09
-6.434200752e-11
1.144138915e-09
-6.373769114e-11
1.112939798e-09
-6.310370965e-11
1.078620656e-09
-6.239767424e-11
1.04073916e-09
-6.152234527e-11
9.986441811e-10
-6.028748116e-11
9.513658396e-10
-5.835075817e-11
8.974356632e-10
-5.513732925e-11
8.345919205e-10
-4.976236386e-11
7.592911053e-10
-4.10715069e-11
6.659009177e-10
-2.815557797e-11
5.454339439e-10
-1.213214126e-11
3.838127223e-10
1.605808022e-10
-3.86392786e-13
6.04302534e-11
-1.511050557e-12
1.767344107e-10
-3.311051733e-12
2.862827752e-10
-5.715720388e-12
3.891711816e-10
-8.648375103e-12
4.855474324e-10
-1.202926854e-11
5.755682467e-10
-1.577775635e-11
6.593995011e-10
-1.981410541e-11
7.372182668e-10
-2.406117298e-11
8.092088568e-10
-2.844590996e-11
8.755610742e-10
-3.290004436e-11
9.364679841e-10
-3.736117828e-11
9.921250352e-10
-4.177297826e-11
1.042728002e-09
-4.60854542e-11
1.088472262e-09
-5.025512514e-11
1.129551461e-09
-5.424472967e-11
1.166156392e-09
-5.802301502e-11
1.198474293e-09
-6.156436078e-11
1.226687925e-09
-6.484833116e-11
1.250974771e-09
-6.785923786e-11
1.27150642e-09
-7.05856427e-11
1.288447946e-09
-7.301986382e-11
1.301957309e-09
-7.51575244e-11
1.312184822e-09
-7.699726175e-11
1.319272715e-09
-7.854035279e-11
1.323354547e-09
-7.979021348e-11
1.324554634e-09
-8.075263969e-11
1.32298785e-09
-8.143518661e-11
1.318758181e-09
-8.184741026e-11
1.311958966e-09
-8.200060735e-11
1.302670867e-09
-8.190779358e-11
1.290961067e-09
-8.158344238e-11
1.276881397e-09
-8.104343832e-11
1.260465958e-09
-8.030466982e-11
1.241727837e-09
-7.938424463e-11
1.220654404e-09
-7.829837225e-11
1.19720105e-09
-7.706039944e-11
1.171281834e-09
-7.567741615e-11
1.142755931e-09
-7.41448668e-11
1.111407249e-09
-7.243684303e-11
1.076912632e-09
-7.04911405e-11
1.038793458e-09
-6.818444661e-11
9.963374872e-10
-6.529605279e-11
9.484774459e-10
-6.146066314e-11
8.936002735e-10
-5.6124957e-11
8.292562142e-10
-4.855829342e-11
7.517244417e-10
-3.803888857e-11
6.553815128e-10
-2.445768354e-11
5.318527387e-10
-9.710135638e-12
3.690651743e-10
1.508706666e-10
-4.356676344e-13
6.086592104e-11
-1.704042499e-12
1.780027856e-10
-3.735477186e-12
2.8831421e-10
-6.451834348e-12
3.918875389e-10
-9.768576561e-12
4.888641749e-10
-1.359783896e-11
5.793975093e-10
-1.785065216e-11
6.636523144e-10
-2.243885464e-11
7.418064691e-10
-2.727708432e-11
8.140470862e-10
-3.228393693e-11
8.805679269e-10
-3.738327253e-11
9.415673196e-10
-4.250468073e-11
9.972464433e-10
-4.758438871e-11
1.04780771e-09
-5.256515992e-11
1.093453033e-09
-5.7396469e-11
1.13438277e-09
-6.203440341e-11
1.170794326e-09
-6.644146643e-11
1.202881356e-09
-7.058599766e-11
1.230832456e-09
-7.444190505e-11
1.254830678e-09
-7.798813802e-11
1.275052653e-09
-8.120825367e-11
1.291668062e-09
-8.408989297e-11
1.304838949e-09
-8.662431976e-11
1.314719249e-09
-8.880605674e-11
1.321454452e-09
-9.063264485e-11
1.325181136e-09
-9.210420953e-11
1.326026199e-09
-9.322326114e-11
1.324106902e-09
-9.399459197e-11
1.319529512e-09
-9.442509588e-11
1.31238947e-09
-9.452360934e-11
1.302769381e-09
-9.430073398e-11
1.290738191e-09
-9.376856078e-11
1.276349223e-09
-9.294045372e-11
1.259637851e-09
-9.183037631e-11
1.240617759e-09
-9.045200205e-11
1.219276029e-09
-8.881736101e-11
1.195566409e-09
-8.693440739e-11
1.16939888e-09
-8.480342953e-11
1.140624953e-09
-8.241050591e-11
1.109014325e-09
-7.971780563e-11
1.074219932e-09
-7.664760451e-11
1.035723257e-09
-7.305922809e-11
9.927491109e-10
-6.871816469e-11
9.441363824e-10
-6.326694921e-11
8.881490581e-10
-5.622115955e-11
8.222104246e-10
-4.704471221e-11
7.425479942e-10
-3.539777102e-11
6.437345716e-10
-2.169366321e-11
5.18148631e-10
-8.112213628e-12
3.554837248e-10
1.427584529e-10
-4.795548236e-13
6.134547588e-11
-1.875903538e-12
1.793991344e-10
-4.113309099e-12
2.905516155e-10
-7.106936557e-12
3.948811663e-10
-1.076515324e-11
4.925223914e-10
-1.499266445e-11
5.836250203e-10
-1.969283357e-11
6.683524833e-10
-2.47698711e-11
7.468835068e-10
-3.013080798e-11
8.194080232e-10
-3.568662217e-11
8.861237409e-10
-4.135380266e-11
9.472345e-10
-4.705481188e-11
1.002947453e-09
-5.271878393e-11
1.053471682e-09
-5.828190972e-11
1.099016159e-09
-6.368730124e-11
1.139788162e-09
-6.888503063e-11
1.175992056e-09
-7.383177796e-11
1.207828103e-09
-7.849057423e-11
1.235491253e-09
-8.283030316e-11
1.259170407e-09
-8.682526591e-11
1.279047616e-09
-9.045467407e-11
1.29529747e-09
-9.37021167e-11
1.308086391e-09
-9.655533585e-11
1.317572468e-09
-9.900558097e-11
1.323904697e-09
-1.010473222e-10
1.327222876e-09
-1.026781185e-10
1.327656995e-09
-1.038980421e-10
1.325326825e-09
-1.04709782e-10
1.320341252e-09
-1.051182758e-10
1.312797964e-09
-1.051304614e-10
1.302781567e-09
-1.047551123e-10
1.290362843e-09
-1.040025727e-10
1.275596684e-09
-1.028841756e-10
1.258519454e-09
-1.01411552e-10
1.239145136e-09
-9.959567343e-11
1.217460151e-09
-9.744514686e-11
1.193415882e-09
-9.496368737e-11
1.166917421e-09
-9.214587432e-11
1.137807141e-09
-8.897040014e-11
1.105838851e-09
-8.53901424e-11
1.070639674e-09
-8.131635808e-11
1.031649472e-09
-7.659852148e-11
9.880312741e-10
-7.10023201e-11
9.385401809e-10
-6.419988928e-11
8.813466272e-10
-5.579936901e-11
8.138099044e-10
-4.545822918e-11
7.322068546e-10
-3.313937333e-11
6.314157157e-10
-1.957657056e-11
5.045858282e-10
-6.996909851e-12
3.429040641e-10
1.357615431e-10
-5.17729621e-13
6.186320551e-11
-2.025372146e-12
1.809067769e-10
-4.441852475e-12
2.929680959e-10
-7.67650226e-12
3.981158161e-10
-1.163142827e-11
4.964773174e-10
-1.620476295e-11
5.88198355e-10
-2.129311633e-11
6.734408368e-10
-2.679400549e-11
7.52384396e-10
-3.260756022e-11
8.25221578e-10
-3.863820105e-11
8.921543818e-10
-4.479567764e-11
9.533919767e-10
-5.099619198e-11
1.009147967e-09
-5.716269564e-11
1.059638185e-09
-6.32253716e-11
1.105078835e-09
-6.912173837e-11
1.145684528e-09
-7.479655228e-11
1.18166687e-09
-8.020144999e-11
1.213233001e-09
-8.529474977e-11
1.240584553e-09
-9.004095666e-11
1.263916614e-09
-9.441035726e-11
1.283417016e-09
-9.837843717e-11
1.299265549e-09
-1.019254764e-10
1.31163343e-09
-1.050360407e-10
1.320683033e-09
-1.076987525e-10
1.326567409e-09
-1.099055714e-10
1.329429695e-09
-1.116518719e-10
1.329403296e-09
-1.129357665e-10
1.32661072e-09
-1.137582931e-10
1.321163778e-09
-1.141226872e-10
1.313162358e-09
-1.140344094e-10
1.302693289e-09
-1.135007485e-10
1.289829182e-09
-1.125305601e-10
1.274626495e-09
-1.111335198e-10
1.257122413e-09
-1.093193912e-10
1.237331007e-09
-1.070969571e-10
1.215237717e-09
-1.044720082e-10
1.190790933e-09
-1.01444798e-10
1.163890211e-09
-9.800524263e-11
1.134367585e-09
-9.412638812e-11
1.101959997e-09
-8.975409464e-11
1.066267381e-09
-8.479290247e-11
1.02668828e-09
-7.908971254e-11
9.823280844e-10
-7.242206912e-11
9.318725376e-10
-6.450635584e-11
8.734309141e-10
-5.505108382e-11
8.043546324e-10
-4.388594501e-11
7.210417158e-10
-3.119861567e-11
6.187283865e-10
-1.790777299e-11
4.912949856e-10
-6.179502619e-12
3.311757937e-10
1.295820405e-10
-5.499738884e-13
6.241317939e-11
-2.151606307e-12
1.825084093e-10
-4.71933135e-12
2.95535821e-10
-8.157554977e-12
4.015540398e-10
-1.236310732e-11
5.006828698e-10
-1.722851934e-11
5.930637671e-10
-2.264477031e-11
6.788570878e-10
-2.85036423e-11
7.582432678e-10
-3.469941922e-11
8.314173547e-10
-4.113089893e-11
8.985858615e-10
-4.770219889e-11
9.599632767e-10
-5.432399328e-11
1.015769761e-09
-6.091403656e-11
1.066228229e-09
-6.739740987e-11
1.111562208e-09
-7.370677469e-11
1.151993893e-09
-7.978224811e-11
1.187742343e-09
-8.557117104e-11
1.219021923e-09
-9.102782423e-11
1.246041206e-09
-9.611291719e-11
1.269001707e-09
-1.007932305e-10
1.28809733e-09
-1.050409861e-10
1.303513306e-09
-1.088336116e-10
1.315426056e-09
-1.1215302e-10
1.324002441e-09
-1.14985311e-10
1.3293997e-09
-1.173204559e-10
1.33176484e-09
-1.19151765e-10
1.331234605e-09
-1.204757344e-10
1.327934689e-09
-1.212918326e-10
1.321979876e-09
-1.216018547e-10
1.31347238e-09
-1.21409951e-10
1.302501385e-09
-1.207222054e-10
1.289141436e-09
-1.195461451e-10
1.273450435e-09
-1.1789006e-10
1.255466329e-09
-1.157622636e-10
1.235203211e-09
-1.131696353e-10
1.212645088e-09
-1.101157931e-10
1.187737091e-09
-1.065980503e-10
1.160372468e-09
-1.026027409e-10
1.130372276e-09
-9.809848152e-11
1.097455737e-09
-9.302641583e-11
1.061195315e-09
-8.728819469e-11
1.020950059e-09
-8.073448881e-11
9.757743785e-10
-7.316362709e-11
9.243016758e-10
-6.434425239e-11
8.646115394e-10
-5.408286257e-11
7.940932426e-10
-4.235320074e-11
7.093120539e-10
-2.950364719e-11
6.058788329e-10
-1.655078823e-11
4.783421266e-10
-5.553633452e-12
3.201786389e-10
1.24028407e-10
-5.761680507e-13
6.298934744e-11
-2.254151719e-12
1.84186393e-10
-4.944790963e-12
2.982264602e-10
-8.548554593e-12
4.051578034e-10
-1.295802992e-11
5.050923453e-10
-1.806134817e-11
5.981670853e-10
-2.374501463e-11
6.845407541e-10
-2.989610112e-11
7.643943544e-10
-3.640438804e-11
8.379256417e-10
-4.316391407e-11
9.053453876e-10
-5.007440978e-11
9.668737726e-10
-5.704201499e-11
1.022737367e-09
-6.39801009e-11
1.073166315e-09
-7.080961434e-11
1.118391722e-09
-7.745917214e-11
1.158643451e-09
-8.38649794e-11
1.19414815e-09
-8.997075484e-11
1.225127699e-09
-9.572722198e-11
1.251797673e-09
-1.010918341e-10
1.274366319e-09
-1.060283224e-10
1.293033818e-09
-1.105060728e-10
1.307991056e-09
-1.144997891e-10
1.319419772e-09
-1.179890573e-10
1.327491709e-09
-1.209577039e-10
1.332368346e-09
-1.233937572e-10
1.334200893e-09
-1.252886858e-10
1.333129533e-09
-1.266375102e-10
1.329283513e-09
-1.274380959e-10
1.322780462e-09
-1.276910125e-10
1.313725297e-09
-1.273992027e-10
1.302209575e-09
-1.265677012e-10
1.288309935e-09
-1.252028771e-10
1.272085611e-09
-1.233118891e-10
1.25357534e-09
-1.209017836e-10
1.232793105e-09
-1.179779714e-10
1.209721276e-09
-1.145422185e-10
1.184301338e-09
-1.105894629e-10
1.156419713e-09
-1.061032745e-10
1.125886087e-09
-1.010491299e-10
1.092401593e-09
-9.536554974e-11
1.055511735e-09
-8.895474155e-11
1.014539251e-09
-8.167655753e-11
9.684961942e-10
-7.33560862e-11
9.159812044e-10
-6.381714685e-11
8.550726e-10
-5.295562467e-11
7.832317204e-10
-4.086137441e-11
6.972178035e-10
-2.799408061e-11
5.93011539e-10
-1.54135873e-11
4.657616332e-10
-5.05548996e-12
3.098205416e-10
1.18972917e-10
-5.9630152e-13
6.358564895e-11
-2.332979714e-12
1.859230711e-10
-5.118212801e-12
3.010116933e-10
-8.849568087e-12
4.088891587e-10
-1.341654007e-11
5.096593172e-10
-1.870410541e-11
6.034546508e-10
-2.459547579e-11
6.904321247e-10
-3.097427214e-11
7.707731508e-10
-3.772695217e-11
8.446783219e-10
-4.47440534e-11
9.123624886e-10
-5.192185938e-11
9.740515782e-10
-5.916316517e-11
1.029978672e-09
-6.637793405e-11
1.080381084e-09
-7.348374474e-11
1.125497532e-09
-8.040594088e-11
1.165565647e-09
-8.707760064e-11
1.20081981e-09
-9.343929037e-11
1.231489389e-09
-9.943877126e-11
1.257797154e-09
-1.050306479e-10
1.279958196e-09
-1.101757607e-10
1.298178931e-09
-1.148410255e-10
1.31265632e-09
-1.189986739e-10
1.32357742e-09
-1.226259308e-10
1.331118966e-09
-1.257046769e-10
1.335447093e-09
-1.282208717e-10
1.336717089e-09
-1.301643467e-10
1.335073008e-09
-1.315285821e-10
1.330647749e-09
-1.323100003e-10
1.32356188e-09
-1.325079579e-10
1.313923255e-09
-1.321243965e-10
1.301826014e-09
-1.311632634e-10
1.287348801e-09
-1.296299354e-10
1.270552283e-09
-1.275306869e-10
1.251476092e-09
-1.248714267e-10
1.230133845e-09
-1.216563496e-10
1.206506199e-09
-1.178857204e-10
1.180530709e-09
-1.135526119e-10
1.152086604e-09
-1.086385041e-10
1.120971979e-09
-1.031068997e-10
1.086869988e-09
-9.689575382e-11
1.049300589e-09
-8.991088737e-11
1.007554384e-09
-8.202552987e-11
9.60610837e-10
-7.30950068e-11
9.070506814e-10
-6.299739169e-11
8.449749848e-10
-5.170692711e-11
7.719412557e-10
-3.940441332e-11
6.849152897e-10
-2.662398561e-11
5.802311114e-10
-1.443447983e-11
4.535721276e-10
-4.645603953e-12
3.000316657e-10
1.143273131e-10
-6.104659755e-13
-2.38846045e-12
-5.240445579e-12
-9.062160178e-12
-1.374123789e-11
-1.916073849e-11
-2.520174809e-11
-3.174588714e-11
-3.867732487e-11
-4.58845004e-11
-5.326126124e-11
-6.070804263e-11
-6.813239158e-11
-7.54493917e-11
-8.258183787e-11
-8.946022274e-11
-9.602250071e-11
-1.022138614e-10
-1.079863437e-10
-1.132983269e-10
-1.181142263e-10
-1.224039989e-10
-1.261426804e-10
-1.293100801e-10
-1.318902472e-10
-1.338714643e-10
-1.352455359e-10
-1.360076057e-10
-1.361559145e-10
-1.356913577e-10
-1.346169109e-10
-1.329371473e-10
-1.306574166e-10
-1.277827182e-10
-1.243162499e-10
-1.202569995e-10
1.176471459e-09
-1.155966437e-10
1.147426248e-09
-1.103152034e-10
1.115690539e-09
-1.043753713e-10
1.080930156e-09
-9.771634316e-11
1.042641561e-09
-9.025018593e-11
1.000088227e-09
-8.186644257e-11
9.522270934e-10
-7.245230474e-11
8.976365436e-10
-6.193660639e-11
8.344592866e-10
-5.036031294e-11
7.603649624e-10
-3.797377729e-11
6.725287542e-10
-2.535860852e-11
5.676159426e-10
-1.357099636e-11
4.417845153e-10
-4.298447432e-12
2.907591167e-10
1.100288656e-10
-1.217504054e-10
-1.1681398e-10
-1.11223233e-10
-1.049410768e-10
-9.790962383e-11
-9.004936888e-11
-8.126797105e-11
-7.148441978e-11
-6.067360703e-11
-4.893194127e-11
-3.656184753e-11
-2.417242861e-11
-1.279360625e-11
-3.997095569e-12
)
;

boundaryField
{
    front_top
    {
        type            wedge;
        value           nonuniform List<scalar> 
502
(
1.856779921e-23
2.112463152e-23
2.412764062e-23
2.734583383e-23
3.066128439e-23
3.4233166e-23
3.795403491e-23
4.184739848e-23
4.593932379e-23
5.01220906e-23
5.452399538e-23
2.022042445e-22
2.305229299e-22
2.621844325e-22
2.965879476e-22
3.327957207e-22
3.714528307e-22
4.122079217e-22
4.548351388e-22
4.990962672e-22
5.446611514e-22
5.912560515e-22
-6.85936911e-22
-7.78776979e-22
-8.790716966e-22
-9.864699531e-22
-1.101141316e-21
-1.222568748e-21
-1.349456495e-21
-1.480893808e-21
-1.615956832e-21
-1.753487846e-21
5.564618508e-22
6.317904233e-22
7.137325942e-22
8.016763761e-22
8.950346779e-22
9.933252981e-22
1.096038405e-21
1.202689444e-21
1.312430569e-21
1.424179181e-21
-8.551418385e-22
-9.710818828e-22
-1.096413516e-21
-1.230791223e-21
-1.373869581e-21
-1.525134595e-21
-1.683154728e-21
-1.847101973e-21
-2.015556352e-21
-2.186741664e-21
-2.910061658e-22
-3.304877311e-22
-3.731612837e-22
-4.189098186e-22
-4.676358481e-22
-5.190869972e-22
-5.727727763e-22
-6.285317282e-22
-6.858406508e-22
-7.4389505e-22
6.208569306e-22
7.052215017e-22
7.965414133e-22
8.945075362e-22
9.986899465e-22
1.108475291e-21
1.223125858e-21
1.341770135e-21
1.463459607e-21
1.587146215e-21
5.863085779e-21
6.66109051e-21
7.524689368e-21
8.451017127e-21
9.435694393e-21
1.047293098e-20
1.155546464e-20
1.267520146e-20
1.382255738e-20
1.498684536e-20
-8.63739566e-21
-9.815284428e-21
-1.109011602e-20
-1.245737586e-20
-1.391022298e-20
-1.543966064e-20
-1.703489932e-20
-1.86835894e-20
-2.037100819e-20
-2.208100191e-20
1.329942435e-22
1.511503653e-22
1.707583195e-22
1.918448795e-22
2.142439809e-22
2.37889118e-22
2.62550668e-22
2.879380009e-22
3.138923051e-22
3.401628225e-22
5.492976076e-21
6.246023766e-21
7.061167013e-21
7.935270385e-21
8.863560279e-21
9.839810843e-21
1.08566426e-20
1.190558227e-20
1.297637861e-20
1.40580545e-20
-3.322904372e-21
-3.780106402e-21
-4.275057779e-21
-4.80573762e-21
-5.369158578e-21
-5.961377533e-21
-6.577732684e-21
-7.212942256e-21
-7.860412933e-21
-8.513288753e-21
1.234323329e-21
1.404859321e-21
1.589483625e-21
1.787430965e-21
1.997587482e-21
2.218457128e-21
2.448135332e-21
2.684565477e-21
2.925170933e-21
3.167351001e-21
8.908514861e-21
1.014510893e-20
1.148461367e-20
1.292112546e-20
1.444579774e-20
1.604703724e-20
1.771103126e-20
1.942211248e-20
2.116057235e-20
2.290702231e-20
-2.498437359e-21
-2.84714353e-21
-3.225083571e-21
-3.630485644e-21
-4.060730793e-21
-4.512390776e-21
-4.981393746e-21
-5.463113231e-21
-5.951680015e-21
-6.441528068e-21
-1.807200104e-20
-2.061011269e-20
-2.336263132e-20
-2.63162713e-20
-2.945112554e-20
-3.274104312e-20
-3.615488674e-20
-3.96571975e-20
-4.320278958e-20
-4.67498789e-20
-1.807020458e-21
-2.06259594e-21
-2.33999894e-21
-2.637826046e-21
-2.953965727e-21
-3.285653156e-21
-3.629607814e-21
-3.982053958e-21
-4.338182776e-21
-4.693653686e-21
2.868276966e-21
3.277169411e-21
3.721368776e-21
4.198596514e-21
4.705388276e-21
5.23706865e-21
5.788053414e-21
6.351964744e-21
6.920583214e-21
7.486884006e-21
3.038413972e-20
3.475380581e-20
3.950655217e-20
4.461721833e-20
5.004681804e-20
5.574304279e-20
6.164283556e-20
6.767386622e-20
7.374306299e-20
7.977245157e-20
-1.638293106e-20
-1.876197703e-20
-2.135328862e-20
-2.414281351e-20
-2.710836057e-20
-3.022000617e-20
-3.344143059e-20
-3.673061226e-20
-4.003358347e-20
-4.330648294e-20
4.86004693e-21
5.573300254e-21
6.35151041e-21
7.190393754e-21
8.083062e-21
9.0200203e-21
9.989673668e-21
1.097860018e-20
1.196950739e-20
1.294872061e-20
7.024720843e-21
8.067722507e-21
9.207919394e-21
1.043901669e-20
1.175051928e-20
1.312785964e-20
1.455300498e-20
1.600485874e-20
1.745636156e-20
1.888665202e-20
-3.147083539e-21
-3.62030003e-21
-4.138777327e-21
-4.699642187e-21
-5.297999587e-21
-5.926918526e-21
-6.577616544e-21
-7.23984549e-21
-7.900403081e-21
-8.549304804e-21
-4.927001197e-21
-5.677965572e-21
-6.50291225e-21
-7.397377417e-21
-8.353334782e-21
-9.359163696e-21
-1.04000499e-20
-1.145839228e-20
-1.251157989e-20
-1.354283049e-20
1.143630773e-20
1.320506205e-20
1.515379779e-20
1.727233122e-20
1.954142379e-20
2.193236633e-20
2.44077279e-20
2.692253754e-20
2.941919804e-20
3.185539441e-20
-1.514188913e-20
-1.752051788e-20
-2.014999026e-20
-2.301744461e-20
-2.609664051e-20
-2.93469972e-20
-3.271452703e-20
-3.613356638e-20
-3.951983704e-20
-4.281169765e-20
-2.416097745e-20
-2.80198018e-20
-3.230168223e-20
-3.698765521e-20
-4.203506871e-20
-4.737513796e-20
-5.291374322e-20
-5.853463928e-20
-6.408844301e-20
-6.946562306e-20
8.662319038e-21
1.007025852e-20
1.16391574e-20
1.336306272e-20
1.522661176e-20
1.720370004e-20
1.925748132e-20
2.134144835e-20
2.339569731e-20
2.537595118e-20
1.42952381e-20
1.666188665e-20
1.931150885e-20
2.223634059e-20
2.54113574e-20
2.879119416e-20
3.2309283e-20
3.587974931e-20
3.9391283e-20
4.276032315e-20
6.456645649e-21
7.546349584e-21
8.772698826e-21
1.013346415e-20
1.16178094e-20
1.320433805e-20
1.48601699e-20
1.654169314e-20
1.819191219e-20
1.976706529e-20
1.581047153e-20
1.853274563e-20
2.161388436e-20
2.505271702e-20
2.882487814e-20
3.287625491e-20
3.711892599e-20
4.14324229e-20
4.565743539e-20
4.96678326e-20
-2.568991618e-21
-3.020558009e-21
-3.534817112e-21
-4.11252602e-21
-4.75030042e-21
-5.439189527e-21
-6.16368159e-21
-6.901625673e-21
-7.623256582e-21
-8.30412143e-21
-2.800053795e-20
-3.30278969e-20
-3.879224062e-20
-4.531443914e-20
-5.256718734e-20
-6.045430821e-20
-6.879313487e-20
-7.730999331e-20
-8.562899234e-20
-9.342740825e-20
-8.402408334e-21
-9.943986232e-21
-1.172441638e-20
-1.375494331e-20
-1.603149663e-20
-1.852668753e-20
-2.118198491e-20
-2.390428405e-20
-2.656203317e-20
-2.90363287e-20
1.785287775e-20
2.120075592e-20
2.509748474e-20
2.958015292e-20
3.465245719e-20
4.026277913e-20
4.6280531e-20
5.248191425e-20
5.853893016e-20
6.413714095e-20
-1.837140981e-20
-2.18929042e-20
-2.602540847e-20
-3.082403505e-20
-3.63097597e-20
-4.24412675e-20
-4.908113939e-20
-5.597021759e-20
-6.271050978e-20
-6.8893896e-20
-7.041645391e-21
-8.421155422e-21
-1.00539566e-20
-1.196909256e-20
-1.418334944e-20
-1.668809043e-20
-1.943165581e-20
-2.230336028e-20
-2.512279401e-20
-2.769014161e-20
2.600189217e-20
3.120641083e-20
3.742145347e-20
4.478925978e-20
5.341390199e-20
6.330331847e-20
7.428345029e-20
8.590625928e-20
9.738391442e-20
1.077627568e-19
-7.688497923e-21
-9.259882269e-21
-1.115343245e-20
-1.34234233e-20
-1.611642009e-20
-1.925166996e-20
-2.278858167e-20
-2.658587299e-20
-3.036911384e-20
-3.377010383e-20
7.651734737e-21
9.247384579e-21
1.118779284e-20
1.354095782e-20
1.637277024e-20
1.972579939e-20
2.357908941e-20
2.778941631e-20
3.203835556e-20
3.584333956e-20
4.966744365e-21
6.022438189e-21
7.317843439e-21
8.907343768e-21
1.08490741e-20
1.319107989e-20
1.594039598e-20
1.900993703e-20
2.216350269e-20
2.498627331e-20
8.115880952e-22
9.872205033e-22
1.204621874e-21
1.474527451e-21
1.809386324e-21
2.22139313e-21
2.716872999e-21
3.284663654e-21
3.882275515e-21
4.419770454e-21
2.334712303e-21
2.848280313e-21
3.489294468e-21
4.294202959e-21
5.308544732e-21
6.583059097e-21
8.157545745e-21
1.001877946e-20
1.204111747e-20
1.388297162e-20
-1.358895664e-22
-1.662028356e-22
-2.043339643e-22
-2.527258187e-22
-3.146493271e-22
-3.941613436e-22
-4.95301204e-22
-6.19283488e-22
-7.596393029e-22
-8.905111425e-22
-7.355464785e-21
-9.01936396e-21
-1.112685969e-20
-1.382854991e-20
-1.73364071e-20
-2.193854734e-20
-2.797855126e-20
-3.569749452e-20
-4.489790333e-20
-5.381491826e-20
-2.640108277e-22
-3.243909024e-22
-4.013376025e-22
-5.008553377e-22
-6.317879989e-22
-8.07145041e-22
-1.044741544e-21
-1.362814814e-21
-1.766816082e-21
-2.182136059e-21
3.444151922e-22
4.240093348e-22
5.259649776e-22
6.588150168e-22
8.3563546e-22
1.076919251e-21
1.41413924e-21
1.888661902e-21
2.539375484e-21
3.267660819e-21
-1.780046579e-21
-2.194385113e-21
-2.727380667e-21
-3.42622687e-21
-4.3652795e-21
-5.667195202e-21
-7.537937031e-21
-1.030439534e-20
-1.444879979e-20
-1.965766735e-20
2.369838119e-21
2.924131554e-21
3.639306137e-21
4.581183205e-21
5.85554351e-21
7.64312178e-21
1.026701028e-20
1.431294805e-20
2.093950119e-20
3.06699396e-20
-4.704030668e-22
-5.805476622e-22
-7.229101473e-22
-9.109335333e-22
-1.166424281e-21
-1.527580607e-21
-2.065348043e-21
-2.917905249e-21
-4.441610509e-21
-7.597390425e-21
)
;
    }
    front_middle
    {
        type            wedge;
        value           nonuniform List<scalar> 
665
(
-7.031375389e-22
2.705666948e-21
-7.434933035e-22
-9.550228567e-21
-7.349164157e-22
2.898982734e-21
-8.002485264e-22
-1.029516166e-20
-7.845940287e-22
3.153841941e-21
-8.710808235e-22
3.243274342e-21
-1.579221034e-20
2.986017838e-20
-1.173820135e-20
-3.334057505e-21
-1.201999177e-20
1.940495912e-20
-1.051021841e-22
-3.703876335e-21
-2.607216498e-20
-3.677584578e-21
2.544633025e-20
-4.049049073e-21
5.272736462e-23
-3.318611425e-20
3.544047121e-21
3.672053644e-21
-1.812174931e-20
1.55102386e-20
3.768763979e-21
1.623587447e-20
-3.189546095e-20
3.984173532e-21
-2.05811791e-20
4.435334443e-21
1.834996395e-20
-2.13945006e-20
-9.721773291e-21
-1.209127024e-20
1.024013005e-20
-3.367109566e-20
4.407616448e-20
-3.477458149e-20
3.377590705e-20
-3.608992999e-20
3.480566312e-20
-2.500031192e-20
-3.864653542e-20
3.728209627e-20
-2.654420087e-20
2.473980338e-20
3.602230788e-20
-9.436337068e-20
5.548087638e-21
4.935154762e-20
4.869636591e-21
3.785434092e-20
-1.030962395e-19
4.181013882e-20
1.846826364e-20
4.310099835e-21
-8.760021947e-20
2.110408956e-20
4.595540981e-20
-1.018373877e-20
-4.163199627e-20
-1.156944521e-20
-1.053657233e-20
1.029423252e-19
-1.056552347e-20
-1.283206951e-19
1.069154224e-19
-1.342534067e-20
-1.049219304e-20
-1.380081119e-20
-5.391651367e-20
-1.20144364e-20
-2.916562011e-20
4.603271523e-20
-3.005957696e-20
-3.17011364e-20
4.793365925e-20
-3.054195104e-20
-3.289374959e-20
8.478221435e-20
-3.232654118e-20
-3.544619924e-20
5.52559519e-20
-7.010551751e-20
-3.830250549e-20
8.292578578e-20
-1.975987476e-20
-4.895638721e-20
8.785845382e-20
-5.177970781e-20
-5.125941958e-20
9.229372885e-20
-5.413028227e-20
-1.858588032e-20
9.891699125e-20
-9.30440326e-20
-2.122051483e-20
6.853200817e-20
7.264334017e-20
9.266013983e-22
-1.612078993e-19
7.753715016e-20
4.164689374e-21
-5.999246741e-20
1.122241499e-19
-6.178223704e-20
-3.289177001e-20
1.180812729e-19
-6.671431568e-20
-3.65183924e-20
8.744503252e-20
-1.543516861e-20
-1.48582414e-20
-1.156579431e-19
5.45720702e-20
9.842512224e-21
-4.880271813e-20
-1.551025747e-20
9.273749751e-20
-5.163926682e-20
1.591380763e-20
-4.667962351e-20
1.022715637e-19
-1.847505648e-20
-2.783268466e-20
4.053922293e-20
-3.09925451e-20
4.097788137e-20
-2.852524137e-20
-5.881504854e-20
1.072093718e-20
7.241544876e-20
-6.260053993e-20
-3.276245056e-20
-6.677237526e-20
1.957900124e-19
-7.152001592e-20
-5.179899564e-21
8.931696936e-20
-5.179184761e-21
-1.018942277e-19
-3.202558268e-21
-5.106979545e-21
6.831774023e-20
-4.385478982e-21
-7.503510943e-21
-1.113317418e-20
-1.199896065e-19
1.115974815e-19
1.191870932e-21
2.514476353e-20
-2.6827719e-20
1.640364621e-21
-8.877333936e-22
-5.369105867e-21
-4.221998147e-21
-2.40393941e-21
1.520590546e-23
-2.52121628e-20
1.095581843e-19
-1.12415639e-19
-7.810013705e-21
-4.524226447e-21
4.091864844e-20
-9.961374164e-20
1.747415574e-20
1.116408012e-19
-7.087911251e-20
2.556921447e-20
2.331510097e-20
6.698614444e-21
-1.328019875e-20
1.176885033e-19
-8.304187481e-20
2.31342951e-20
-1.179314644e-20
6.643644533e-20
-2.266747814e-20
6.261158084e-20
-1.035100559e-19
-2.480530838e-20
6.25097497e-20
1.513707209e-19
-2.273588218e-19
7.703927886e-20
7.679414449e-20
6.330948069e-20
-1.745105172e-19
-9.919260671e-21
-1.358481439e-19
1.109525378e-19
1.128050865e-19
-1.415991229e-19
1.07592245e-19
-1.438052447e-19
1.386160458e-19
-1.345532194e-19
1.179326195e-19
1.154263045e-19
1.258670677e-19
-3.806263858e-19
8.013331409e-20
-3.129455784e-19
7.953466454e-20
1.659011875e-19
7.777267945e-20
-1.648360071e-19
-7.686975889e-20
6.875613105e-20
-1.82516948e-19
1.929458107e-19
1.043473417e-19
1.023874559e-19
-3.727742711e-19
9.695104819e-20
-1.359844402e-19
9.265805976e-20
9.070065956e-20
-1.378542034e-19
-2.198293096e-19
1.052670699e-19
1.181358505e-19
-2.319819811e-19
1.051563113e-19
2.243512581e-20
1.254507727e-19
-1.50558015e-19
1.587472322e-20
1.99592641e-19
5.397896404e-20
-2.235566579e-20
-2.601902604e-19
4.563565865e-20
-4.06105702e-20
-3.923177616e-20
-3.667014483e-20
-3.30748459e-20
-2.859875043e-20
-2.339417123e-20
6.792583927e-20
-2.682936306e-20
2.48613392e-19
2.982937544e-20
-1.930094232e-19
3.467907663e-20
1.128353123e-19
-1.942626994e-19
4.506793917e-20
3.493414964e-20
1.017362891e-19
-2.368696326e-19
1.656294804e-20
9.737091615e-20
-2.436657223e-19
1.303988437e-19
1.318496685e-19
-3.795151818e-19
1.374261938e-19
1.381648076e-19
-1.017545785e-19
-1.836262074e-19
1.475394925e-19
2.365383296e-19
-3.255402457e-19
8.001360365e-20
1.731369676e-19
-1.048591469e-19
1.781099611e-19
4.4525878e-20
-3.148621673e-19
1.833403248e-19
4.66280729e-20
1.957723949e-19
-3.376903966e-19
4.413017089e-20
2.012744017e-19
-2.721487691e-19
-3.773603921e-20
2.045172776e-19
-2.420660523e-20
1.084151816e-19
1.100616008e-19
-1.722756602e-19
3.711683249e-20
-9.148279054e-20
3.346888972e-19
-1.824754282e-19
-1.084890479e-19
5.319066746e-20
4.810134949e-20
-4.818220287e-20
3.520688538e-20
-1.897951784e-19
6.930101799e-20
6.984616482e-20
7.151087537e-20
-1.373126329e-19
-2.090751371e-19
3.598451735e-19
-1.26825352e-19
2.715836166e-21
-1.498545042e-19
2.910254544e-19
-6.87411616e-20
-2.14147244e-19
8.248311106e-20
1.45347992e-19
2.12445881e-20
2.179777234e-20
2.487195666e-20
-3.192332829e-19
2.283588312e-19
-1.732757126e-19
1.710301419e-19
2.118159048e-20
2.95042808e-20
3.896176395e-20
-2.776691596e-19
2.48237039e-19
6.290645466e-20
6.493605984e-20
-1.20050845e-19
7.395944735e-20
-1.217718067e-19
6.791411133e-20
-1.289345641e-19
7.349965293e-20
1.595083897e-19
6.761112809e-20
5.101240433e-20
-1.611508897e-19
5.584757187e-20
-1.864342686e-19
5.615475023e-20
-9.729794819e-21
-1.365463588e-20
1.123489052e-19
-2.052416754e-19
-7.026560726e-21
5.085437905e-20
4.490516029e-20
1.936665508e-19
6.924302639e-20
-2.032431851e-19
1.837406196e-20
-1.217795243e-19
-6.433888762e-20
5.25947167e-20
-8.705469033e-21
1.228356026e-19
-1.343005968e-19
3.34780288e-20
-7.659586562e-20
6.382863644e-20
5.974200316e-20
1.305159661e-19
-1.572050485e-19
-2.30150079e-19
5.356278584e-20
-1.145167821e-19
-5.626342795e-20
-1.295713572e-21
1.188053405e-19
5.636872309e-20
-1.086827456e-19
-4.612409052e-20
5.769537409e-20
6.229163044e-20
1.278033332e-19
-1.148591497e-19
-1.86971378e-19
1.31933312e-19
-3.258936154e-20
-1.994645621e-19
1.328123469e-19
2.350907863e-20
-2.480941944e-20
-9.545706167e-20
2.045398e-20
1.397601506e-19
-4.418008178e-20
-1.808057313e-20
-2.683564823e-20
-5.024095877e-20
2.312816099e-19
-1.384572544e-19
-3.562337697e-20
7.693653167e-20
2.131985326e-20
-1.506572413e-19
1.837146929e-19
-1.603527538e-19
3.381387665e-20
9.95491831e-20
-2.214071069e-19
2.599051536e-19
-1.6303574e-19
1.654596696e-19
-3.933444763e-20
6.002827982e-20
1.153226059e-20
-4.051631297e-20
-9.152006616e-20
1.85485065e-19
-4.069517336e-20
-1.205276394e-19
1.007582009e-20
-4.035861275e-20
1.320881883e-19
-4.372872949e-20
-3.155301166e-20
1.156990584e-19
-8.381755707e-20
1.243459182e-19
-1.826489408e-19
6.759942722e-20
1.162509625e-19
-3.376986121e-20
7.6287273e-20
-2.024243338e-19
1.215150751e-19
-9.740609441e-20
1.365351111e-19
-9.158981746e-20
9.785516356e-20
-1.922857599e-19
5.128039758e-20
-4.54268097e-20
5.055867435e-20
1.135649745e-19
-4.455082154e-20
5.429705309e-20
-5.001285897e-20
5.046603679e-20
-5.678186256e-20
4.564022625e-20
3.442501213e-20
-5.363311722e-20
-5.343117611e-20
-1.807323562e-20
-5.828520282e-20
3.769018831e-20
8.197319774e-20
-5.794264282e-20
4.313235144e-20
8.720011844e-20
-1.139635014e-19
9.874499774e-20
-1.060999676e-19
-4.280237228e-20
-4.277160136e-20
8.943048166e-20
-8.912797117e-20
-4.253843146e-20
8.930341748e-20
9.167229925e-20
-1.900805427e-19
9.797542186e-20
1.017102679e-19
-1.882782898e-19
1.099644909e-19
-5.112528261e-20
-4.860034156e-20
-1.623050715e-19
8.789819471e-20
-3.929425103e-20
-8.455919435e-20
8.649289384e-20
-4.035746407e-20
1.019626419e-19
-1.716604154e-19
1.001957471e-19
9.854507973e-20
-1.850995045e-19
9.420693653e-20
9.168207366e-20
-2.009814216e-19
1.201579068e-20
-2.991652767e-20
-1.083473321e-19
9.285034976e-20
1.172132974e-20
-3.507327683e-20
6.89521282e-21
-1.200021545e-19
9.371179864e-20
1.67619427e-20
9.51793361e-21
1.647444107e-21
-2.246982024e-20
2.241615936e-20
1.126369304e-19
-1.582299859e-19
-1.993724195e-21
1.560590334e-19
-1.233697417e-19
8.049998999e-20
-3.370207106e-21
-1.300081954e-19
8.157126737e-20
-6.283867918e-21
4.399842695e-20
5.144506888e-21
-5.959845584e-20
-8.09135584e-21
8.072473273e-20
-1.383592201e-19
4.475081575e-20
1.263575218e-19
-1.797543872e-19
9.207405624e-20
9.053141135e-20
-1.873072357e-19
9.24992493e-20
5.115407171e-20
-1.03124403e-19
9.888139377e-20
5.645711455e-20
-1.48886158e-19
1.120218271e-19
-9.524853677e-20
-2.659464586e-20
1.203618766e-19
-1.381923657e-19
1.142826897e-19
-2.72759318e-20
-3.037582039e-20
2.500280172e-21
-2.474743594e-20
8.478765229e-21
5.003929963e-21
8.435993082e-20
-1.537076074e-19
9.631935094e-20
-3.431940994e-20
-1.001745813e-19
1.046741638e-19
5.987966411e-22
4.311261341e-21
-3.068008232e-20
1.057062027e-19
-1.027368596e-19
-3.355432486e-23
1.037702606e-19
-1.085473136e-19
1.147761605e-19
-7.609305922e-20
3.913464165e-20
9.348945842e-21
-5.302612334e-20
3.980934391e-20
4.357382443e-20
-8.780969418e-20
4.410103532e-20
4.908054445e-20
-5.331240709e-20
4.371149704e-20
4.895808683e-20
-5.533873049e-20
1.026389934e-20
1.548652565e-20
2.538212237e-20
-4.284943367e-21
2.59357802e-20
-4.875752688e-21
2.633498222e-20
-9.412244398e-21
-1.201188223e-20
1.972052427e-20
-6.809343845e-20
-1.038219504e-21
3.141893819e-20
2.898794587e-20
-3.851961591e-20
2.404355279e-20
3.303782333e-20
-7.206844301e-20
3.819304892e-20
9.287505096e-21
3.676696382e-20
3.73860321e-20
6.831494367e-21
-4.339430042e-20
-4.30614616e-20
3.784790075e-21
3.134283391e-20
3.171505391e-20
-7.694927488e-20
4.012115921e-20
-1.178981637e-22
-3.27932822e-21
-8.684599709e-21
-5.76812023e-21
-1.931160722e-21
2.189370291e-21
7.581718145e-20
-7.832546867e-20
-4.737138219e-21
-5.954030023e-22
7.237198485e-20
-1.942637346e-21
-7.561558811e-20
-3.198214918e-21
-3.868142535e-20
6.593005531e-20
2.47725356e-20
-6.215366025e-20
2.336675781e-20
1.71611864e-20
-2.011007667e-21
2.305220389e-20
-6.26246871e-20
2.119157683e-20
6.055414246e-20
-3.85511282e-20
6.425788864e-22
-3.931256478e-20
-5.99222154e-20
4.145476454e-20
4.111941678e-20
-6.416132713e-20
4.01132491e-20
4.146811869e-20
-6.043060975e-20
4.000431588e-20
-2.861130291e-20
5.606148819e-21
2.199417297e-20
-5.584189555e-20
3.814867293e-20
-1.044783447e-20
-2.496672122e-20
1.273171243e-20
5.071722842e-20
-2.70866609e-20
9.949599939e-21
-1.416771173e-21
-1.165004514e-20
-1.267787205e-21
1.088607365e-20
-1.052320625e-20
-8.396504876e-22
-2.116155267e-20
3.903708292e-20
8.662768556e-21
1.288171148e-22
-6.949968089e-21
1.752962285e-20
-4.351081852e-21
8.151439411e-22
-4.215592842e-21
5.325789241e-22
-4.028609071e-21
4.04117141e-22
4.13034924e-22
-3.718637743e-21
3.469678608e-22
7.662896619e-21
4.409759718e-22
)
;
    }
    front_bottom
    {
        type            wedge;
        value           nonuniform 0();
    }
    back_top
    {
        type            wedge;
        value           nonuniform List<scalar> 
502
(
1.85222853e-23
2.123366922e-23
2.398656194e-23
2.700509154e-23
3.039039006e-23
3.395654089e-23
3.777397993e-23
4.177185338e-23
4.586959423e-23
5.010977577e-23
5.429954474e-23
2.020632537e-22
2.310326488e-22
2.619317586e-22
2.952803075e-22
3.318265832e-22
3.706253698e-22
4.11615314e-22
4.5450824e-22
4.989374259e-22
5.44553459e-22
5.909581057e-22
-6.857864243e-22
-7.786181209e-22
-8.793353304e-22
-9.877142135e-22
-1.102672351e-21
-1.223496991e-21
-1.34996136e-21
-1.481218706e-21
-1.61622317e-21
-1.753812305e-21
5.566605348e-22
6.321615053e-22
7.135165305e-22
8.008643142e-22
8.940402372e-22
9.92524484e-22
1.095595622e-21
1.202318631e-21
1.311947447e-21
1.423740306e-21
-8.548496208e-22
-9.707769136e-22
-1.096454044e-21
-1.231473915e-21
-1.375001702e-21
-1.525986677e-21
-1.68393471e-21
-1.847459701e-21
-2.015459346e-21
-2.186844877e-21
-2.911133529e-22
-3.306351885e-22
-3.734790173e-22
-4.194953784e-22
-4.683707948e-22
-5.198102381e-22
-5.736344852e-22
-6.292379289e-22
-6.86252109e-22
-7.444880081e-22
6.205199494e-22
7.048401433e-22
7.960960189e-22
8.940116046e-22
9.981075343e-22
1.107795184e-21
1.222347333e-21
1.34095948e-21
1.462623568e-21
1.586198716e-21
5.862641605e-21
6.660503628e-21
7.524111879e-21
8.45052617e-21
9.435233772e-21
1.047227866e-20
1.155466709e-20
1.267426471e-20
1.382147923e-20
1.498564605e-20
-8.637879151e-21
-9.815814316e-21
-1.109064248e-20
-1.245790303e-20
-1.391079765e-20
-1.5440376e-20
-1.703576132e-20
-1.868465037e-20
-2.037228603e-20
-2.208238133e-20
1.324823166e-22
1.506164185e-22
1.702873457e-22
1.913215692e-22
2.136664806e-22
2.371025233e-22
2.615127704e-22
2.867955323e-22
3.126393241e-22
3.387754438e-22
5.492554129e-21
6.245666267e-21
7.060782993e-21
7.934752449e-21
8.862889015e-21
9.839015486e-21
1.085566709e-20
1.190447829e-20
1.29750789e-20
1.405654122e-20
-3.323350541e-21
-3.780567848e-21
-4.275541605e-21
-4.806289833e-21
-5.369799725e-21
-5.962172655e-21
-6.578699668e-21
-7.214045139e-21
-7.861644174e-21
-8.51471331e-21
1.233851741e-21
1.404294666e-21
1.588898136e-21
1.786862057e-21
1.996969343e-21
2.217653691e-21
2.447184808e-21
2.683486626e-21
2.923978772e-21
3.166042612e-21
8.908050984e-21
1.014457556e-20
1.148404711e-20
1.292052572e-20
1.444511886e-20
1.604623366e-20
1.771009706e-20
1.942106716e-20
2.115940925e-20
2.290573777e-20
-2.498890252e-21
-2.847676366e-21
-3.225651828e-21
-3.631106871e-21
-4.061424396e-21
-4.513183616e-21
-4.982307436e-21
-5.464157409e-21
-5.952860572e-21
-6.442783698e-21
-1.807245091e-20
-2.061067722e-20
-2.33632088e-20
-2.631689871e-20
-2.945182303e-20
-3.274183454e-20
-3.615578472e-20
-3.965821616e-20
-4.320391167e-20
-4.675112597e-20
-1.807465702e-21
-2.063116194e-21
-2.340559048e-21
-2.638427101e-21
-2.954641308e-21
-3.286436816e-21
-3.630490522e-21
-3.983038622e-21
-4.339252151e-21
-4.694840506e-21
2.867835471e-21
3.276672349e-21
3.720840829e-21
4.198044051e-21
4.704741886e-21
5.236307495e-21
5.787184291e-21
6.350988486e-21
6.919564049e-21
7.485771302e-21
3.038371106e-20
3.47533003e-20
3.950604638e-20
4.461673727e-20
5.004621991e-20
5.574229632e-20
6.164199978e-20
6.767291363e-20
7.374202498e-20
7.977135134e-20
-1.63833343e-20
-1.876240407e-20
-2.135372677e-20
-2.414328587e-20
-2.710895142e-20
-3.022072735e-20
-3.344222311e-20
-3.673150212e-20
-4.003458026e-20
-4.330756121e-20
4.859650685e-21
5.572919755e-21
6.351115436e-21
7.189952617e-21
8.082503147e-21
9.019360218e-21
9.988931819e-21
1.09777692e-20
1.196857026e-20
1.294770649e-20
7.024372598e-21
8.06737622e-21
9.207553447e-21
1.043858077e-20
1.175000377e-20
1.312726684e-20
1.45523171e-20
1.600409821e-20
1.745551808e-20
1.888570786e-20
-3.147386389e-21
-3.620613619e-21
-4.139113572e-21
-4.700037957e-21
-5.298473458e-21
-5.927434673e-21
-6.578227024e-21
-7.24053754e-21
-7.901154274e-21
-8.550149228e-21
-4.927233843e-21
-5.678245869e-21
-6.503220787e-21
-7.397696286e-21
-8.353694497e-21
-9.359599944e-21
-1.040055962e-20
-1.145896495e-20
-1.251222806e-20
-1.354357185e-20
1.143614471e-20
1.320485138e-20
1.515353654e-20
1.727205667e-20
1.954116649e-20
2.193204963e-20
2.440730875e-20
2.692206067e-20
2.941865018e-20
3.185473858e-20
-1.514201339e-20
-1.752068643e-20
-2.015019154e-20
-2.30176503e-20
-2.609683571e-20
-2.934724216e-20
-3.271486554e-20
-3.6133979e-20
-3.952032736e-20
-4.281229446e-20
-2.416104485e-20
-2.801991274e-20
-3.230182961e-20
-3.698780476e-20
-4.203520407e-20
-4.737528588e-20
-5.291399284e-20
-5.853499415e-20
-6.408886291e-20
-6.946613453e-20
8.662300237e-21
1.007020808e-20
1.163907684e-20
1.336297474e-20
1.522652679e-20
1.720360841e-20
1.925731251e-20
2.134118837e-20
2.339535301e-20
2.537550938e-20
1.42952809e-20
1.666190599e-20
1.931149249e-20
2.223630416e-20
2.541132545e-20
2.879116372e-20
3.230920805e-20
3.587956913e-20
3.939101483e-20
4.275995606e-20
6.456721161e-21
7.546414286e-21
8.772740085e-21
1.013348941e-20
1.161784059e-20
1.320435957e-20
1.486013504e-20
1.654157014e-20
1.819171528e-20
1.97667695e-20
1.581058337e-20
1.853285706e-20
2.161397642e-20
2.505280309e-20
2.882495969e-20
3.28762971e-20
3.711892366e-20
4.143234207e-20
4.565728363e-20
4.966760712e-20
-2.568850375e-21
-3.020396012e-21
-3.534682299e-21
-4.11240056e-21
-4.750175039e-21
-5.439107239e-21
-6.16366011e-21
-6.901677468e-21
-7.62338666e-21
-8.304326629e-21
-2.80003767e-20
-3.30277138e-20
-3.879206651e-20
-4.531428257e-20
-5.256704571e-20
-6.045420967e-20
-6.879309194e-20
-7.731001623e-20
-8.562909425e-20
-9.34275985e-20
-8.402231545e-21
-9.943784643e-21
-1.172422862e-20
-1.375476234e-20
-1.603133654e-20
-1.852656979e-20
-2.118191982e-20
-2.39042811e-20
-2.656210547e-20
-2.903649371e-20
1.785306412e-20
2.120095743e-20
2.509767984e-20
2.958035159e-20
3.465263941e-20
4.02629153e-20
4.628061749e-20
5.248194747e-20
5.853889626e-20
6.413701585e-20
-1.837121646e-20
-2.18926987e-20
-2.602520159e-20
-3.082382572e-20
-3.630957016e-20
-4.244111514e-20
-4.90810308e-20
-5.597014825e-20
-6.271050757e-20
-6.889397245e-20
-7.041439867e-21
-8.420937758e-21
-1.005373981e-20
-1.196886926e-20
-1.418314521e-20
-1.66879219e-20
-1.943153253e-20
-2.230326594e-20
-2.512275502e-20
-2.769016951e-20
2.600210949e-20
3.120664546e-20
3.742167795e-20
4.478948927e-20
5.341412497e-20
6.33035024e-20
7.42835956e-20
8.590636974e-20
9.738397542e-20
1.077627714e-19
-7.688268085e-21
-9.259642916e-21
-1.115319917e-20
-1.342318984e-20
-1.611618872e-20
-1.925147285e-20
-2.278842098e-20
-2.658574571e-20
-3.036903234e-20
-3.377006062e-20
7.651975237e-21
9.247634582e-21
1.118803268e-20
1.354119228e-20
1.637300407e-20
1.972600745e-20
2.357924777e-20
2.778956333e-20
3.203846116e-20
3.584340392e-20
4.966994244e-21
6.022687003e-21
7.318091334e-21
8.907584042e-21
1.084931003e-20
1.319128819e-20
1.594055532e-20
1.901007912e-20
2.216362683e-20
2.498635838e-20
8.118321256e-22
9.874660621e-22
1.204878165e-21
1.474772047e-21
1.809619552e-21
2.2216061e-21
2.717042896e-21
3.284817004e-21
3.88240136e-21
4.419865996e-21
2.334950661e-21
2.848520023e-21
3.489547502e-21
4.294451512e-21
5.308778229e-21
6.583277129e-21
8.157734308e-21
1.001893566e-20
1.204125275e-20
1.388307803e-20
-1.356553263e-22
-1.659655897e-22
-2.040885865e-22
-2.524843812e-22
-3.144152158e-22
-3.939283744e-22
-4.950951941e-22
-6.191128435e-22
-7.594925948e-22
-8.903897269e-22
-7.355231642e-21
-9.019133728e-21
-1.112662308e-20
-1.382831539e-20
-1.733617512e-20
-2.193830787e-20
-2.797832558e-20
-3.569730281e-20
-4.489773129e-20
-5.381477019e-20
-2.637776684e-22
-3.241614878e-22
-4.01108372e-22
-5.006198047e-22
-6.315513285e-22
-8.069040401e-22
-1.044505363e-21
-1.36259256e-21
-1.766613667e-21
-2.181975933e-21
3.446506789e-22
4.242397823e-22
5.261906233e-22
6.590449341e-22
8.358727735e-22
1.07716694e-21
1.414386464e-21
1.888915759e-21
2.539607117e-21
3.267826445e-21
-1.779809412e-21
-2.194153862e-21
-2.727159892e-21
-3.426000901e-21
-4.365042273e-21
-5.666947432e-21
-7.537687367e-21
-1.030412323e-20
-1.444855641e-20
-1.965751537e-20
2.37007773e-21
2.924364303e-21
3.639524214e-21
4.581403666e-21
5.855777577e-21
7.643369646e-21
1.026725608e-20
1.431319977e-20
2.093973691e-20
3.067007258e-20
-4.701613592e-22
-5.803147188e-22
-7.226952472e-22
-9.107142313e-22
-1.166193503e-21
-1.527339356e-21
-2.065115725e-21
-2.917682802e-21
-4.441405933e-21
-7.597265346e-21
)
;
    }
    back_middle
    {
        type            wedge;
        value           nonuniform List<scalar> 
665
(
-7.03415459e-22
2.705442412e-21
-7.433857865e-22
-9.55034254e-21
-7.352555805e-22
2.898557057e-21
-8.006927947e-22
-1.029543243e-20
-7.842060133e-22
3.153628222e-21
-8.720561726e-22
3.243086149e-21
-1.579236447e-20
2.985962978e-20
-1.173842434e-20
-3.334073792e-21
-1.202050635e-20
1.940414554e-20
-1.062196227e-22
-3.705226943e-21
-2.607319864e-20
-3.677790012e-21
2.544634437e-20
-4.049314785e-21
5.277790459e-23
-3.318617732e-20
3.543784245e-21
3.671909386e-21
-1.812226252e-20
1.550911819e-20
3.767623001e-21
1.623469864e-20
-3.18966773e-20
3.98304397e-21
-2.058198075e-20
4.435026074e-21
1.834992393e-20
-2.139427e-20
-9.721594495e-21
-1.209157022e-20
1.024020336e-20
-3.367119133e-20
4.407536809e-20
-3.47755602e-20
3.377502898e-20
-3.60909854e-20
3.480458427e-20
-2.500087232e-20
-3.864666783e-20
3.728214055e-20
-2.654403407e-20
2.473937438e-20
3.602202826e-20
-9.436370967e-20
5.547732145e-21
4.935103519e-20
4.868694232e-21
3.785339328e-20
-1.030972053e-19
4.180895202e-20
1.846737232e-20
4.309506435e-21
-8.760046527e-20
2.110368072e-20
4.595442357e-20
-1.018446027e-20
-4.16326815e-20
-1.157019769e-20
-1.053759733e-20
1.029411119e-19
-1.056689485e-20
-1.283220915e-19
1.069142538e-19
-1.342643686e-20
-1.049316806e-20
-1.380172853e-20
-5.391776478e-20
-1.201602168e-20
-2.916660515e-20
4.603166832e-20
-3.006096612e-20
-3.170293937e-20
4.793200815e-20
-3.054367881e-20
-3.28956821e-20
8.478036904e-20
-3.232822811e-20
-3.544759885e-20
5.525429974e-20
-7.010746119e-20
-3.83045565e-20
8.292457956e-20
-1.976123139e-20
-4.895796655e-20
8.785644485e-20
-5.178201025e-20
-5.126165812e-20
9.22916635e-20
-5.413228758e-20
-1.858771685e-20
9.891508281e-20
-9.304614079e-20
-2.122267688e-20
6.852973464e-20
7.264196373e-20
9.250766758e-22
-1.612096139e-19
7.753513663e-20
4.162530594e-21
-5.999458654e-20
1.122220607e-19
-6.178425295e-20
-3.289364812e-20
1.180793663e-19
-6.671638756e-20
-3.652060795e-20
8.74425389e-20
-1.543665867e-20
-1.485978195e-20
-1.15659576e-19
5.457024923e-20
9.840546704e-21
-4.880462743e-20
-1.551208906e-20
9.273561215e-20
-5.164123596e-20
1.591182196e-20
-4.668152275e-20
1.022694439e-19
-1.847736698e-20
-2.783413551e-20
4.053782521e-20
-3.099398676e-20
4.097623022e-20
-2.852698143e-20
-5.881672879e-20
1.071923377e-20
7.241356763e-20
-6.260244986e-20
-3.276432825e-20
-6.677431668e-20
1.957880474e-19
-7.152202556e-20
-5.181388687e-21
8.93154849e-20
-5.18065673e-21
-1.018956555e-19
-3.204150513e-21
-5.108584604e-21
6.831611133e-20
-4.387403657e-21
-7.505531239e-21
-1.113498171e-20
-1.199914847e-19
1.115955682e-19
1.19002973e-21
2.514336822e-20
-2.682919538e-20
1.63884618e-21
-8.89245325e-22
-5.37059915e-21
-4.223520847e-21
-2.405558814e-21
1.334611696e-23
-2.521411728e-20
1.095562196e-19
-1.124175708e-19
-7.81195418e-21
-4.5261204e-21
4.091728446e-20
-9.961512421e-20
1.747274292e-20
1.116393733e-19
-7.08805384e-20
2.556768848e-20
2.331344391e-20
6.696719998e-21
-1.328216045e-20
1.176866535e-19
-8.304378817e-20
2.31322776e-20
-1.179510254e-20
6.643512809e-20
-2.266887772e-20
6.26101909e-20
-1.035114983e-19
-2.480677866e-20
6.250820228e-20
1.513690889e-19
-2.273606522e-19
7.703731087e-20
7.679220333e-20
6.330755461e-20
-1.745124502e-19
-9.921083004e-21
-1.358494661e-19
1.109510818e-19
1.128035762e-19
-1.416006237e-19
1.075907553e-19
-1.438067758e-19
1.386144585e-19
-1.345549233e-19
1.179307763e-19
1.154243718e-19
1.258651979e-19
-3.806281726e-19
8.013161891e-20
-3.129468445e-19
7.953323031e-20
1.658996496e-19
7.777112634e-20
-1.648375046e-19
-7.687126996e-20
6.87545921e-20
-1.825185326e-19
1.929440536e-19
1.043456063e-19
1.023857789e-19
-3.727759848e-19
9.694940054e-20
-1.359856396e-19
9.265671816e-20
9.06992032e-20
-1.378556894e-19
-2.198307906e-19
1.052655684e-19
1.181343507e-19
-2.31983495e-19
1.051546251e-19
2.243342071e-20
1.254491803e-19
-1.505596437e-19
1.587309732e-20
1.995914984e-19
5.39776897e-20
-2.235703427e-20
-2.601916276e-19
4.563422191e-20
-4.061204512e-20
-3.923322797e-20
-3.66715982e-20
-3.307638045e-20
-2.860030536e-20
-2.339569502e-20
6.792425072e-20
-2.683088544e-20
2.48612308e-19
2.982814659e-20
-1.930107145e-19
3.467776746e-20
1.128339712e-19
-1.942640678e-19
4.506657669e-20
3.493277104e-20
1.017348443e-19
-2.368710544e-19
1.656156035e-20
9.736937302e-20
-2.436672266e-19
1.30397855e-19
1.318485577e-19
-3.795164055e-19
1.374249429e-19
1.381635302e-19
-1.017558927e-19
-1.836274913e-19
1.475382311e-19
2.365369753e-19
-3.255415962e-19
8.001231996e-20
1.731355348e-19
-1.048606197e-19
1.781090487e-19
4.452485438e-20
-3.148633088e-19
1.833391333e-19
4.662684858e-20
1.957711433e-19
-3.376916341e-19
4.412893308e-20
2.012731152e-19
-2.721500435e-19
-3.773724716e-20
2.045160088e-19
-2.420795863e-20
1.084143292e-19
1.100605964e-19
-1.722767688e-19
3.711569913e-20
-9.148396587e-20
3.346876736e-19
-1.824766413e-19
-1.084902375e-19
5.318943641e-20
4.81001274e-20
-4.818337725e-20
3.52057119e-20
-1.897963929e-19
6.930024287e-20
6.984522477e-20
7.150980122e-20
-1.373137173e-19
-2.090762567e-19
3.598440131e-19
-1.268265749e-19
2.714600015e-21
-1.498557158e-19
2.910242501e-19
-6.874234448e-20
-2.141484177e-19
8.248197325e-20
1.453473042e-19
2.124375557e-20
2.179675022e-20
2.487090317e-20
-3.192343412e-19
2.283576974e-19
-1.732769195e-19
1.710288811e-19
2.118031606e-20
2.950304459e-20
3.896052647e-20
-2.776703648e-19
2.482359359e-19
6.29058317e-20
6.493529047e-20
-1.200518276e-19
7.395840001e-20
-1.217728512e-19
6.791300752e-20
-1.289357404e-19
7.349838282e-20
1.59507061e-19
6.760982273e-20
5.101114746e-20
-1.611521041e-19
5.584639249e-20
-1.864348338e-19
5.615401705e-20
-9.730723917e-21
-1.365565072e-20
1.123478557e-19
-2.052427697e-19
-7.027702723e-21
5.085309163e-20
4.490380063e-20
1.93665206e-19
6.92417482e-20
-2.03244411e-19
1.837285787e-20
-1.217800367e-19
-6.43395467e-20
5.259389197e-20
-8.706386209e-21
1.228346438e-19
-1.343016248e-19
3.347691513e-20
-7.659711725e-20
6.382729157e-20
5.97406614e-20
1.305146786e-19
-1.572062803e-19
-2.301512941e-19
5.356233841e-20
-1.145173583e-19
-5.626414861e-20
-1.296518985e-21
1.188044798e-19
5.636778679e-20
-1.086837826e-19
-4.612526117e-20
5.769406853e-20
6.229030709e-20
1.278020498e-19
-1.148603833e-19
-1.869725966e-19
1.319329203e-19
-3.258987184e-20
-1.994651885e-19
1.328116289e-19
2.350827381e-20
-2.481031055e-20
-9.54580316e-20
2.045289246e-20
1.397589436e-19
-4.418135409e-20
-1.808183958e-20
-2.683686998e-20
-5.024217532e-20
2.312812694e-19
-1.38457714e-19
-3.56239374e-20
7.693589313e-20
2.131912028e-20
-1.50658078e-19
1.8371375e-19
-1.603537843e-19
3.381275863e-20
9.95479837e-20
-2.21408336e-19
2.599039281e-19
-1.630369381e-19
1.654593662e-19
-3.933486177e-20
6.002776862e-20
1.153167685e-20
-4.051696286e-20
-9.152082996e-20
1.854842026e-19
-4.069614686e-20
-1.205286905e-19
1.007469494e-20
-4.035978325e-20
1.320870167e-19
-4.372986627e-20
-3.155327594e-20
1.156986823e-19
-8.381805543e-20
1.243453702e-19
-1.826495217e-19
6.759875073e-20
1.162501828e-19
-3.377075041e-20
7.628628911e-20
-2.0242538e-19
1.215140009e-19
-9.740719427e-20
1.365340399e-19
-9.159004353e-20
9.785483913e-20
-1.922862082e-19
5.127988891e-20
-4.54273349e-20
5.055806726e-20
1.135642688e-19
-4.455163145e-20
5.42961418e-20
-5.001386246e-20
5.046503177e-20
-5.678289694e-20
4.563920145e-20
3.442483146e-20
-5.363337182e-20
-5.343154929e-20
-1.807367269e-20
-5.828566989e-20
3.768963158e-20
8.197254981e-20
-5.79433806e-20
4.313151503e-20
8.719918113e-20
-1.139644673e-19
9.874400498e-20
-1.061009716e-19
-4.280250606e-20
-4.277180851e-20
8.943018938e-20
-8.912833347e-20
-4.253883937e-20
8.930292414e-20
9.167170463e-20
-1.900812216e-19
9.797466311e-20
1.017094027e-19
-1.882791922e-19
1.099635562e-19
-5.112624402e-20
-4.860127342e-20
-1.623051603e-19
8.789802916e-20
-3.9294482e-20
-8.455949999e-20
8.649254158e-20
-4.035790909e-20
1.019620881e-19
-1.716610481e-19
1.001950477e-19
9.854431744e-20
-1.85100325e-19
9.420607889e-20
9.168119824e-20
-2.009823062e-19
1.201574559e-20
-2.991663088e-20
-1.083474871e-19
9.285010826e-20
1.172102073e-20
-3.507368855e-20
6.894707291e-21
-1.20002738e-19
9.371114819e-20
1.676126105e-20
9.517207008e-21
1.646683891e-21
-2.24705747e-20
2.241536625e-20
1.126369238e-19
-1.582300481e-19
-1.993821379e-21
1.560588589e-19
-1.233699986e-19
8.049961798e-20
-3.370671474e-21
-1.300087247e-19
8.157067118e-20
-6.284463459e-21
4.399780394e-20
5.143848645e-21
-5.959910428e-20
-8.092071456e-21
8.072474286e-20
-1.38359257e-19
4.475075278e-20
1.263573865e-19
-1.797545901e-19
9.207373337e-20
9.053100457e-20
-1.873077007e-19
9.249873872e-20
5.11535522e-20
-1.031249263e-19
9.888080406e-20
5.645650729e-20
-1.488868111e-19
1.120218647e-19
-9.524856123e-20
-2.659470542e-20
1.203617529e-19
-1.381925321e-19
1.142824354e-19
-2.727627649e-20
-3.037619711e-20
2.499863826e-21
-2.474787933e-20
8.47831095e-21
5.003416087e-21
8.435935823e-20
-1.53708251e-19
9.631941324e-20
-3.431942335e-20
-1.001746533e-19
1.046740423e-19
5.986433344e-22
4.311046564e-21
-3.068035092e-20
1.057059154e-19
-1.027371839e-19
-3.393173545e-23
1.037698586e-19
-1.085477723e-19
1.147756186e-19
-7.609366868e-20
3.913471519e-20
9.348938986e-21
-5.302621124e-20
3.980920633e-20
4.357365825e-20
-8.780988116e-20
4.410082473e-20
4.908033291e-20
-5.331264728e-20
4.371117172e-20
4.895774578e-20
-5.533916687e-20
1.026339487e-20
1.548595438e-20
2.53821908e-20
-4.284954505e-21
2.593568656e-20
-4.875906341e-21
2.633479883e-20
-9.412436473e-21
-1.20120574e-20
1.972037185e-20
-6.809363452e-20
-1.038511612e-21
3.141864775e-20
2.898755462e-20
-3.85201235e-20
2.404304435e-20
3.303788635e-20
-7.206845057e-20
3.819295517e-20
9.287346197e-21
3.676677387e-20
3.738583903e-20
6.831313573e-21
-4.339444706e-20
-4.306161188e-20
3.784517539e-21
3.134256183e-20
3.171469936e-20
-7.694974979e-20
4.012070379e-20
-1.178275822e-22
-3.279333192e-21
-8.684668266e-21
-5.768261587e-21
-1.931340658e-21
2.189163442e-21
7.581694983e-20
-7.832563435e-20
-4.737249297e-21
-5.956391047e-22
7.237169928e-20
-1.942944852e-21
-7.561600652e-20
-3.198621105e-21
-3.868136483e-20
6.59300609e-20
2.477249161e-20
-6.215376902e-20
2.336660508e-20
1.716098951e-20
-2.011263527e-21
2.305201402e-20
-6.262475882e-20
2.119144368e-20
6.055386485e-20
-3.855141164e-20
6.422205801e-22
-3.931292529e-20
-5.992218666e-20
4.145476955e-20
4.111938439e-20
-6.416141649e-20
4.011313574e-20
4.146795686e-20
-6.043082304e-20
4.000412051e-20
-2.86113467e-20
5.60612654e-21
2.199394159e-20
-5.584215132e-20
3.814835898e-20
-1.044813049e-20
-2.496671095e-20
1.273170014e-20
5.071719312e-20
-2.708672228e-20
9.949514422e-21
-1.41689755e-21
-1.16501675e-20
-1.267923839e-21
1.088603127e-20
-1.052317913e-20
-8.397816616e-22
-2.116174967e-20
3.903683437e-20
8.662545147e-21
1.288165723e-22
-6.949978009e-21
1.752960717e-20
-4.351127853e-21
8.151066242e-22
-4.215654653e-21
5.325455137e-22
-4.02865686e-21
4.040850758e-22
4.130590554e-22
-3.718683605e-21
3.468914707e-22
7.662775419e-21
4.40881298e-22
)
;
    }
    back_bottom
    {
        type            wedge;
        value           nonuniform 0();
    }
    axis_top
    {
        type            symmetryPlane;
        value           nonuniform 0();
    }
    axis_middle
    {
        type            symmetryPlane;
        value           nonuniform 0();
    }
    axis_bottom
    {
        type            symmetryPlane;
        value           nonuniform 0();
    }
    wall_top
    {
        type            calculated;
        value           uniform 0;
    }
    wall_middle
    {
        type            calculated;
        value           uniform 0;
    }
    wall_bottom
    {
        type            calculated;
        value           nonuniform 0();
    }
    inlet
    {
        type            calculated;
        value           nonuniform 0();
    }
    outlet
    {
        type            calculated;
        value           nonuniform 0();
    }
    procBoundary5to4
    {
        type            processor;
        value           nonuniform List<scalar> 
51
(
6.419611496e-11
1.877010657e-10
3.038636784e-10
4.127108733e-10
5.143383948e-10
6.088741514e-10
6.964731343e-10
7.773172898e-10
8.516097594e-10
9.195696642e-10
9.814283392e-10
1.037425454e-09
1.087805433e-09
1.132814532e-09
1.172698093e-09
1.207698195e-09
1.238051667e-09
1.263988514e-09
1.285730678e-09
1.303490914e-09
1.31747222e-09
1.327867193e-09
1.334857648e-09
1.338614492e-09
1.339297255e-09
1.337054225e-09
1.332021821e-09
1.32432395e-09
1.314071564e-09
1.301361457e-09
1.286274355e-09
1.268872519e-09
1.249196361e-09
1.227259147e-09
1.203039731e-09
1.260533517e-10
1.172168512e-09
1.142489823e-09
1.110099792e-09
1.074648e-09
1.035610108e-09
9.922279724e-10
9.434456957e-10
8.878529923e-10
8.236484738e-10
7.486232966e-10
6.601586605e-10
5.552265238e-10
4.30405693e-10
2.81962606e-10
1.0603177e-10
)
;
    }
    procBoundary5to6
    {
        type            processor;
        value           nonuniform List<scalar> 
51
(
-4.847656995e-11
-1.418292066e-10
-1.990192621e-12
-2.323399788e-10
-3.162469929e-10
-3.95218378e-10
-4.69432895e-10
-5.390616193e-10
-6.042697398e-10
-6.652166425e-10
-7.220562948e-10
-7.749379655e-10
-8.240065507e-10
-8.694032288e-10
-9.112662761e-10
-9.497309942e-10
-9.849305793e-10
-1.016996274e-09
-1.046057433e-09
-1.072242169e-09
-1.095676891e-09
-1.116487078e-09
-1.134796687e-09
-1.150728807e-09
-1.164405149e-09
-1.175946552e-09
-1.185472548e-09
-1.19310181e-09
-1.198951781e-09
-1.203139064e-09
-1.205779067e-09
-1.206986332e-09
-1.206874206e-09
-1.205554862e-09
-1.203139041e-09
-1.199735741e-09
-1.195451779e-09
-1.190391283e-09
-1.184654913e-09
-1.178339295e-09
-1.171536061e-09
-1.164331436e-09
-1.15680532e-09
-1.149031187e-09
-1.141075555e-09
-1.132998189e-09
-1.124851953e-09
-1.116683448e-09
-1.108533197e-09
-1.100435712e-09
-1.09241823e-09
)
;
    }
}


// ************************************************************************* //
