/*--------------------------------*- C++ -*----------------------------------*\
  =========                 |
  \\      /  F ield         | OpenFOAM: The Open Source CFD Toolbox
   \\    /   O peration     | Website:  https://openfoam.org
    \\  /    A nd           | Version:  7
     \\/     M anipulation  |
\*---------------------------------------------------------------------------*/
FoamFile
{
    version     2.0;
    format      ascii;
    class       volVectorField;
    location    "0.0009";
    object      grad(generalizedNewtonian:nu);
}
// * * * * * * * * * * * * * * * * * * * * * * * * * * * * * * * * * * * * * //

dimensions      [0 1 -1 0 0 0 0];

internalField   nonuniform List<vector> 
1167
(
(-801.259639 0 8223.763979)
(-79.22537828 0 8165.915195)
(-560.2399297 0 8232.855881)
(-1452.401739 0 8224.432128)
(-1588.763971 -1.057871818e-10 8203.438043)
(-1889.252236 0 8187.872964)
(-2189.698801 0 8168.813442)
(-2456.489852 0 8143.426745)
(-2698.285127 6.259201738e-11 8112.032391)
(-2915.357655 0 8074.177605)
(-3106.097118 -2.678053401e-11 8029.366523)
(-3270.888201 -2.513882857e-11 7977.49502)
(-3411.002489 0 7918.8994)
(-3526.496863 0 7853.17921)
(-3620.505163 2.166252817e-11 7781.05457)
(-3695.609353 2.083210746e-11 7703.627296)
(-3755.151839 0 7621.565674)
(-3803.543204 -1.949692584e-11 7536.090367)
(-782.5780908 0 8026.779849)
(-81.2490504 -6.090529707e-10 7968.826285)
(-541.2921725 0 8031.663823)
(-1406.592615 -1.378991513e-10 8021.029772)
(-1539.119627 -1.102767305e-10 7997.206673)
(-1827.270861 0 7978.110603)
(-2116.950008 0 7954.254658)
(-2373.204497 0 7924.257587)
(-2603.932743 0 7887.895152)
(-2810.345778 3.001169709e-11 7844.865343)
(-2991.66003 0 7795.034278)
(-3147.790958 0 7738.604996)
(-3278.787114 2.478601829e-11 7674.772081)
(-3386.787892 2.359361561e-11 7604.330422)
(-3474.193914 0 7528.37348)
(-3543.760127 0 7446.987738)
(-3598.45351 2.097043838e-11 7361.791659)
(-3642.163873 0 7273.567156)
(-3679.807998 0 7183.862836)
(-3715.344635 0 7094.504504)
(-3753.208656 -1.884162828e-11 7006.818966)
(-3798.645418 0 6922.65526)
(-3857.29834 -1.813453333e-11 6844.112829)
(-3934.342422 -1.784476378e-11 6773.101623)
(-4035.43143 0 6711.918689)
(-4166.879964 0 6662.946351)
(-4334.981446 8.588113984e-12 6628.555085)
(-4546.97255 0 6611.703769)
(-4810.479333 0 6615.429721)
(-5133.074713 0 6642.624112)
(-5522.570842 1.664026987e-11 6696.739974)
(-5985.433378 0 6780.458591)
(-6526.207125 -2.473073771e-11 6895.519957)
(-7144.610541 0 7041.538304)
(-7830.224432 -8.197842814e-12 7213.775064)
(-8558.57536 0 7401.132593)
(-9287.129713 -1.635783928e-11 7583.854968)
(-9952.326206 0 7732.826646)
(-10478.0063 8.183684821e-12 7813.127084)
(-10792.97067 0 7792.036716)
(-10851.11121 -4.104840013e-12 7649.481727)
(-10646.18733 4.115006894e-12 7383.911002)
(-10212.03965 4.127479016e-12 7013.495007)
(-9608.390808 0 6568.369428)
(-8902.63476 -2.079492669e-12 6082.27058)
(-8155.521798 2.08893289e-12 5585.588826)
(-7412.985991 2.099371153e-12 5101.021397)
(-6707.781408 4.22155725e-12 4644.758753)
(-6065.934559 0 4230.075469)
(-5503.479059 -2.136401619e-12 3865.04609)
(-762.5656407 -9.297555695e-10 7812.283393)
(-80.82911231 3.177305647e-10 7754.311881)
(-520.5427323 0 7814.053888)
(-1357.886754 0 7802.448541)
(-1485.862559 0 7776.062468)
(-1761.424796 0 7754.638303)
(-2038.744991 0 7728.043096)
(-2283.913477 0 7694.527089)
(-2503.789091 0 7654.639531)
(-2699.837685 0 7608.2171)
(-2871.351627 0 7555.051092)
(-3017.572925 0 7494.59732)
(-3140.157737 -2.586072461e-11 7427.463142)
(-3241.091943 0 7354.409708)
(-3321.968882 0 7275.467024)
(-3385.832139 0 7191.947146)
(-3436.287296 0 7104.643996)
(-3476.500218 0 7014.964805)
(-3510.718023 2.061904649e-11 6924.216486)
(-3544.107232 0 6834.138016)
(-3580.53643 1.965858961e-11 6746.045266)
(-3624.51362 0 6661.858616)
(-3681.300852 0 6583.458524)
(-3756.322612 0 6512.808256)
(-3855.194537 0 6452.085821)
(-3983.643906 -9.061181025e-12 6403.496744)
(-4147.78282 -8.960489232e-12 6369.376039)
(-4354.348824 0 6352.63177)
(-4610.015291 0 6355.871397)
(-4922.324191 8.734520484e-12 6382.146127)
(-5299.066204 0 6434.628924)
(-5746.295074 0 6515.74572)
(-6267.488702 0 6627.192857)
(-6861.814668 -8.573422501e-12 6768.394658)
(-7520.029389 -8.553296169e-12 6934.883691)
(-8218.752764 0 7116.102688)
(-8917.287538 0 7293.583842)
(-9556.576553 0 7439.810534)
(-10064.90224 0 7522.144535)
(-10375.25461 0 7509.634692)
(-10443.69416 0 7382.830311)
(-10262.75359 0 7139.353217)
(-9862.719619 4.306443938e-12 6795.33274)
(-9298.258833 0 6378.180407)
(-8632.753283 0 5919.689306)
(-7923.78854 0 5448.55086)
(-7215.496086 0 4986.642925)
(-6540.16147 2.20230067e-12 4550.020209)
(-5923.663666 -2.215187284e-12 4151.95336)
(-5381.530929 -2.229034665e-12 3800.279328)
(-741.1798825 0 7580.391782)
(-79.77167811 0 7523.138723)
(-499.1295687 1.023055964e-10 7580.76374)
(-1306.958947 -7.512753673e-11 7567.848366)
(-1429.699597 6.007882608e-11 7540.642542)
(-1693.047187 0 7517.254764)
(-1957.699881 0 7489.059292)
(-2191.018843 0 7453.859314)
(-2399.733092 0 7411.984333)
(-2585.030126 3.270077947e-11 7363.379048)
(-2745.973794 -3.041848781e-11 7307.898918)
(-2883.205595 2.855376785e-11 7245.578205)
(-2997.870597 2.700687387e-11 7177.193593)
(-3091.063135 0 7102.273075)
(-3165.588362 0 7022.311605)
(-3224.362064 0 6937.672908)
(-3270.154761 0 6849.837754)
(-3307.030108 2.214545088e-11 6759.728709)
(-3339.189556 0 6669.058105)
(-3370.209674 0 6579.187343)
(-3404.667947 0 6491.55427)
(-3447.574933 0 6408.067732)
(-3503.554523 0 6330.484504)
(-3577.410288 0 6260.788333)
(-3674.33161 0 6200.921878)
(-3799.857592 -9.462773247e-12 6153.065234)
(-3960.143507 0 6119.576415)
(-4161.692329 0 6103.094202)
(-4410.862387 0 6106.133721)
(-4714.432775 0 6131.788472)
(-5079.094132 0 6182.734788)
(-5511.063688 1.803880957e-11 6261.516429)
(-6014.132215 0 6369.540638)
(-6586.568538 0 6506.291414)
(-7218.956574 -8.932378896e-12 6667.45087)
(-7890.010415 -8.918649746e-12 6843.055994)
(-8560.826095 0 7015.601775)
(-9175.861328 0 7159.44499)
(-9668.332526 0 7243.716697)
(-9974.728588 -4.464183558e-12 7239.372497)
(-10052.9132 0 7127.190041)
(-9894.595862 0 6904.391606)
(-9526.59093 0 6584.95119)
(-8999.188974 4.513308438e-12 6194.027905)
(-8371.846871 2.265817601e-12 5761.46448)
(-7699.029839 0 5314.326701)
(-7023.33933 2.287477217e-12 4873.799329)
(-6376.52225 0 4455.766176)
(-5784.233944 0 4073.433978)
(-5261.427354 1.163912826e-12 3734.359553)
(-719.6966009 0 7332.214024)
(-78.37375756 0 7276.229706)
(-476.5025789 0 7331.297063)
(-1255.212558 0 7317.830856)
(-1372.348286 0 7290.874586)
(-1622.641951 0 7266.747095)
(-1875.173973 4.596497294e-11 7237.72417)
(-2096.627255 -4.09592104e-11 7201.903942)
(-2293.55604 0 7159.347922)
(-2467.882766 3.418294001e-11 7110.169235)
(-2619.074003 3.179720354e-11 7054.316279)
(-2747.263656 0 6991.932169)
(-2853.06757 2.823095842e-11 6922.820957)
(-2939.121709 -2.687282726e-11 6848.055721)
(-3007.345689 -2.572046586e-11 6768.09087)
(-3060.613138 0 6683.995711)
(-3102.608994 0 6596.670372)
(-3135.91352 0 6507.443025)
(-3165.301383 -2.250886067e-11 6417.78561)
(-3194.871484 -2.194975775e-11 6329.060038)
(-3228.187141 0 6242.855707)
(-3269.699036 0 6160.749653)
(-3324.378094 0 6084.643244)
(-3397.064512 0 6016.341276)
(-3492.635016 0 5957.763039)
(-3616.210269 0 5911.082753)
(-3773.297645 9.781752279e-12 5878.553613)
(-3969.91576 0 5862.554803)
(-4212.56484 -1.920948457e-11 5865.719694)
(-4507.927159 0 5890.819357)
(-4862.169865 0 5940.517743)
(-5280.239001 0 6017.122036)
(-5765.709769 9.389331514e-12 6121.994767)
(-6317.802875 9.359209277e-12 6254.619004)
(-6926.518747 0 6410.769543)
(-7571.424826 4.661443454e-12 6581.152306)
(-8216.715222 0 6749.191034)
(-8809.47249 -9.315216605e-12 6890.917723)
(-9287.15923 4.660556278e-12 6977.014233)
(-9589.999885 9.3330447e-12 6980.211348)
(-9677.431607 0 6881.642581)
(-9540.509036 0 6678.120847)
(-9202.497172 4.701145955e-12 6381.50039)
(-8710.04591 0 6015.14407)
(-8118.832753 0 5606.885373)
(-7480.357952 0 5182.338302)
(-6835.783296 0 4762.018834)
(-6216.267427 0 4361.623969)
(-5647.151818 0 3994.218607)
(-5142.783515 -1.216667089e-12 3667.062627)
(-697.7918198 0 7068.206968)
(-76.2352107 -1.814684234e-10 7013.31571)
(-453.8040364 0 7065.963519)
(-1203.630596 0 7053.391354)
(-1315.213021 0 7026.667786)
(-1552.29155 0 7003.336441)
(-1792.184034 0 6974.801151)
(-2001.972893 0 6939.381309)
(-2187.7128 3.888174779e-11 6897.501814)
(-2351.363681 0 6849.280859)
(-2492.320152 0 6794.24797)
(-2610.75343 0 6732.500088)
(-2708.569131 0 6664.638425)
(-2787.2324 -5.623808049e-11 6591.224398)
(-2849.288617 0 6512.684243)
(-2897.410718 0 6430.290612)
(-2934.626969 0 6344.790831)
(-2965.115721 0 6257.473762)
(-2992.030854 0 6169.913378)
(-3019.233599 2.296766613e-11 6083.301042)
(-3051.05377 0 5999.207153)
(-3091.833789 -2.200666861e-11 5919.223769)
(-3145.765674 1.080643337e-11 5845.271275)
(-3217.094087 1.063375866e-11 5778.875851)
(-3310.920097 0 5722.098797)
(-3432.342364 -1.03503938e-11 5676.968209)
(-3586.545267 0 5645.620093)
(-3779.231244 0 5630.444009)
(-4016.103779 0 5633.94243)
(-4303.338084 0 5658.663305)
(-4647.275137 -9.91599634e-12 5707.306108)
(-5052.846669 0 5781.928225)
(-5522.384538 0 5883.911839)
(-6054.858902 0 6012.670802)
(-6641.734659 -4.885123886e-12 6164.194737)
(-7262.672452 0 6329.724372)
(-7883.988788 0 6493.634583)
(-8456.126382 4.873602414e-12 6633.192205)
(-8920.19507 4.876687075e-12 6721.097623)
(-9219.792644 0 6731.153971)
(-9315.899086 0 6645.262501)
(-9198.951212 4.904294635e-12 6459.522502)
(-8889.201682 2.459579559e-12 6184.160222)
(-8429.793826 0 5840.807218)
(-7872.731483 2.478354267e-12 5455.316272)
(-7266.902495 0 5052.040957)
(-6652.09626 2.50204558e-12 4650.867361)
(-6058.789315 0 4267.232313)
(-5511.894087 0 3914.003474)
(-5025.171387 -2.546178747e-12 3598.145469)
(-675.4386401 5.562305442e-10 6788.229286)
(-73.70801247 0 6734.880871)
(-432.1819121 1.172146256e-10 6785.99587)
(-1152.943418 8.607589806e-11 6774.607134)
(-1259.153986 -6.883413373e-11 6749.0573)
(-1483.986919 0 6726.898219)
(-1711.075877 0 6700.048176)
(-1909.16711 -4.489341903e-11 6666.446461)
(-2083.843403 0 6626.424976)
(-2236.614609 0 6579.993436)
(-2367.24952 0 6526.971865)
(-2476.891557 3.27149181e-11 6467.74345)
(-2566.403613 0 6402.442682)
(-2637.756079 0 6331.459781)
(-2693.456629 0 6255.835303)
(-2736.396694 0 6176.15343)
(-2769.356281 0 6093.614362)
(-2795.888122 0 6009.355971)
(-2820.352125 -2.467087883e-11 5924.783505)
(-2845.841152 0 5841.208231)
(-2875.821821 0 5760.007666)
(-2914.993672 0 5682.92655)
(-2967.741002 1.131947685e-11 5611.6484)
(-3038.051086 0 5547.729773)
(-3130.57247 1.09801921e-11 5493.263875)
(-3249.804023 -2.168357291e-11 5450.02734)
(-3400.815951 2.144261549e-11 5420.186828)
(-3589.246511 -1.061698407e-11 5406.099483)
(-3820.721556 -1.052729578e-11 5410.055507)
(-4100.927408 0 5434.689525)
(-4435.118135 -1.03867657e-11 5482.402068)
(-4828.271657 0 5555.306866)
(-5283.253687 1.029119437e-11 5654.63265)
(-5797.758394 5.129089408e-12 5779.769476)
(-6363.710871 0 5926.971263)
(-6962.560519 -5.109183818e-12 6087.920949)
(-7561.660373 0 6247.985825)
(-8114.700274 5.10498028e-12 6385.505826)
(-8566.243241 0 6475.038017)
(-8862.786809 -5.114750486e-12 6491.314143)
(-8967.111936 0 6417.154552)
(-8868.667983 2.568564831e-12 6247.761188)
(-8585.481604 2.576349918e-12 5992.193741)
(-8157.285679 2.585517174e-12 5670.314226)
(-7632.570529 0 5306.167883)
(-7057.854549 -2.607801049e-12 4922.953717)
(-6471.559855 2.620832023e-12 4539.940923)
(-5903.448689 -2.63507302e-12 4172.243572)
(-5377.94746 -1.325245983e-12 3832.524302)
(-4908.181278 0 3527.414796)
(-653.5520913 5.832799794e-10 6493.467204)
(-72.28477504 0 6442.214065)
(-412.0168088 0 6492.11737)
(-1104.301789 0 6481.855196)
(-1205.037751 0 6458.770332)
(-1418.097372 0 6438.355643)
(-1633.491337 0 6413.82059)
(-1820.072282 4.707658147e-11 6382.900397)
(-1983.539723 0 6345.833691)
(-2125.933021 0 6302.560785)
(-2247.17738 -3.654620356e-11 6253.156487)
(-2347.569207 -3.430584115e-11 6197.473535)
(-2428.708097 0 6135.673356)
(-2492.885027 0 6068.737041)
(-2542.329673 0 5996.842845)
(-2579.634824 0 5921.241974)
(-2608.152046 0 5842.625017)
(-2631.354071 0 5762.448467)
(-2652.450208 0 5681.849515)
(-2675.280334 -1.261400745e-11 5602.079421)
(-2703.712644 0 5524.574262)
(-2741.618285 0 5451.14909)
(-2792.646958 1.186994185e-11 5383.121081)
(-2861.136332 -2.336054687e-11 5322.260715)
(-2951.728397 0 5270.492138)
(-3068.746371 2.273804282e-11 5229.506469)
(-3217.021311 0 5201.563009)
(-3401.277405 2.226657374e-11 5188.775907)
(-3626.963314 0 5193.462705)
(-3900.034589 0 5218.180712)
(-4225.504323 1.089187308e-11 5265.221605)
(-4607.114355 -5.418168829e-12 5336.571247)
(-5047.625177 0 5433.42525)
(-5545.579979 0 5555.185597)
(-6092.264935 0 5698.41003)
(-6670.29695 -5.357642879e-12 5855.097159)
(-7248.80204 0 6011.405443)
(-7784.027904 1.070646996e-11 6147.052848)
(-8223.87508 5.356623242e-12 6237.849105)
(-8517.608889 0 6259.845504)
(-8629.58513 0 6196.378768)
(-8548.389088 -2.693473883e-12 6042.004452)
(-8290.147824 5.403275105e-12 5804.848153)
(-7891.382833 0 5502.984308)
(-7397.359534 -2.722259947e-12 5158.863129)
(-6852.373474 0 4794.596508)
(-6293.468716 0 4428.84362)
(-5749.635264 -1.381608173e-12 4076.340165)
(-5244.799328 -2.779385106e-12 3749.537186)
(-4791.402427 -1.398379688e-12 3454.705492)
(-632.3022163 -6.123515639e-10 6185.108064)
(-71.58777922 0 6136.024011)
(-393.265396 1.290410247e-10 6184.192882)
(-1058.656951 -9.476054733e-11 6176.105086)
(-1154.777195 0 6155.562753)
(-1356.068322 0 6138.317969)
(-1560.138423 0 6116.856374)
(-1736.154805 -4.942295179e-11 6089.459538)
(-1889.335696 -4.483691772e-11 6056.417701)
(-2021.751625 0 6017.527336)
(-2133.252432 -3.836772338e-11 5972.355053)
(-2224.677655 0 5921.129966)
(-2298.062679 0 5864.454373)
(-2354.868939 -3.242578234e-11 5802.220763)
(-2397.808235 0 5735.507008)
(-2429.8523 0 5664.839462)
(-2453.440525 -1.441031506e-11 5591.329429)
(-2472.595662 0 5516.126735)
(-2490.740023 0 5440.366911)
(-2510.679106 2.648541853e-11 5365.285871)
(-2536.469318 0 5292.319393)
(-2572.253884 0 5223.097903)
(-2621.554833 0 5158.936833)
(-2688.353332 0 5101.713065)
(-2776.509357 -1.208804146e-11 5053.040758)
(-2890.463424 -1.193567107e-11 5014.752025)
(-3035.264517 -1.18030368e-11 4989.036094)
(-3215.484187 0 4977.82933)
(-3435.888604 1.158944991e-11 4983.55776)
(-3701.646681 0 5008.533591)
(-4018.006718 5.717370488e-12 5055.075609)
(-4388.935997 0 5125.054793)
(-4815.994373 0 5219.682834)
(-5297.823115 0 5338.322564)
(-5826.512312 -5.633334722e-12 5477.69265)
(-6384.999452 0 5630.396365)
(-6944.33806 5.620331154e-12 5783.111082)
(-7463.075144 5.620048595e-12 5916.959967)
(-7891.887559 -5.623605652e-12 6008.693979)
(-8182.960987 0 6035.874356)
(-8301.811759 0 5982.038775)
(-8236.787122 0 5841.521969)
(-8002.054166 0 5621.458766)
(-7630.985212 0 5338.209315)
(-7166.110744 0 5012.877324)
(-6649.614342 0 4666.548972)
(-6117.116654 0 4317.227176)
(-5596.763443 -1.450469676e-12 3979.24142)
(-5111.995894 2.917914009e-12 3664.82799)
(-4674.497604 0 3379.849663)
(-611.7394988 0 5863.115523)
(-71.20015625 0 5816.176371)
(-377.0403153 -1.356369737e-10 5863.172041)
(-1016.6258 -9.960424528e-11 5857.95943)
(-1109.063825 7.965263324e-11 5840.239949)
(-1300.008838 0 5826.424451)
(-1493.004062 0 5809.086357)
(-1659.091306 0 5786.233943)
(-1802.587579 4.712876274e-11 5757.958889)
(-1925.127793 0 5723.991834)
(-2027.495008 -4.032889483e-11 5684.261462)
(-2111.002322 0 5638.983138)
(-2176.250058 0 5587.944642)
(-2225.996079 0 5531.752964)
(-2262.65515 0 5471.082882)
(-2288.712903 0 5406.520038)
(-2307.810007 0 5338.989331)
(-2322.598333 0 5269.696719)
(-2336.614968 0 5199.650336)
(-2353.531551 1.39196121e-11 5130.062185)
(-2376.78188 0 5062.413268)
(-2409.751712 0 4998.053215)
(-2456.191612 0 4938.422796)
(-2520.351522 1.288923265e-11 4885.302727)
(-2605.909778 2.54118465e-11 4840.220498)
(-2716.896248 0 4805.129843)
(-2857.562123 -1.240635061e-11 4781.903583)
(-3032.720778 0 4772.630958)
(-3247.476001 6.09092313e-12 4779.617118)
(-3506.353181 -6.046741421e-12 4805.118212)
(-3813.67065 -6.009614647e-12 4851.32927)
(-4173.584306 0 4920.144182)
(-4587.918646 -5.954318652e-12 5012.676581)
(-5054.452872 5.935216385e-12 5128.438975)
(-5565.992517 5.92128336e-12 5264.213546)
(-6106.119298 5.912182199e-12 5413.062822)
(-6647.33367 0 5562.378634)
(-7150.532191 5.907318103e-12 5694.291309)
(-7569.002357 0 5786.755728)
(-7857.540457 5.918623923e-12 5818.524885)
(-7982.550701 0 5773.314139)
(-7932.538837 0 5645.550965)
(-7719.847895 0 5441.261064)
(-7374.95863 0 5175.359422)
(-6937.849377 0 4867.673823)
(-6448.684469 3.017663043e-12 4538.353936)
(-5941.67892 4.549113075e-12 4204.689384)
(-5444.103142 -1.524610637e-12 3880.620357)
(-4978.845243 1.533531775e-12 3578.126852)
(-4556.843914 0 3302.671477)
(-591.8779913 0 5527.796067)
(-72.43378578 0 5483.457031)
(-364.1543528 -1.427518765e-10 5529.839508)
(-979.1855405 0 5527.196176)
(-1068.136658 0 5513.415835)
(-1250.184064 0 5503.246894)
(-1433.764302 9.203423265e-11 5490.502812)
(-1590.415355 0 5472.827368)
(-1724.603185 0 5450.120295)
(-1838.581625 2.281447836e-11 5422.202354)
(-1932.821677 0 5389.134794)
(-2007.803476 -1.992121687e-11 5350.208405)
(-2065.679916 -3.768397866e-11 5305.932947)
(-2108.584004 0 5256.813274)
(-2138.951066 0 5203.06373)
(-2159.338373 0 5145.502544)
(-2172.900629 -1.594143806e-11 5084.945982)
(-2183.463774 0 5022.404376)
(-2193.504314 0 4958.974998)
(-2206.302962 -1.464977197e-11 4895.684355)
(-2225.930925 0 4834.008092)
(-2255.810919 0 4775.208192)
(-2299.259667 0 4720.800865)
(-2359.925493 0 4672.32453)
(-2441.654465 0 4631.36773)
(-2548.669297 0 4599.829233)
(-2685.089084 1.305713173e-11 4579.513997)
(-2855.020947 -6.465039562e-12 4572.536866)
(-3063.144543 -6.410425439e-12 4581.011028)
(-3314.427372 0 4607.256652)
(-3612.933545 0 4653.354875)
(-3961.919196 0 4721.209621)
(-4363.455931 0 4811.882404)
(-4815.305639 -6.246551028e-12 4924.851091)
(-5310.259571 1.246377424e-11 5057.27901)
(-5832.94678 0 5202.383806)
(-6357.050899 0 5348.477554)
(-6845.40824 6.2171893e-12 5478.290593)
(-7253.994919 0 5571.276954)
(-7539.776866 -3.114544096e-12 5606.929435)
(-7670.454068 -3.120442785e-12 5569.522217)
(-7634.465162 3.128171472e-12 5453.459822)
(-7442.307336 6.275305355e-12 5263.663218)
(-7122.125084 0 5013.894112)
(-6711.582686 -3.161603336e-12 4722.837896)
(-6248.788663 -1.587977993e-12 4409.682826)
(-5766.481114 0 4090.965279)
(-5291.190225 3.209169636e-12 3780.300904)
(-4845.156096 1.613973929e-12 3489.350157)
(-4438.443453 0 3223.094815)
(-573.7905853 0 5179.819461)
(-75.46012576 -1.219835544e-10 5138.414864)
(-354.0649504 0 5183.761172)
(-947.1757352 0 5184.206777)
(-1034.058288 0 5174.557384)
(-1207.6521 0 5169.081166)
(-1382.924447 0 5161.350649)
(-1531.624634 0 5149.447725)
(-1657.830951 0 5133.143123)
(-1763.958586 -2.40434488e-11 5112.128887)
(-1850.011214 0 5085.887022)
(-1917.585264 0 5054.41679)
(-1968.607823 0 5018.048992)
(-2004.876892 0 4976.579679)
(-2028.943764 0 4930.816338)
(-2043.713461 0 4881.062846)
(-2052.201406 -1.680017156e-11 4828.366144)
(-2057.486423 0 4773.505456)
(-2062.98115 0 4717.419161)
(-2071.825801 0 4661.238576)
(-2087.307417 0 4606.304172)
(-2112.862451 0 4553.792759)
(-2152.2176 -1.452822627e-11 4505.194205)
(-2208.926683 0 4461.953596)
(-2286.456142 1.409276404e-11 4425.70701)
(-2388.485553 -1.391512417e-11 4398.142018)
(-2519.280353 6.880246627e-12 4381.165702)
(-2683.270974 6.813298334e-12 4376.765083)
(-2884.589514 0 4387.087532)
(-3127.534647 0 4414.315066)
(-3416.475092 0 4460.546726)
(-3754.558685 -6.6315727e-12 4527.598136)
(-4143.127046 -6.604227539e-12 4616.587202)
(-4580.504567 0 4726.96486)
(-5059.40827 -6.567586469e-12 4856.177533)
(-5565.119815 0 4997.688103)
(-6072.682178 0 5140.501105)
(-6546.811277 6.5520969e-12 5268.163523)
(-6945.916374 -3.278121959e-12 5361.393978)
(-7228.568857 0 5400.225276)
(-7364.202775 3.28853482e-12 5369.824708)
(-7341.126959 0 5264.365327)
(-7168.15954 3.306671788e-12 5087.905151)
(-6871.35364 0 4853.156778)
(-6486.197708 1.665956307e-12 4577.787767)
(-6048.808983 0 4279.97137)
(-5590.449237 1.681881644e-12 3975.556093)
(-5136.840567 0 3677.79622)
(-4709.501585 -1.700915488e-12 3398.004865)
(-4317.801555 0 3140.796167)
(-557.3092164 0 4819.035253)
(-79.8012327 -1.287364032e-10 4780.384974)
(-347.7152101 7.938494284e-11 4824.801536)
(-921.0161804 0 4829.098502)
(-1007.253439 0 4823.524999)
(-1174.195339 0 4822.98325)
(-1342.129933 3.412042618e-11 4821.088591)
(-1484.072621 0 4815.60025)
(-1603.317546 0 4806.181217)
(-1702.168062 -2.537446247e-11 4792.494169)
(-1781.565651 0 4774.149681)
(-1842.732224 0 4751.20162)
(-1887.048625 0 4723.107103)
(-1917.092107 0 4690.460658)
(-1935.37836 0 4653.321287)
(-1944.351875 0 4612.386232)
(-1947.561639 0 4568.310168)
(-1947.986918 3.436792112e-11 4521.949587)
(-1948.255369 -1.670863437e-11 4474.057073)
(-1952.103534 1.629360439e-11 4425.783683)
(-1963.077822 1.593032851e-11 4378.328028)
(-1984.117757 1.561185847e-11 4332.86799)
(-2018.478674 0 4290.724843)
(-2069.81362 1.508749357e-11 4253.356915)
(-2141.923125 1.487292092e-11 4222.32818)
(-2238.473259 7.342723532e-12 4199.296991)
(-2363.000398 0 4186.125363)
(-2519.652487 0 4184.702488)
(-2713.088915 0 4197.204066)
(-2947.277272 0 4225.733511)
(-3225.887123 0 4272.354621)
(-3552.396406 6.998687801e-12 4338.861812)
(-3927.807489 0 4426.284234)
(-4350.377699 0 4534.31091)
(-4813.371908 0 4660.373862)
(-5302.46387 0 4798.505627)
(-5793.750776 -3.457579991e-12 4937.949367)
(-6253.922889 3.457406193e-12 5063.451866)
(-6643.453626 -6.91918893e-12 5156.489453)
(-6922.770781 0 5197.981302)
(-7062.714411 -3.470583791e-12 5173.829136)
(-7051.325161 0 5077.900612)
(-6896.208658 -6.979449554e-12 4913.657767)
(-6621.607273 0 4692.929566)
(-6260.843586 -1.758181445e-12 4432.366941)
(-5848.04608 -1.766163e-12 4149.129346)
(-5413.23318 0 3858.493812)
(-4981.30059 0 3573.323268)
(-4572.982266 0 3304.518638)
(-4196.515106 0 3056.059484)
(-542.4533965 -3.98161361e-10 4444.280395)
(-85.87732916 4.081977186e-10 4408.719587)
(-345.7304056 0 4452.641118)
(-901.631323 -6.161491325e-11 4460.693453)
(-987.9732023 9.854580142e-11 4459.930326)
(-1150.348236 0 4464.493907)
(-1312.836397 3.606304501e-11 4468.787936)
(-1449.052689 0 4470.192002)
(-1562.56868 0 4468.326746)
(-1655.876433 0 4462.873697)
(-1729.620517 0 4453.319182)
(-1784.688455 2.341801684e-11 4439.10884)
(-1823.39842 0 4420.386508)
(-1847.798158 0 4397.152417)
(-1860.353038 2.017967725e-11 4369.65055)
(-1864.211525 0 4338.250552)
(-1861.998981 -1.873966198e-11 4303.711183)
(-1856.973075 -1.816231543e-11 4266.645958)
(-1852.292075 0 4227.783514)
(-1850.972926 0 4188.267237)
(-1856.319398 0 4149.066844)
(-1871.754403 0 4111.352819)
(-1900.663676 -1.620543258e-11 4076.382391)
(-1946.180292 0 4045.604438)
(-2011.622635 0 4020.38089)
(-2101.070581 -7.760775534e-12 4002.468219)
(-2218.373389 0 3993.578919)
(-2367.073617 7.59985742e-12 3995.62881)
(-2551.331411 0 4010.674279)
(-2775.529068 0 4040.824253)
(-3043.157772 7.435062303e-12 4088.070094)
(-3357.107252 0 4154.244234)
(-3718.802773 0 4240.286106)
(-4126.221469 0 4346.079684)
(-4572.945194 7.325779317e-12 4469.110164)
(-5045.262398 3.657259732e-12 4603.818799)
(-5520.315537 -7.308869012e-12 4739.885676)
(-5966.616445 0 4863.093802)
(-6346.088276 3.656563707e-12 4955.432058)
(-6621.463982 0 4999.052366)
(-6764.766134 0 4980.304293)
(-6763.789529 3.677263999e-12 4892.910587)
(-6625.186716 0 4739.857781)
(-6371.520022 -5.552300458e-12 4532.220612)
(-6034.017915 1.858282096e-12 4285.586182)
(-5644.858462 1.866718064e-12 4016.198606)
(-5232.729471 -1.876045923e-12 3738.732232)
(-4821.52596 1.886239922e-12 3465.603924)
(-4431.126462 -1.897277117e-12 3207.322951)
(-4069.45115 9.545686076e-13 2967.739111)
(-530.2977005 0 4054.646552)
(-94.50983897 1.440396378e-10 4022.484871)
(-347.9751137 0 4065.848899)
(-889.7751042 -6.522566922e-11 4077.823054)
(-977.8951164 0 4082.207257)
(-1136.934122 0 4092.592118)
(-1295.732265 0 4103.397113)
(-1428.198516 3.401885275e-11 4112.236617)
(-1537.708971 0 4118.622332)
(-1626.587232 0 4121.946103)
(-1695.422603 0 4121.475874)
(-1745.949512 0 4117.039479)
(-1779.825594 0 4108.387286)
(-1799.393929 0 4095.388576)
(-1806.969509 -2.136224633e-11 4078.28237)
(-1805.525424 0 4057.375825)
(-1798.567931 0 4033.176928)
(-1788.191745 0 4006.273192)
(-1777.777988 0 3977.350065)
(-1771.013612 9.115234102e-12 3947.381275)
(-1770.726108 1.782400836e-11 3917.3154)
(-1779.848053 0 3888.160483)
(-1801.978216 0 3861.181194)
(-1840.559045 0 3837.681303)
(-1898.824145 0 3819.03855)
(-1980.211744 0 3806.898259)
(-2088.524201 8.124277419e-12 3802.887491)
(-2227.911165 0 3808.941064)
(-2402.081389 0 3827.034128)
(-2614.859613 0 3859.215575)
(-2870.222058 0 3907.483713)
(-3170.669797 0 3973.580792)
(-3517.44163 0 4058.56595)
(-3908.936135 0 4162.262623)
(-4338.813895 -7.755084476e-12 4282.534962)
(-4793.819477 -3.871582404e-12 4413.817761)
(-5252.283726 0 4546.634968)
(-5684.212316 -3.868397123e-12 4667.308572)
(-6053.302255 0 4758.714246)
(-6324.153847 0 4804.014701)
(-6469.668197 0 4789.842962)
(-6477.795238 0 4710.017197)
(-6354.474714 3.904557483e-12 4567.218531)
(-6120.614318 -1.959225433e-12 4371.753444)
(-5805.419819 1.9671811e-12 4138.201234)
(-5439.498164 0 3882.080908)
(-5050.366126 0 3617.513619)
(-4661.102873 -1.99677731e-12 3356.505086)
(-4290.665038 0 3109.042298)
(-3945.009788 0 2877.85929)
(-520.8545641 0 3648.237039)
(-105.1976373 0 3619.408455)
(-354.8603139 0 3661.986233)
(-885.9665812 -6.916336905e-11 3678.59264)
(-977.8072114 0 3688.147919)
(-1135.619358 -4.652922477e-11 3704.737962)
(-1292.389469 -4.048113614e-11 3722.732903)
(-1422.889926 0 3739.586578)
(-1529.906494 0 3754.667452)
(-1615.737183 0 3767.314035)
(-1681.640299 0 3776.955065)
(-1728.74285 0 3783.098471)
(-1758.856477 0 3785.180687)
(-1774.371524 0 3783.393032)
(-1777.878264 0 3777.47198)
(-1771.992997 0 3767.92905)
(-1759.868957 -1.051773091e-11 3755.019463)
(-1744.677838 -2.038738453e-11 3739.168864)
(-1728.968921 1.98234481e-11 3721.132773)
(-1716.093046 0 3701.639675)
(-1709.395199 9.450025469e-12 3681.588363)
(-1711.98366 0 3661.885471)
(-1726.991064 0 3643.793622)
(-1757.494235 0 3628.369478)
(-1807.117998 0 3617.068697)
(-1879.521002 0 3611.377632)
(-1977.998145 0 3612.931899)
(-2106.430795 0 3623.536851)
(-2269.004511 0 3645.164858)
(-2469.254462 0 3679.77566)
(-2710.740926 0 3729.385373)
(-2996.463191 0 3795.661647)
(-3327.197434 0 3879.751239)
(-3701.519052 0 3981.459234)
(-4113.447139 -4.111631007e-12 4098.902914)
(-4550.250908 -8.210622791e-12 4226.736713)
(-4991.387416 0 4356.185841)
(-5407.811399 -4.101933832e-12 4473.909108)
(-5765.418453 0 4564.001117)
(-6030.425545 -4.109784355e-12 4610.310805)
(-6176.548012 0 4599.884765)
(-6192.141028 2.063883194e-12 4526.748837)
(-6082.457996 -6.21041577e-12 4393.331602)
(-5866.780879 4.155009344e-12 4209.115768)
(-5572.402483 -6.257821809e-12 3987.811668)
(-5228.152994 0 3744.140036)
(-4859.999793 0 3491.549246)
(-4489.727463 0 3241.510674)
(-4135.372046 0 3003.676216)
(-3804.041913 -1.071513004e-12 2781.545753)
(-514.4460684 -4.747617008e-10 3221.021069)
(-117.8914067 1.622429682e-10 3195.666873)
(-367.0549734 0 3237.818929)
(-891.323919 0 3259.33039)
(-988.2627168 0 3274.630606)
(-1147.424208 0 3297.719742)
(-1304.429208 8.600207986e-11 3323.383941)
(-1434.70327 0 3348.863872)
(-1541.157094 -3.476246749e-11 3373.437427)
(-1626.176076 0 3396.398218)
(-1690.551303 0 3416.976622)
(-1735.485227 1.396164806e-11 3434.309713)
(-1763.244339 0 3448.311722)
(-1775.915682 0 3458.465809)
(-1775.942404 0 3464.893216)
(-1766.562212 0 3467.608062)
(-1750.241118 0 3467.026112)
(-1729.922641 0 3463.348938)
(-1709.010438 1.05287174e-11 3457.178131)
(-1690.482208 0 3449.267374)
(-1677.071975 1.003827862e-11 3440.278189)
(-1672.170292 0 3431.132524)
(-1679.225527 9.66155874e-12 3422.8977)
(-1701.189843 1.901435555e-11 3416.619384)
(-1741.238346 0 3413.639272)
(-1802.963057 -9.253833687e-12 3415.348555)
(-1890.189245 0 3423.333334)
(-2006.445914 0 3439.347133)
(-2155.553115 0 3465.273845)
(-2341.517724 0 3503.040872)
(-2567.532456 -4.432729027e-12 3554.583389)
(-2836.52338 4.410127431e-12 3621.635857)
(-3149.590842 4.391942351e-12 3705.232917)
(-3505.238908 0 3805.458316)
(-3897.755834 4.367575258e-12 3920.32461)
(-4315.140362 0 4045.077303)
(-4737.713079 4.357493519e-12 4171.19489)
(-5137.847181 0 4286.106455)
(-5483.138745 0 4374.820748)
(-5741.036813 0 4421.68838)
(-5886.396544 2.186940873e-12 4414.347334)
(-5908.013623 2.192357534e-12 4347.128778)
(-5810.48915 4.398004628e-12 4222.150114)
(-5611.673481 -2.206826919e-12 4048.22341)
(-5337.459261 -2.215788004e-12 3838.433169)
(-5015.41535 2.225846941e-12 3606.913965)
(-4670.666588 2.23696933e-12 3366.697844)
(-4324.452983 -2.249124504e-12 3128.925103)
(-3993.679619 0 2902.521523)
(-3680.809787 1.138213446e-12 2688.333076)
(-511.711329 -5.052641396e-10 2767.623324)
(-133.5736699 0 2746.109473)
(-384.9849468 0 2788.055569)
(-906.9467556 0 2814.690509)
(-1010.967783 6.252698588e-11 2836.390694)
(-1173.535155 0 2866.695162)
(-1333.327433 0 2900.670497)
(-1465.999858 -2.038995789e-11 2935.612931)
(-1574.150049 0 2970.634119)
(-1660.07059 0 3004.732403)
(-1724.585319 0 3036.989084)
(-1769.413378 0 3066.827636)
(-1796.222253 0 3093.642514)
(-1807.33321 0 3117.008174)
(-1805.348685 0 3136.8214)
(-1792.994369 0 3153.119296)
(-1773.371966 0 3165.94005)
(-1748.950053 0 3175.623476)
(-1722.88648 1.120516532e-11 3182.57543)
(-1698.524661 0 3187.383308)
(-1678.743255 0 3190.625575)
(-1666.477733 0 3193.20318)
(-1664.859661 0 3195.930387)
(-1677.308336 0 3199.858056)
(-1707.204086 -1.994819367e-11 3206.1908)
(-1757.582294 0 3216.256906)
(-1832.099393 4.869466839e-12 3231.520048)
(-1934.819559 -4.822084439e-12 3253.682691)
(-2069.229841 0 3284.535749)
(-2239.071458 0 3325.970338)
(-2448.026201 4.717522492e-12 3379.841463)
(-2698.579517 -4.693468807e-12 3447.913155)
(-2992.021261 0 3531.160106)
(-3327.059451 0 3629.832995)
(-3698.247573 0 3742.04166)
(-4094.298076 0 3863.489942)
(-4496.110647 0 3985.85588)
(-4877.747307 0 4097.567093)
(-5208.268681 -4.640155188e-12 4184.252348)
(-5456.400052 4.646095137e-12 4230.936413)
(-5598.3805 0 4225.968763)
(-5623.353179 2.333211863e-12 4163.902897)
(-5535.18883 -2.340283575e-12 4046.466958)
(-5350.482427 2.348610913e-12 3881.931706)
(-5093.311692 0 3682.582936)
(-4789.191368 2.36885292e-12 3461.678409)
(-4461.164225 1.190344947e-12 3231.412591)
(-4128.551858 -1.196813002e-12 3002.230986)
(-3807.569472 -1.203816077e-12 2783.078299)
(-3506.652702 7.605090952e-13 2578.440161)
(-513.6741937 0 2280.058275)
(-152.2732306 -1.841282782e-10 2262.675679)
(-409.0075071 0 2304.156881)
(-934.1025916 0 2336.889711)
(-1047.716442 0 2365.428636)
(-1216.352022 0 2403.852116)
(-1381.548447 2.440077229e-11 2447.250198)
(-1519.187805 0 2492.722269)
(-1631.331386 0 2539.17998)
(-1720.327219 -1.814621182e-11 2585.599227)
(-1787.51104 0 2631.097045)
(-1834.00766 0 2674.787106)
(-1861.701746 0 2715.806935)
(-1872.851011 -1.426559599e-11 2753.926994)
(-1870.143745 -1.365385844e-11 2788.622519)
(-1856.241196 0 2819.972398)
(-1833.832805 0 2847.890543)
(-1806.045059 0 2872.464324)
(-1775.697899 0 2894.149049)
(-1745.669836 1.165215619e-11 2913.316533)
(-1719.129916 0 2930.479327)
(-1699.264807 0 2946.344293)
(-1688.865869 0 2961.719081)
(-1690.985253 0 2977.480757)
(-1709.256432 0 2994.756427)
(-1747.067613 -5.251051818e-12 3014.745646)
(-1807.553222 5.192699843e-12 3038.831843)
(-1894.638978 0 3068.619342)
(-2012.352395 5.098733153e-12 3105.814698)
(-2163.979506 -5.061748489e-12 3152.202983)
(-2353.274597 0 3209.64783)
(-2583.026073 0 3279.799762)
(-2854.494481 0 3363.807609)
(-3166.652252 -4.968390447e-12 3461.816614)
(-3514.517651 0 3572.333941)
(-3887.358487 -4.949108581e-12 3691.176192)
(-4267.166689 0 3810.629298)
(-4629.309961 0 3919.81855)
(-4943.923932 0 4004.845426)
(-5181.236079 2.477250429e-12 4051.501473)
(-5318.534494 -4.963884364e-12 4048.732568)
(-5345.181573 4.976178805e-12 3991.153695)
(-5264.653723 0 3880.342475)
(-5092.892539 0 3724.285762)
(-4853.253468 2.514680485e-12 3534.937056)
(-4570.894319 1.263048164e-12 3325.365799)
(-4269.066263 0 3107.78868)
(-3967.492865 -1.276256928e-12 2892.652249)
(-3680.712516 0 2687.656954)
(-3404.513672 0 2490.068166)
(-521.028755 0 1745.435782)
(-173.8562799 0 1732.405647)
(-440.3891663 -1.21337707e-10 1773.83419)
(-974.8762545 0 1813.669153)
(-1100.381929 0 1849.971721)
(-1278.649801 0 1897.523137)
(-1452.376909 0 1951.583209)
(-1597.685753 0 2009.019435)
(-1716.694344 0 2068.550222)
(-1811.83799 0 2129.145181)
(-1884.036719 -3.607729855e-11 2189.644358)
(-1934.375173 0 2248.755104)
(-1965.098296 0 2305.991387)
(-1978.257364 0 2360.51308)
(-1976.402953 0 2412.048605)
(-1962.607484 0 2460.224649)
(-1939.02881 0 2505.004478)
(-1908.698011 0 2546.345183)
(-1874.966583 0 2584.482482)
(-1840.399751 1.245216376e-11 2619.736464)
(-1807.777045 0 2652.4916)
(-1780.430903 0 2683.325623)
(-1761.39451 0 2712.897516)
(-1753.522833 5.765205049e-12 2742.010285)
(-1760.038738 0 2771.640017)
(-1784.47409 0 2802.846226)
(-1830.387324 0 2836.956844)
(-1901.060008 0 2875.387003)
(-2000.500916 5.448799272e-12 2919.745072)
(-2132.521392 1.081855065e-11 2971.774534)
(-2300.388949 0 3033.276079)
(-2507.070455 5.348651143e-12 3105.755295)
(-2754.012881 0 3190.501433)
(-3040.439938 1.061901514e-11 3287.680217)
(-3361.835518 5.297043411e-12 3396.113123)
(-3707.857952 0 3511.751926)
(-4061.785042 0 3627.665535)
(-4400.119288 0 3733.493162)
(-4694.209808 0 3816.01753)
(-4915.937679 -2.647332175e-12 3861.907107)
(-5043.598523 -2.652346039e-12 3860.593404)
(-5066.753329 -2.658915331e-12 3806.738431)
(-4988.502826 0 3701.735344)
(-4823.455078 0 3552.946891)
(-4592.769149 -2.687332107e-12 3371.359934)
(-4318.664676 -1.349765858e-12 3168.827436)
(-4020.902856 1.356510528e-12 2956.217537)
(-3715.913012 -1.363881495e-12 2742.90036)
(-3418.835277 0 2537.76836)
(-3145.556054 -1.380437808e-12 2349.996806)
(-534.9294749 0 1144.95546)
(-199.7577804 0 1136.899278)
(-480.6749585 0 1178.813892)
(-1031.995184 0 1226.790152)
(-1172.179375 0 1272.539675)
(-1363.591985 0 1330.915415)
(-1549.817843 0 1397.572358)
(-1706.555174 0 1469.200003)
(-1835.796334 0 1544.264893)
(-1939.958187 0 1621.496045)
(-2019.630074 0 1699.338631)
(-2076.541526 -1.813672932e-11 1776.75493)
(-2112.592869 1.715417613e-11 1852.900909)
(-2129.803384 1.632892508e-11 1926.700786)
(-2130.722894 0 1997.84161)
(-2118.16194 1.502959034e-11 2065.78012)
(-2094.890796 1.451344821e-11 2130.290643)
(-2063.24876 0 2191.311269)
(-2026.56024 1.367721754e-11 2248.855647)
(-1987.776272 0 2303.15179)
(-1949.450084 6.520059172e-12 2354.467053)
(-1914.564839 0 2403.282755)
(-1886.194718 0 2450.067267)
(-1867.400297 0 2495.554455)
(-1861.155739 6.087277158e-12 2540.535281)
(-1870.74548 6.010546787e-12 2585.988361)
(-1899.852938 0 2633.034877)
(-1951.959257 5.885919195e-12 2683.000042)
(-2030.701475 5.836197231e-12 2737.377586)
(-2140.102795 0 2797.756328)
(-2283.535309 0 2865.830725)
(-2464.097795 5.728928822e-12 2943.155166)
(-2683.581953 0 3030.966417)
(-2941.645663 5.687002195e-12 3129.658895)
(-3234.38825 0 3238.207508)
(-3552.320922 -2.832465709e-12 3353.00644)
(-3879.865785 -2.830277651e-12 3467.734034)
(-4194.441473 2.830135318e-12 3572.473398)
(-4468.714066 0 3654.711645)
(-4675.533254 0 3701.654888)
(-4793.622736 0 3702.865317)
(-4812.768958 5.695917042e-12 3653.065881)
(-4736.210824 0 3553.625049)
(-4578.905872 0 3411.964967)
(-4363.025757 0 3239.436876)
(-4112.817146 -4.337193971e-12 3048.70293)
(-3851.085561 -2.905911044e-12 2851.834248)
(-3597.133988 1.460850542e-12 2659.119652)
(-3362.70894 0 2476.796166)
(-3129.43983 0 2294.508459)
(-557.5254206 0 448.0101938)
(-230.8319897 0 446.0387216)
(-531.5338629 1.395450306e-10 488.722841)
(-1109.749648 0 546.9542344)
(-1268.616952 0 604.0611178)
(-1477.535175 0 675.9125512)
(-1680.894576 2.998891065e-11 758.003385)
(-1853.416798 0 846.7869031)
(-1996.924025 2.424333299e-11 940.4538403)
(-2113.632451 0 1037.391433)
(-2204.606536 2.074543791e-11 1135.994346)
(-2271.538474 0 1235.13346)
(-2315.770248 0 1333.320262)
(-2339.738027 0 1429.709138)
(-2346.119912 0 1523.542429)
(-2337.346373 0 1614.312651)
(-2316.331383 0 1701.515315)
(-2285.570717 0 1784.96342)
(-2248.031997 -7.342723879e-12 1864.641645)
(-2206.724458 7.160336283e-12 1940.570678)
(-2164.34959 7.000692133e-12 2012.961867)
(-2123.615231 0 2082.112356)
(-2087.424252 0 2148.426052)
(-2058.876414 6.630302556e-12 2212.48704)
(-2040.921244 -6.536007148e-12 2274.962924)
(-2036.50544 1.290724081e-11 2336.620502)
(-2049.207598 0 2398.45821)
(-2082.659244 0 2461.684602)
(-2140.163073 6.26641851e-12 2527.503516)
(-2225.710577 -6.220963962e-12 2597.422873)
(-2342.857672 0 2672.993288)
(-2494.629892 0 2755.695894)
(-2683.131722 -6.125878191e-12 2846.732275)
(-2908.457383 0 2946.689781)
(-3167.170398 3.045945547e-12 3054.684236)
(-3450.823171 -3.041263834e-12 3167.690133)
(-3744.933444 3.038914505e-12 3279.975448)
(-4027.957997 3.038761668e-12 3382.302837)
(-4273.936901 -3.040685097e-12 3462.998419)
(-4456.729015 3.044577467e-12 3509.850597)
(-4555.540083 0 3512.658573)
(-4560.186233 0 3466.06906)
(-4473.023768 0 3370.88336)
(-4306.911952 1.539040338e-12 3233.423744)
(-4080.369017 1.545289781e-12 3063.351575)
(-3812.234757 1.552304915e-12 2871.022492)
(-3518.451928 1.560061649e-12 2665.758269)
(-3212.229402 -1.568538674e-12 2455.819498)
(-2910.281277 0 2251.726616)
(-2651.673797 0 2076.559923)
(-592.1106084 0 -388.0973218)
(-268.9608742 0 -383.302325)
(-596.6515592 7.511265613e-11 -339.0809421)
(-1213.847947 1.103171092e-10 -267.2362942)
(-1396.197316 -4.410980789e-11 -195.3869972)
(-1628.461123 0 -106.006341)
(-1854.156376 3.228415548e-11 -3.690060954)
(-2047.40611 0 107.4146726)
(-2209.5045 2.609883171e-11 225.0928971)
(-2342.950262 0 347.4951726)
(-2448.933263 0 472.8524321)
(-2528.700628 0 599.4476035)
(-2583.886622 0 725.6567855)
(-2616.921919 0 850.5148164)
(-2630.44843 0 972.94427)
(-2626.930303 -1.737261999e-11 1092.279837)
(-2609.193515 8.388007214e-12 1207.913777)
(-2579.99371 0 1319.538395)
(-2542.051779 -7.904709931e-12 1426.954885)
(-2498.346437 0 1530.161885)
(-2451.644052 -7.536500229e-12 1629.264528)
(-2404.530452 0 1724.41519)
(-2359.762407 0 1815.924671)
(-2320.332857 0 1904.293551)
(-2289.107678 7.036249908e-12 1990.035996)
(-2268.854866 0 2073.698633)
(-2263.018532 0 2156.206003)
(-2275.161707 0 2238.533258)
(-2308.499319 0 2321.62702)
(-2367.026825 0 2406.891182)
(-2454.47723 0 2495.680817)
(-2574.126079 3.311018542e-12 2589.352628)
(-2728.598094 -3.297365618e-12 2689.183285)
(-2918.764629 -3.286787162e-12 2795.89098)
(-3142.202152 6.558142807e-12 2908.979197)
(-3391.876938 3.274031386e-12 3026.093949)
(-3654.780526 0 3142.228166)
(-3910.628777 0 3248.92134)
(-4134.33543 0 3335.101687)
(-4299.855464 -3.277598622e-12 3388.64581)
(-4385.912473 0 3399.052009)
(-4382.012579 1.645969738e-12 3360.543246)
(-4291.203548 -1.650958531e-12 3273.818959)
(-4128.934555 0 3145.911656)
(-3918.80438 0 2988.325025)
(-3687.269812 0 2814.398347)
(-3459.623419 0 2637.154777)
(-3256.825234 0 2467.523949)
(-3087.03176 -8.492348545e-13 2309.701192)
(-2902.980456 8.545435106e-13 2137.570674)
(-315.4879201 0 -1429.99274)
(-681.9783921 0 -1382.120326)
(-1355.875692 0 -1291.946108)
(-1568.300114 0 -1199.954917)
(-1832.304584 0 -1087.186906)
(-2088.589178 0 -958.0375283)
(-2309.494949 0 -817.5813025)
(-2496.752179 0 -668.5525987)
(-2652.989666 -2.591951279e-11 -513.2705387)
(-2779.195451 0 -354.0889854)
(-2876.54739 -2.263248036e-11 -193.1890979)
(-2947.039782 0 -32.41535655)
(-2993.150501 -2.037655588e-11 126.8559036)
(-3017.510224 -1.950276795e-11 283.3855017)
(-3022.76223 0 436.2155708)
(-3011.780661 0 584.7302821)
(-2987.371556 0 728.4477649)
(-2952.346348 -1.706754019e-11 867.0674261)
(-2909.72272 0 1000.687229)
(-2862.12898 0 1129.305521)
(-2812.074451 -7.973602799e-12 1252.992553)
(-2762.32663 7.83091776e-12 1372.195844)
(-2715.667768 -7.705788616e-12 1487.324624)
(-2674.55543 0 1598.724484)
(-2641.722811 0 1706.961687)
(-2620.290855 0 1812.838564)
(-2613.251213 0 1916.996195)
(-2623.762937 0 2020.254537)
(-2655.531868 0 2123.785721)
(-2711.92805 0 2228.509861)
(-2796.461923 0 2335.691757)
(-2912.004417 -7.119542622e-12 2446.366307)
(-3060.041305 0 2561.268504)
(-3239.387203 0 2680.186907)
(-3444.347275 -3.534580191e-12 2801.332604)
(-3663.531692 3.531849755e-12 2920.485371)
(-3878.207032 -3.531672187e-12 3030.244955)
(-4064.074369 3.533907458e-12 3120.381286)
(-4195.076248 3.538431344e-12 3179.133997)
(-4249.02688 0 3195.764171)
(-4213.449235 -1.776956706e-12 3163.387343)
(-4088.07786 0 3080.702634)
(-3882.955662 3.57736905e-12 2951.760902)
(-3613.298104 -3.591895249e-12 2784.02434)
(-3293.89583 0 2585.780082)
(-2936.287265 9.065578121e-13 2364.433271)
(-2551.20258 9.114838358e-13 2127.214536)
(-2164.00574 -9.168173274e-13 1889.381521)
(-1875.106144 0 1709.049157)
)
;

boundaryField
{
    front_top
    {
        type            wedge;
    }
    front_middle
    {
        type            wedge;
    }
    front_bottom
    {
        type            wedge;
    }
    back_top
    {
        type            wedge;
    }
    back_middle
    {
        type            wedge;
    }
    back_bottom
    {
        type            wedge;
    }
    axis_top
    {
        type            symmetryPlane;
    }
    axis_middle
    {
        type            symmetryPlane;
    }
    axis_bottom
    {
        type            symmetryPlane;
    }
    wall_top
    {
        type            extrapolatedCalculated;
        value           nonuniform 0();
    }
    wall_middle
    {
        type            extrapolatedCalculated;
        value           nonuniform List<vector> 
23
(
(-4945.379756 -2.136401619e-12 3543.023606)
(-4829.792361 -2.229034665e-12 3481.926979)
(-4716.539679 1.163912826e-12 3419.960159)
(-4605.292883 -1.216667089e-12 3356.931132)
(-4495.671799 -2.546178747e-12 3292.624978)
(-4387.302024 0 3226.868226)
(-4279.795214 -1.398379688e-12 3159.508877)
(-4172.851539 0 3090.400615)
(-4065.827725 0 3019.355852)
(-3958.803513 0 2946.343269)
(-3850.130937 0 2870.950903)
(-3741.698373 0 2793.630893)
(-3627.735116 9.545686076e-13 2712.869603)
(-3517.766547 0 2631.340563)
(-3390.333148 -1.071513004e-12 2542.836399)
(-3283.658167 1.138213446e-12 2459.17717)
(-3121.474869 7.674407781e-13 2356.193113)
(-3039.359556 0 2279.374774)
(-2785.531662 -1.380437808e-12 2142.263257)
(-2796.377905 0 2102.3321)
(-2303.822341 0 1875.850141)
(-2595.826687 8.545435106e-13 1960.343398)
(-1503.865394 0 1494.843785)
)
;
    }
    wall_bottom
    {
        type            extrapolatedCalculated;
        value           nonuniform 0();
    }
    inlet
    {
        type            extrapolatedCalculated;
        value           nonuniform 0();
    }
    outlet
    {
        type            extrapolatedCalculated;
        value           nonuniform 0();
    }
    procBoundary3to2
    {
        type            processor;
        value           nonuniform List<vector> 
51
(
(-640.1991942 0 -1444.73816)
(-640.1991942 0 -1444.73816)
(-381.0767082 0 -2805.193989)
(-797.5262494 0 -2751.739297)
(-1550.667683 0 -2634.998522)
(-1801.758299 -5.15666669e-11 -2513.233312)
(-2106.956082 0 -2365.75737)
(-2403.129256 3.774186221e-11 -2197.354153)
(-2659.755247 0 -2014.119908)
(-2878.546355 0 -1819.736551)
(-3062.313966 0 -1617.430344)
(-3212.182105 0 -1410.29869)
(-3329.446376 0 -1201.135109)
(-3416.374046 0 -992.2398162)
(-3475.717216 0 -785.4995325)
(-3510.190991 -1.055954369e-11 -582.3782138)
(-3522.868554 -1.015474971e-11 -384.1212145)
(-3516.865795 0 -191.2980157)
(-3494.926374 0 -4.655868896)
(-3460.431178 0 175.8111973)
(-3416.52754 -9.011478556e-12 350.1432339)
(-3365.452164 0 518.2594889)
(-3310.291726 8.634426345e-12 680.6169013)
(-3253.787745 8.479916219e-12 837.6696378)
(-3198.087527 8.344416676e-12 989.6444996)
(-3145.82113 0 1137.120699)
(-3099.676019 -8.122057424e-12 1280.723463)
(-3062.106438 4.015900765e-12 1420.914911)
(-3035.723009 0 1558.288914)
(-3023.644159 0 1693.628089)
(-3028.845356 3.914626408e-12 1827.605498)
(-3054.606995 0 1961.042721)
(-3104.379587 0 2094.891692)
(-3181.208147 7.709584675e-12 2229.943697)
(-3287.558049 0 2366.95989)
(-3424.004668 0 2506.064034)
(-3587.456452 -3.827513537e-12 2646.210054)
(-3769.599525 0 2784.411424)
(-3954.893377 0 2914.723158)
(-4120.188843 -1.913392543e-12 3027.865162)
(-4238.487265 3.831683847e-12 3112.1827)
(-4284.996575 -3.838940739e-12 3156.007491)
(-4244.769628 1.924224513e-12 3151.143358)
(-4118.827072 0 3096.176415)
(-3925.247296 1.936924276e-12 2997.772032)
(-3694.896622 0 2869.134206)
(-3463.109365 -9.768090521e-13 2725.816349)
(-3260.857369 -9.816900741e-13 2580.917562)
(-3108.337156 0 2441.815646)
(-3004.426084 0 2305.25996)
(-2852.552368 0 2116.984761)
)
;
    }
    procBoundary3to4
    {
        type            processor;
        value           nonuniform List<vector> 
51
(
(-818.498114 0 8404.547881)
(-75.11597045 0 8346.701537)
(-575.7776398 0 8417.24979)
(-1494.341967 1.270069293e-10 8412.690506)
(-1633.758966 0 8394.920049)
(-1944.484223 8.544311883e-11 8384.959879)
(-2255.593886 0 8371.428102)
(-2533.081051 0 8351.772811)
(-2784.829096 0 8326.683414)
(-3011.705667 -5.5282334e-11 8295.622772)
(-3212.473729 0 8257.907882)
(-3386.527665 0 8212.791593)
(-3534.354563 0 8160.222651)
(-3658.108975 2.17300299e-11 8100.923803)
(-3758.941185 -4.159640432e-11 8034.463086)
(-3840.088604 0 7962.127615)
(-3905.32296 0 7884.528721)
(-3957.718876 -1.87190066e-11 7803.042882)
(-3843.875132 1.895762019e-11 7448.581719)
(-3843.875132 1.895762019e-11 7448.581719)
(-3881.900634 3.697345533e-11 7360.818246)
(-3922.553831 0 7274.41485)
(-3970.286708 0 7191.137132)
(-4030.848952 0 7113.038982)
(-4109.961704 0 7042.254931)
(-4213.772391 0 6981.017585)
(-4349.041663 0 6931.995864)
(-4522.288329 0 6897.679065)
(-4740.851831 1.631662603e-11 6880.999552)
(-5012.818701 -8.089394708e-12 6885.334904)
(-5346.094896 1.606143338e-11 6913.715164)
(-5749.009844 0 6969.606934)
(-6229.308641 0 7056.196284)
(-6791.635341 0 7175.183497)
(-7435.23824 0 7326.32494)
(-8149.799878 0 7504.763795)
(-8910.29037 7.852007772e-12 7698.728154)
(-9671.006793 7.845942196e-12 7887.242071)
(-10364.13322 0 8039.397542)
(-10908.92332 0 8117.698378)
(-11229.01749 0 8087.64686)
(-11276.4363 0 7928.202454)
(-11046.19466 -3.947478097e-12 7639.109287)
(-10575.8951 3.959442527e-12 7240.410668)
(-9930.751998 0 6765.389583)
(-9182.498048 0 6249.91486)
(-8395.124787 0 5726.055693)
(-7616.574729 2.013902268e-12 5217.453864)
(-6880.02764 0 4740.413212)
(-6211.588033 -2.036693569e-12 4308.144847)
(-5627.709618 2.049425164e-12 3928.926953)
)
;
    }
}


// ************************************************************************* //
