/*--------------------------------*- C++ -*----------------------------------*\
  =========                 |
  \\      /  F ield         | OpenFOAM: The Open Source CFD Toolbox
   \\    /   O peration     | Website:  https://openfoam.org
    \\  /    A nd           | Version:  7
     \\/     M anipulation  |
\*---------------------------------------------------------------------------*/
FoamFile
{
    version     2.0;
    format      ascii;
    class       volVectorField;
    location    "0.0009";
    object      U;
}
// * * * * * * * * * * * * * * * * * * * * * * * * * * * * * * * * * * * * * //

dimensions      [0 1 -1 0 0 0 0];

internalField   nonuniform List<vector> 
1167
(
(-0.0001285857748 -1.393580465e-18 -0.01099274061)
(-0.0003342364544 -3.483380562e-18 -0.01098068861)
(-0.0005264371439 -4.173381596e-18 -0.01095480315)
(-0.0007230607794 -2.499091008e-18 -0.0109162382)
(-0.0009149865991 -1.709801897e-18 -0.010866016)
(-0.001100278446 -4.310935549e-18 -0.0108049746)
(-0.001278703812 -3.352663889e-18 -0.01073377646)
(-0.00144990675 -2.849441996e-18 -0.01065305124)
(-0.001613545064 -3.032173549e-18 -0.01056339579)
(-0.00176935861 -2.971480859e-18 -0.01046536419)
(-0.001917144936 -1.18494974e-18 -0.0103594687)
(-0.002056743923 -4.621421506e-18 -0.01024618236)
(-0.002188032062 -4.489035148e-18 -0.01012594111)
(-0.002310918642 -5.417193008e-18 -0.009999146013)
(-0.002425340297 -6.246739116e-18 -0.009866165798)
(-0.002531258715 -6.040743987e-18 -0.009727339994)
(-0.002628657963 -6.991200496e-18 -0.009582982081)
(-0.00271754224 -7.191021287e-18 -0.009433381692)
(-0.0001344605583 -4.944432087e-19 -0.0115061923)
(-0.0003495882431 3.532919465e-18 -0.01149347311)
(-0.0005506215354 -1.237281199e-18 -0.01146618432)
(-0.0007561742037 6.741132492e-19 -0.01142552406)
(-0.0009567934042 -3.673869233e-18 -0.01137256541)
(-0.001150411095 -2.615001197e-18 -0.01130818987)
(-0.001336769437 -4.142044258e-18 -0.01123309424)
(-0.001515494475 -4.911234372e-18 -0.01114793679)
(-0.001686224652 -5.536891382e-18 -0.01105334288)
(-0.001848684997 -5.325013189e-18 -0.01094989332)
(-0.002002663028 -5.139728705e-18 -0.01083812517)
(-0.002147992655 -5.427431733e-18 -0.01071853482)
(-0.002284548233 -5.71621957e-18 -0.01059158077)
(-0.002412238359 -7.43752896e-18 -0.01045768476)
(-0.002531001982 -7.755006627e-18 -0.01031723592)
(-0.002640805787 -8.267062642e-18 -0.01017059432)
(-0.002741640462 -8.59832793e-18 -0.01001809242)
(-0.002833518391 -8.508108144e-18 -0.009860039063)
(-0.002916471341 -8.857797172e-18 -0.009696720423)
(-0.002990548022 -8.928459496e-18 -0.00952840071)
(-0.003055811662 -8.020587995e-18 -0.009355323362)
(-0.003112337231 -7.757023743e-18 -0.009177709816)
(-0.00316020843 -7.193682837e-18 -0.008995757708)
(-0.003199514448 -7.449974529e-18 -0.00880963768)
(-0.003230345565 -7.816481095e-18 -0.0086194892)
(-0.003252788549 -8.099528309e-18 -0.008425415151)
(-0.003266921296 -8.32787678e-18 -0.008227474187)
(-0.003272805872 -8.163461044e-18 -0.008025671529)
(-0.003270480663 -7.955540543e-18 -0.007819947287)
(-0.003259950817 -7.86397941e-18 -0.007610161212)
(-0.003241175796 -8.278285646e-18 -0.007396073631)
(-0.003214054441 -7.073125029e-18 -0.00717732114)
(-0.003178406124 -6.465781226e-18 -0.006953385708)
(-0.003133947159 -6.448977739e-18 -0.006723555081)
(-0.003080261383 -5.642710357e-18 -0.006486873302)
(-0.003016765057 -6.228114528e-18 -0.006242083133)
(-0.002942667928 -6.504578191e-18 -0.005987562469)
(-0.002856933064 -6.325115673e-18 -0.005721261776)
(-0.00275824334 -6.755132968e-18 -0.005440659161)
(-0.002644984161 -6.414184982e-18 -0.0051427495)
(-0.002515249411 -5.986397794e-18 -0.004824080292)
(-0.002366876161 -5.87718528e-18 -0.004480837983)
(-0.002197502034 -4.563003126e-18 -0.004108973)
(-0.002004635377 -4.379719877e-18 -0.003704339497)
(-0.001785728276 -3.753838092e-18 -0.00326282704)
(-0.001538255343 -3.7027681e-18 -0.002780461942)
(-0.001259785834 -3.813928878e-18 -0.002253472707)
(-0.0009478894968 -3.382093421e-18 -0.001678413211)
(-0.0005996525461 -1.757182813e-18 -0.001052452465)
(-0.0002115986619 -3.229094897e-19 -0.000373331162)
(-0.0001408544909 3.625311964e-18 -0.01205509559)
(-0.0003662956002 -1.852442925e-18 -0.01204163918)
(-0.000576938065 -2.17715423e-18 -0.01201279688)
(-0.0007922014406 -2.809471728e-18 -0.01196982048)
(-0.001002270122 -7.765120893e-18 -0.01191384023)
(-0.001204932271 -4.504346072e-18 -0.01184578537)
(-0.001399901146 -5.922640671e-18 -0.01176639179)
(-0.001586781757 -7.088902837e-18 -0.01167635377)
(-0.001765191635 -7.191231099e-18 -0.01157632937)
(-0.001934839702 -7.166641425e-18 -0.01146693069)
(-0.002095502814 -7.227341747e-18 -0.0113487246)
(-0.002247009153 -7.234552273e-18 -0.01122223567)
(-0.002389229467 -7.960103286e-18 -0.01108794792)
(-0.002522072575 -8.587618898e-18 -0.01094630886)
(-0.002645481562 -8.730566806e-18 -0.01079773248)
(-0.002759428754 -9.076105024e-18 -0.01064260187)
(-0.00286391309 -9.517661559e-18 -0.01048127292)
(-0.002958957183 -9.829762167e-18 -0.01031407607)
(-0.003044604298 -1.011729909e-17 -0.01014131886)
(-0.003120915774 -9.974827366e-18 -0.009963286845)
(-0.003187968932 -1.057137972e-17 -0.009780243051)
(-0.003245853127 -8.892430466e-18 -0.00959242706)
(-0.003294666562 -8.121777616e-18 -0.009400053603)
(-0.003334512733 -7.864702923e-18 -0.009203309022)
(-0.003365495986 -7.895517558e-18 -0.009002346598)
(-0.003387716496 -7.892343834e-18 -0.00879728048)
(-0.003401264386 -7.983442631e-18 -0.008588177964)
(-0.00340621245 -8.214140849e-18 -0.008375049774)
(-0.003402608062 -8.425165604e-18 -0.00815783798)
(-0.003390462939 -8.067290282e-18 -0.007936400705)
(-0.003369740804 -8.295645669e-18 -0.007710492533)
(-0.003340342022 -7.639438105e-18 -0.007479738867)
(-0.003302083816 -6.990110251e-18 -0.007243604275)
(-0.003254676329 -6.41632692e-18 -0.007001353013)
(-0.003197693234 -6.650544238e-18 -0.006751999478)
(-0.00313053624 -6.206057672e-18 -0.00649424936)
(-0.003052395459 -6.258694707e-18 -0.006226436386)
(-0.002962210132 -6.362433459e-18 -0.005946461353)
(-0.002858634842 -6.422171692e-18 -0.005651747734)
(-0.00274002284 -6.13799196e-18 -0.005339232796)
(-0.00260443246 -5.912459901e-18 -0.005005405312)
(-0.002449661866 -6.014619647e-18 -0.00464639289)
(-0.002273306774 -5.182692849e-18 -0.004258088953)
(-0.002072830893 -5.519645083e-18 -0.003836293534)
(-0.00184564003 -4.895019238e-18 -0.003376848198)
(-0.001589162195 -4.826451474e-18 -0.002875737579)
(-0.001300920798 -3.345724576e-18 -0.002329156442)
(-0.0009784347532 -1.711244159e-18 -0.001733638002)
(-0.0006187152543 -4.015720626e-19 -0.001086351823)
(-0.0002182034082 -3.031038747e-19 -0.000385046698)
(-0.0001478093489 2.816392533e-19 -0.01264319296)
(-0.0003844673849 -6.070933237e-18 -0.01262891938)
(-0.0006055595226 -8.467674719e-18 -0.0125983534)
(-0.0008313810981 -5.047859498e-19 -0.01255281096)
(-0.001051718914 -3.403644214e-18 -0.01249348289)
(-0.001264204923 -7.584579146e-18 -0.01242135636)
(-0.001468521142 -7.201893206e-18 -0.01233720994)
(-0.001664248243 -8.047270931e-18 -0.01224177926)
(-0.001850980113 -8.641806684e-18 -0.01213576232)
(-0.002028408378 -9.394336218e-18 -0.01201980813)
(-0.002196298371 -7.178357547e-18 -0.01189451819)
(-0.002354470626 -8.61047544e-18 -0.01176044984)
(-0.00250279302 -9.723031302e-18 -0.01161811884)
(-0.002641176131 -9.514861566e-18 -0.01146800343)
(-0.002769566556 -9.482515448e-18 -0.01131054587)
(-0.002887943998 -9.705769675e-18 -0.01114615769)
(-0.002996317112 -1.027061417e-17 -0.01097522102)
(-0.003094720282 -1.100917032e-17 -0.01079809263)
(-0.003183210494 -1.083365794e-17 -0.01061510457)
(-0.00326186446 -1.075684353e-17 -0.01042656554)
(-0.003330775257 -1.075089274e-17 -0.01023276096)
(-0.003390048969 -9.961978507e-18 -0.01003395154)
(-0.003439801121 -9.289261236e-18 -0.00983037071)
(-0.00348015217 -8.846170727e-18 -0.009622221282)
(-0.003511222891 -8.50082147e-18 -0.009409670846)
(-0.003533128919 -7.965750904e-18 -0.009192845318)
(-0.003545974565 -8.012293194e-18 -0.008971821033)
(-0.003549845461 -8.328603884e-18 -0.008746614442)
(-0.003544799932 -8.570992177e-18 -0.008517169165)
(-0.003530858005 -8.791274421e-18 -0.008283340296)
(-0.003507988846 -8.839919069e-18 -0.008044874661)
(-0.003476094891 -8.751442491e-18 -0.007801385194)
(-0.003434992232 -8.168830635e-18 -0.007552318127)
(-0.003384385508 -7.586881252e-18 -0.007296911833)
(-0.003323837933 -7.058920618e-18 -0.007034147779)
(-0.003252736125 -6.929391541e-18 -0.006762692102)
(-0.003170249921 -7.093931495e-18 -0.006480831045)
(-0.00307529281 -7.220429473e-18 -0.006186411317)
(-0.00296648905 -7.302625969e-18 -0.005876797139)
(-0.002842156344 -6.522777529e-18 -0.005548861808)
(-0.0027003132 -7.245594895e-18 -0.005199027191)
(-0.002538713357 -6.317809598e-18 -0.004823352704)
(-0.00235490407 -6.68582511e-18 -0.004417663151)
(-0.002146296878 -6.780533141e-18 -0.003977691574)
(-0.001910242639 -6.379280252e-18 -0.003499216323)
(-0.00164411313 -5.455592044e-18 -0.00297816342)
(-0.00134537605 -3.455386141e-18 -0.002410676281)
(-0.001011488626 -3.320639398e-18 -0.001793248634)
(-0.000639374335 -2.115623973e-18 -0.00112303153)
(-0.0002253767659 -8.034808905e-19 -0.0003977633966)
(-0.0001553669515 -2.25986845e-18 -0.0132746529)
(-0.0004042141382 -6.947173639e-18 -0.01325947328)
(-0.0006366620007 -7.86954282e-18 -0.01322699333)
(-0.0008739540132 -6.925506822e-18 -0.01317860185)
(-0.001105445651 -9.025714788e-18 -0.01311555849)
(-0.001328598783 -8.916636976e-18 -0.01303891571)
(-0.001543059704 -9.349909112e-18 -0.0129495028)
(-0.001748383429 -8.711602768e-18 -0.01284810171)
(-0.001944137353 -9.51084523e-18 -0.01273545605)
(-0.002129992966 -1.062292362e-17 -0.01261225823)
(-0.002305702395 -1.047586412e-17 -0.01247915104)
(-0.00247107856 -1.085609126e-17 -0.01233673091)
(-0.002625986959 -9.328554214e-18 -0.01218555129)
(-0.002770338199 -8.2407058e-18 -0.01202612514)
(-0.00290408412 -1.004862651e-17 -0.01185892955)
(-0.003027212269 -9.389061601e-18 -0.01168440836)
(-0.003139742354 -9.765952816e-18 -0.01150297606)
(-0.003241722692 -9.935561518e-18 -0.01131501868)
(-0.003333225609 -9.482181472e-18 -0.0111208973)
(-0.003414345216 -8.902860022e-18 -0.01092094794)
(-0.003485193314 -1.039832212e-17 -0.01071548077)
(-0.003545895298 -1.037844788e-17 -0.01050477958)
(-0.00359658607 -1.006070499e-17 -0.01028909902)
(-0.003637405706 -9.625025737e-18 -0.01006866075)
(-0.003668494195 -9.336117283e-18 -0.009843647958)
(-0.003689985335 -9.076450917e-18 -0.009614198841)
(-0.003702000091 -8.973159806e-18 -0.009380398524)
(-0.003704638956 -8.563648533e-18 -0.009142268709)
(-0.003697972842 -8.948373869e-18 -0.008899754447)
(-0.003682032119 -8.636663305e-18 -0.008652707648)
(-0.00365679321 -9.006557632e-18 -0.008400866121)
(-0.003622161964 -9.318098329e-18 -0.008143827636)
(-0.003577953641 -9.532608943e-18 -0.007881017545)
(-0.003523867991 -9.41912057e-18 -0.007611646915)
(-0.003459458202 -9.031578235e-18 -0.007334661222)
(-0.003384095022 -8.870370825e-18 -0.007048682931)
(-0.00329692718 -8.609821229e-18 -0.006751947399)
(-0.003196840733 -7.71947569e-18 -0.006442242226)
(-0.003082426951 -8.902229665e-18 -0.006116866188)
(-0.002951964695 -9.828108529e-18 -0.005772621873)
(-0.002803428163 -9.734820511e-18 -0.005405855647)
(-0.002634521141 -7.985404818e-18 -0.005012548489)
(-0.002442735606 -8.461078645e-18 -0.004588444081)
(-0.002225423348 -7.628696046e-18 -0.004129195304)
(-0.001979871805 -6.823829605e-18 -0.003630502033)
(-0.001703387208 -5.994059908e-18 -0.003088215126)
(-0.001393371832 -3.990076357e-18 -0.002498408893)
(-0.001047210576 -3.755926532e-18 -0.00185751886)
(-0.0006617267041 -2.012492391e-18 -0.001162658639)
(-0.0002331515297 -5.776277418e-19 -0.0004115382831)
(-0.0001635686398 -3.228527438e-19 -0.01395411059)
(-0.0004256444717 -4.077285964e-18 -0.01393792667)
(-0.0006704164829 -5.313602537e-18 -0.01390331921)
(-0.0009201551012 -6.714888461e-18 -0.01385176237)
(-0.001163749655 -8.478086546e-18 -0.01378459504)
(-0.001398477236 -8.966700137e-18 -0.01370293906)
(-0.001623943588 -1.046940416e-17 -0.01360768331)
(-0.001839675076 -1.143935125e-17 -0.01349966383)
(-0.002045210151 -1.149318787e-17 -0.01337967582)
(-0.002240198132 -1.124280635e-17 -0.01324846178)
(-0.002424376488 -1.106337861e-17 -0.01310671276)
(-0.002597549264 -1.077787376e-17 -0.01295507064)
(-0.002759577179 -1.096165435e-17 -0.01279413207)
(-0.002910372041 -8.965174818e-18 -0.01262445221)
(-0.003049890634 -9.216205978e-18 -0.01244654844)
(-0.003178129375 -9.696410765e-18 -0.01226090301)
(-0.003295120156 -9.986376514e-18 -0.01206796713)
(-0.003400926043 -1.021871484e-17 -0.01186816285)
(-0.003495637335 -1.041096424e-17 -0.01166188374)
(-0.003579367398 -1.079704343e-17 -0.01144949699)
(-0.003652248741 -1.074742092e-17 -0.01123134231)
(-0.003714428844 -9.736322856e-18 -0.01100773001)
(-0.003766065028 -1.099959334e-17 -0.01077893804)
(-0.003807319685 -1.080158693e-17 -0.01054520852)
(-0.003838354345 -1.010238983e-17 -0.01030674213)
(-0.003859323647 -9.60177287e-18 -0.01006369108)
(-0.003870368103 -9.379244479e-18 -0.009816150271)
(-0.003871605723 -9.174735023e-18 -0.009564146563)
(-0.003863122407 -8.838070389e-18 -0.009307625331)
(-0.003844960565 -8.601367101e-18 -0.009046433935)
(-0.003817105338 -9.177842238e-18 -0.008780300488)
(-0.003779467856 -8.889427965e-18 -0.008508806582)
(-0.003731863846 -9.19913321e-18 -0.008231353601)
(-0.003673988313 -9.371306072e-18 -0.007947121705)
(-0.003605384752 -8.597360984e-18 -0.007655018111)
(-0.003525407887 -9.313329355e-18 -0.007353617358)
(-0.003433183906 -9.299692728e-18 -0.007041098634)
(-0.003327570054 -1.016376066e-17 -0.006715185294)
(-0.003207121747 -9.622341473e-18 -0.006373103992)
(-0.003070075612 -9.593666948e-18 -0.006011578486)
(-0.002914356697 -9.64308764e-18 -0.005626870394)
(-0.002737613316 -1.076422597e-17 -0.005214871257)
(-0.002537275609 -9.585343777e-18 -0.004771231419)
(-0.002310627968 -7.914336299e-18 -0.004291509433)
(-0.002054885854 -6.929480149e-18 -0.003771310959)
(-0.001767281075 -6.723480037e-18 -0.003206395446)
(-0.001445141118 -4.866208043e-18 -0.002592750699)
(-0.001085768255 -3.666752101e-18 -0.001926735445)
(-0.000685873395 -2.19594986e-18 -0.001205407187)
(-0.0002415614953 -6.363023136e-19 -0.0004264302078)
(-0.0001724522947 1.729518977e-18 -0.01468669965)
(-0.0004488575517 -5.951363669e-18 -0.01466940219)
(-0.0007069796518 -1.424884816e-17 -0.01463243102)
(-0.0009702023525 -8.928283952e-18 -0.01457736179)
(-0.001226910065 -6.663987381e-18 -0.0145056187)
(-0.00147418044 -8.385713583e-18 -0.01441840283)
(-0.001711575516 -9.062143457e-18 -0.01431666732)
(-0.0019385886 -6.949049747e-18 -0.01420131039)
(-0.002154726202 -1.077601107e-17 -0.01407318719)
(-0.002359613449 -1.123059203e-17 -0.01393309728)
(-0.002552970422 -1.389853726e-17 -0.01378178588)
(-0.002734589558 -1.179479051e-17 -0.01361994764)
(-0.002904326983 -1.068508034e-17 -0.01344823036)
(-0.003062094595 -9.79748579e-18 -0.01326723806)
(-0.003207853606 -9.973803958e-18 -0.01307753456)
(-0.003341609594 -1.025416812e-17 -0.01287964768)
(-0.003463407347 -1.032732643e-17 -0.01267407122)
(-0.003573325914 -1.048072431e-17 -0.01246126802)
(-0.003671474339 -1.060864698e-17 -0.0122416714)
(-0.003757987727 -1.130382897e-17 -0.01201568438)
(-0.003833021828 -1.149572563e-17 -0.01178367964)
(-0.003896747985 -1.180014738e-17 -0.01154599811)
(-0.003949348556 -1.225735122e-17 -0.01130294554)
(-0.003991011293 -1.214371415e-17 -0.01105478749)
(-0.004021922425 -1.260939475e-17 -0.01080174397)
(-0.004042260348 -1.056179587e-17 -0.01054398229)
(-0.004052187631 -1.024462777e-17 -0.01028160806)
(-0.004051842346 -1.000975979e-17 -0.01001465426)
(-0.004041328213 -8.854606454e-18 -0.009743067025)
(-0.004020702241 -8.859366674e-18 -0.009466688193)
(-0.003989960325 -7.791773526e-18 -0.009185233877)
(-0.003949019977 -9.020260864e-18 -0.008898267633)
(-0.003897699072 -9.380575624e-18 -0.008605165602)
(-0.003835688998 -9.339526847e-18 -0.008305073231)
(-0.00376252335 -9.201418181e-18 -0.007996854984)
(-0.003677540877 -9.029479904e-18 -0.007679033989)
(-0.003579844184 -9.116734379e-18 -0.007349727532)
(-0.003468259884 -9.873983591e-18 -0.00700658826)
(-0.003341304874 -8.867452028e-18 -0.006646763365)
(-0.003197169853 -8.643226456e-18 -0.006266888733)
(-0.003033726058 -8.907970526e-18 -0.005863131303)
(-0.002848560501 -9.173716819e-18 -0.005431281083)
(-0.002639035027 -8.800992788e-18 -0.004966882707)
(-0.002402359246 -7.781163639e-18 -0.004465386001)
(-0.002135668383 -6.698943726e-18 -0.003922286726)
(-0.001836111274 -5.65297397e-18 -0.003333236545)
(-0.001500931528 -4.335121138e-18 -0.002694119375)
(-0.001127339071 -3.070332731e-18 -0.002001198972)
(-0.0007119209872 -2.036220984e-18 -0.001251458761)
(-0.0002506421977 -4.907398428e-19 -0.0004425002486)
(-0.0001820483053 -9.769990266e-18 -0.01547807476)
(-0.0004739341471 -6.693913228e-18 -0.01545954658)
(-0.0007464829191 -8.895921789e-18 -0.01541995702)
(-0.001024279792 -1.050717675e-17 -0.0153609991)
(-0.00129516602 -9.563119602e-18 -0.01528418797)
(-0.001556003801 -9.103563293e-18 -0.0151908155)
(-0.001806307907 -8.970456546e-18 -0.01508190618)
(-0.00204553665 -9.936334524e-18 -0.01495842607)
(-0.00227316037 -9.852947147e-18 -0.01482129725)
(-0.002488775977 -9.756370367e-18 -0.01467138422)
(-0.002692083594 -9.824171809e-18 -0.01450949433)
(-0.00288286317 -7.844734353e-18 -0.01433638259)
(-0.003060963433 -9.633180881e-18 -0.01415275477)
(-0.003226294138 -1.011174103e-17 -0.01395927072)
(-0.00337882065 -1.048302871e-17 -0.01375654911)
(-0.003518556827 -1.06650915e-17 -0.01354516925)
(-0.003645560163 -1.090948341e-17 -0.01332567558)
(-0.003759926364 -1.102660107e-17 -0.0130985784)
(-0.003861784613 -1.108773195e-17 -0.01286435572)
(-0.003951292422 -1.112210259e-17 -0.0126234534)
(-0.004028630626 -1.158970888e-17 -0.01237628342)
(-0.004093997277 -1.201056079e-17 -0.01212322156)
(-0.004147602357 -1.243505077e-17 -0.01186460469)
(-0.004189661122 -1.194677873e-17 -0.0116007258)
(-0.004220387391 -1.235220221e-17 -0.01133182797)
(-0.004239986515 -1.26308945e-17 -0.01105809635)
(-0.004248646367 -1.227257718e-17 -0.01077964873)
(-0.004246528179 -1.159734653e-17 -0.01049652431)
(-0.004233755824 -1.08271552e-17 -0.01020867)
(-0.00421040344 -1.046653216e-17 -0.009915922546)
(-0.00417648044 -1.025206833e-17 -0.009617985463)
(-0.004131912908 -9.835471893e-18 -0.00931440135)
(-0.004076521851 -9.886443291e-18 -0.009004518021)
(-0.00400999648 -9.830472627e-18 -0.00868744427)
(-0.003931861136 -9.762468584e-18 -0.008361997117)
(-0.003841438119 -8.762260801e-18 -0.008026642698)
(-0.003737805853 -9.630382043e-18 -0.007679430861)
(-0.003619758282 -1.061533884e-17 -0.007317936255)
(-0.003485771338 -9.234680135e-18 -0.006939218377)
(-0.003333985952 -9.227835597e-18 -0.0065398158)
(-0.00316221497 -8.800306301e-18 -0.006115789687)
(-0.002967978466 -8.781770428e-18 -0.005662816129)
(-0.002748563501 -7.977994347e-18 -0.005176320775)
(-0.002501097754 -7.077095908e-18 -0.00465163007)
(-0.002222628502 -6.488295811e-18 -0.004084114546)
(-0.001910213587 -5.067429672e-18 -0.003469301836)
(-0.001561004222 -4.12655349e-18 -0.002802954753)
(-0.001172108856 -2.5040707e-18 -0.002081224188)
(-0.0007399801285 -1.756194014e-18 -0.001301002167)
(-0.0002604301626 -1.754640256e-19 -0.0004598112068)
(-0.0001923767729 -2.602169126e-18 -0.01633442994)
(-0.0005009284672 -9.895786669e-18 -0.01631454851)
(-0.0007890148952 -1.326519706e-17 -0.01627207048)
(-0.001082512001 -4.203625841e-18 -0.01620882128)
(-0.001368683134 -9.302544873e-18 -0.01612641853)
(-0.001644159596 -9.123977171e-18 -0.01602624874)
(-0.001908403422 -9.474210531e-18 -0.01590941865)
(-0.002160835321 -8.073683674e-18 -0.01577696859)
(-0.002400886448 -6.457203362e-18 -0.01562989377)
(-0.002628122055 -7.389192615e-18 -0.01546913064)
(-0.002842219397 -9.011141861e-18 -0.0152955566)
(-0.003042941735 -8.218037368e-18 -0.01510999334)
(-0.003230126866 -9.104165458e-18 -0.01491321199)
(-0.003403681411 -9.433561891e-18 -0.01470593715)
(-0.003563571598 -1.040710543e-17 -0.01448884866)
(-0.00370981829 -1.076112613e-17 -0.01426258677)
(-0.00384249094 -1.091412014e-17 -0.01402775274)
(-0.00396170106 -1.157934825e-17 -0.01378491269)
(-0.004067598073 -1.189449448e-17 -0.01353459727)
(-0.004160363206 -1.20780579e-17 -0.01327730073)
(-0.004240203013 -1.214980296e-17 -0.01301348067)
(-0.004307343769 -1.227290567e-17 -0.01274355498)
(-0.004362025446 -1.251538519e-17 -0.01246789744)
(-0.004404493705 -1.208931173e-17 -0.01218683253)
(-0.004434992826 -1.164998165e-17 -0.01190062954)
(-0.004453757521 -1.163137047e-17 -0.01160949472)
(-0.004461003925 -1.176980616e-17 -0.01131356143)
(-0.004456919949 -1.217277046e-17 -0.01101287756)
(-0.004441653036 -1.225263386e-17 -0.01070739098)
(-0.004415297174 -1.1973178e-17 -0.01039693235)
(-0.004377877493 -1.190726179e-17 -0.01008119223)
(-0.004329331457 -1.133930103e-17 -0.009759691728)
(-0.004269485306 -1.10249068e-17 -0.009431746919)
(-0.004198026945 -1.079591199e-17 -0.009096425837)
(-0.004114472647 -1.061947599e-17 -0.00875249464)
(-0.004018128202 -1.045631665e-17 -0.008398356674)
(-0.003908047253 -1.052260727e-17 -0.008031987844)
(-0.003782989358 -9.323050108e-18 -0.007650877001)
(-0.003641386853 -9.502726331e-18 -0.007251986411)
(-0.003481327212 -9.117254716e-18 -0.006831747257)
(-0.003300560324 -8.66536621e-18 -0.006386103028)
(-0.003096534101 -8.344783857e-18 -0.005910603737)
(-0.002866454624 -7.605420496e-18 -0.005400541992)
(-0.002607360674 -7.575856204e-18 -0.00485110569)
(-0.002316204681 -6.797628173e-18 -0.004257525285)
(-0.001989946224 -5.865818549e-18 -0.003615188683)
(-0.001625636425 -4.771771552e-18 -0.002919720719)
(-0.001220273949 -3.640351495e-18 -0.002167141908)
(-0.0007701674163 -2.879951146e-18 -0.001354235847)
(-0.0002709638728 -9.195430266e-19 -0.0004784296046)
(-0.0002034408913 4.310087901e-19 -0.01726249011)
(-0.0005298505194 -4.682324216e-18 -0.01724112828)
(-0.000834592814 -6.021394341e-18 -0.01719547809)
(-0.001144929431 -5.342199937e-18 -0.01712751899)
(-0.001447510901 -9.157629258e-18 -0.01703897868)
(-0.001738723871 -9.405660618e-18 -0.01693134454)
(-0.002017974405 -9.179051298e-18 -0.01680580878)
(-0.002284640908 -9.091215423e-18 -0.01666349446)
(-0.00253811252 -1.191849866e-17 -0.01650547702)
(-0.002777919495 -8.246434422e-18 -0.0163327702)
(-0.003003710496 -7.585971828e-18 -0.01614632673)
(-0.003215227681 -9.044851343e-18 -0.01594704347)
(-0.003412296311 -9.862318092e-18 -0.01573576478)
(-0.003594813968 -1.043648905e-17 -0.01551328598)
(-0.00376274511 -1.116786068e-17 -0.01528035721)
(-0.003916114439 -1.149436621e-17 -0.01503768647)
(-0.004055000319 -1.168794763e-17 -0.01478594209)
(-0.004179529171 -1.19721662e-17 -0.0145257527)
(-0.0042898689 -1.230271822e-17 -0.01425770964)
(-0.004386223484 -1.454535773e-17 -0.01398236517)
(-0.004468826146 -1.335388897e-17 -0.01370022965)
(-0.004537932423 -1.361489801e-17 -0.01341176915)
(-0.004593813011 -1.382679712e-17 -0.01311740117)
(-0.00463674589 -1.408682685e-17 -0.01281748886)
(-0.004667008567 -1.480895874e-17 -0.01251233348)
(-0.004684868285 -1.283372965e-17 -0.01220216616)
(-0.004690572546 -1.229238817e-17 -0.0118871384)
(-0.004684338408 -1.256121566e-17 -0.01156730963)
(-0.004666340312 -1.254604188e-17 -0.01124263191)
(-0.00463669579 -1.208071033e-17 -0.0109129306)
(-0.004595448701 -1.153464977e-17 -0.01057788183)
(-0.00454255001 -1.137628334e-17 -0.010236984)
(-0.00447783397 -1.115900443e-17 -0.009889520328)
(-0.004400988985 -1.142431101e-17 -0.009534513997)
(-0.004311524193 -1.058510207e-17 -0.009170675496)
(-0.004208729456 -1.152960874e-17 -0.008796339873)
(-0.004091632907 -1.114189654e-17 -0.008409401763)
(-0.003958958532 -1.081020695e-17 -0.008007256028)
(-0.003809092572 -1.013906302e-17 -0.007586757982)
(-0.003640065658 -1.003458119e-17 -0.007144220123)
(-0.003449560274 -9.489141644e-18 -0.006675455454)
(-0.003234947041 -8.95124353e-18 -0.006175875111)
(-0.00299334553 -8.795077191e-18 -0.005640624647)
(-0.002721699552 -8.469043786e-18 -0.005064738898)
(-0.002416860548 -8.270669607e-18 -0.004443293223)
(-0.002075683457 -7.180985581e-18 -0.003771520511)
(-0.001695112996 -6.162379322e-18 -0.003044891769)
(-0.001272031383 -4.833016176e-18 -0.002259281246)
(-0.0008025955033 -3.196771261e-18 -0.001411348925)
(-0.0002822782787 -1.088477816e-18 -0.0004984134478)
(-0.0002152169934 -2.55387779e-18 -0.01826945719)
(-0.0005606395049 -6.960954434e-18 -0.01824648817)
(-0.000883127298 -7.393368579e-19 -0.0181973817)
(-0.001211420805 -4.736982347e-18 -0.01812429347)
(-0.001531525921 -9.675544384e-18 -0.01802906183)
(-0.00183957043 -1.194608605e-17 -0.0179132859)
(-0.002134903571 -1.410850152e-17 -0.0177782463)
(-0.002416860205 -1.232890743e-17 -0.01762515151)
(-0.00268478238 -1.195653993e-17 -0.01745516184)
(-0.00293815979 -1.152608202e-17 -0.01726937394)
(-0.003176608696 -9.461991828e-18 -0.01706882176)
(-0.00339984663 -8.905638982e-18 -0.0168544832)
(-0.003607677926 -9.49269779e-18 -0.01662728117)
(-0.003799986788 -1.097690952e-17 -0.01638808933)
(-0.003976730657 -1.159968102e-17 -0.01613773573)
(-0.004137933056 -1.169818864e-17 -0.01587700422)
(-0.004283676949 -1.165533727e-17 -0.01560663741)
(-0.004414098909 -1.209287725e-17 -0.01532733766)
(-0.004529383271 -1.232077653e-17 -0.01503976498)
(-0.004629754541 -1.262495082e-17 -0.01474453752)
(-0.00471547046 -1.351597367e-17 -0.01444222852)
(-0.004786815417 -1.409755004e-17 -0.01413336171)
(-0.004844091624 -1.458165943e-17 -0.01381840584)
(-0.004887610498 -1.494060999e-17 -0.01349776933)
(-0.004917683849 -1.489664377e-17 -0.01317179254)
(-0.004934613803 -1.478265681e-17 -0.01284073872)
(-0.004938682402 -1.349456696e-17 -0.01250478301)
(-0.004930139297 -1.258400001e-17 -0.0121639995)
(-0.004909188811 -1.289831705e-17 -0.01181834656)
(-0.004875975094 -1.260017652e-17 -0.01146764732)
(-0.004830564597 -1.220752892e-17 -0.01111156499)
(-0.004772924923 -1.181351832e-17 -0.01074957366)
(-0.004702900637 -1.161356088e-17 -0.01038092184)
(-0.004620183335 -1.165757781e-17 -0.01000458551)
(-0.004524276342 -1.101120225e-17 -0.009619214512)
(-0.004414454655 -1.145322608e-17 -0.009223069993)
(-0.004289720645 -1.088170589e-17 -0.00881395784)
(-0.004148761761 -1.03757895e-17 -0.008389169618)
(-0.003989915875 -9.611355719e-18 -0.007945443633)
(-0.003811153829 -9.475387327e-18 -0.007478961864)
(-0.003610086982 -9.39955073e-18 -0.00698539463)
(-0.003384004022 -8.60004516e-18 -0.006460000318)
(-0.003129932829 -8.566146755e-18 -0.005897762856)
(-0.002844717454 -7.528137816e-18 -0.005293550544)
(-0.002525103627 -6.827669561e-18 -0.004642270004)
(-0.002167836615 -5.983215671e-18 -0.003938984524)
(-0.00176974964 -5.437747257e-18 -0.003178995991)
(-0.001327603591 -4.827842094e-18 -0.002358017324)
(-0.000837397 -3.277276111e-18 -0.001472568328)
(-0.000294417928 -1.161443829e-18 -0.0005198417433)
(-0.0002276431829 -1.125920235e-18 -0.01936290913)
(-0.0005931375273 -3.553133116e-18 -0.01933821581)
(-0.0009343780164 -2.039121845e-18 -0.01928538384)
(-0.001281666769 -6.075600952e-18 -0.01920676386)
(-0.001620345036 -9.514914098e-18 -0.01910431013)
(-0.001946271605 -1.211626733e-17 -0.01897973329)
(-0.00225873561 -1.355176554e-17 -0.018834409)
(-0.00255702814 -1.283041854e-17 -0.01866963179)
(-0.002840441371 -1.214912787e-17 -0.01848664793)
(-0.003108419933 -1.14549561e-17 -0.01828663968)
(-0.003360543004 -1.100506679e-17 -0.01807072567)
(-0.003596494213 -1.070710639e-17 -0.0178399663)
(-0.003816050622 -1.123669399e-17 -0.01759536905)
(-0.004019076372 -1.203098036e-17 -0.0173378924)
(-0.004205513556 -1.232597317e-17 -0.01706844742)
(-0.004375377035 -1.264826531e-17 -0.01678790228)
(-0.004528747451 -1.246665887e-17 -0.01649708193)
(-0.004665765333 -1.29554692e-17 -0.01619676979)
(-0.004786624784 -1.394755618e-17 -0.01588770634)
(-0.004891566541 -1.416840854e-17 -0.01557058566)
(-0.004980869672 -1.461084249e-17 -0.01524605251)
(-0.005054844066 -1.477667049e-17 -0.01491469821)
(-0.00511382156 -1.597034378e-17 -0.01457705408)
(-0.005158146827 -1.540441963e-17 -0.01423358391)
(-0.005188166825 -1.481550514e-17 -0.01388467534)
(-0.005204219848 -1.402139756e-17 -0.01353063078)
(-0.005206623891 -1.535719834e-17 -0.01317165651)
(-0.005195664179 -1.516551319e-17 -0.01280784871)
(-0.005171578516 -1.428017767e-17 -0.01243917659)
(-0.005134540943 -1.346645785e-17 -0.01206546338)
(-0.005084643564 -1.264349465e-17 -0.01168636205)
(-0.00502187456 -1.268700453e-17 -0.01130132398)
(-0.004946091872 -1.08351632e-17 -0.01090956131)
(-0.004856992973 -1.048976045e-17 -0.01051000074)
(-0.004754077654 -1.009646111e-17 -0.01010122745)
(-0.00463660713 -9.901738427e-18 -0.009681422453)
(-0.004503558594 -9.775637632e-18 -0.009248295684)
(-0.004353582365 -9.705179344e-18 -0.008799026275)
(-0.00418496634 -9.040732998e-18 -0.008330224587)
(-0.003995618851 -8.638807061e-18 -0.007837929115)
(-0.003783076845 -8.463129475e-18 -0.007317655047)
(-0.003544543499 -8.544815635e-18 -0.006764494334)
(-0.003276951076 -8.343553956e-18 -0.006173255501)
(-0.002977040345 -7.786713151e-18 -0.005538626881)
(-0.00264144801 -7.716570832e-18 -0.004855333464)
(-0.002266807006 -5.681700756e-18 -0.004118256178)
(-0.001849836934 -5.223828534e-18 -0.00332251566)
(-0.001387175917 -3.052228439e-18 -0.00246365256)
(-0.0008746630819 -1.476997101e-18 -0.00153803882)
(-0.0003074031833 -5.707622928e-19 -0.0005427397911)
(-0.0002406057514 1.752437805e-18 -0.02055062049)
(-0.000627050679 4.913051297e-18 -0.02052410419)
(-0.0009878880086 -7.383960438e-18 -0.02046730757)
(-0.001355056104 -9.928307489e-18 -0.02038279907)
(-0.001713221117 -1.045995701e-17 -0.02027265193)
(-0.002057968611 -1.349919142e-17 -0.02013868409)
(-0.00238852811 -1.480734467e-17 -0.01998236268)
(-0.002704145784 -1.340435262e-17 -0.01980506949)
(-0.00300406267 -1.235707616e-17 -0.01960813507)
(-0.003287674147 -1.118894131e-17 -0.0193928246)
(-0.003554513774 -1.190526738e-17 -0.01916034003)
(-0.003804224826 -1.197813062e-17 -0.01891182607)
(-0.004036549737 -1.290853372e-17 -0.01864837659)
(-0.004251320393 -1.392906681e-17 -0.01837103586)
(-0.004448453862 -1.469960831e-17 -0.01808080431)
(-0.004627945598 -1.580973752e-17 -0.01777863837)
(-0.004789863025 -1.704822129e-17 -0.0174654538)
(-0.004934340725 -1.8824109e-17 -0.01714212367)
(-0.005061573796 -1.784104624e-17 -0.01680947654)
(-0.005171809813 -1.888402704e-17 -0.01646829393)
(-0.005265342038 -1.791007114e-17 -0.01611930489)
(-0.005342500729 -1.913111685e-17 -0.01576317928)
(-0.005403643052 -1.85268507e-17 -0.01540052148)
(-0.005449143095 -1.859965885e-17 -0.01503186243)
(-0.005479381168 -1.832631095e-17 -0.01465764981)
(-0.005494731802 -1.861838205e-17 -0.01427823652)
(-0.005495550162 -1.660408327e-17 -0.01389386852)
(-0.005482158266 -1.579579849e-17 -0.01350467184)
(-0.005454829754 -1.477071784e-17 -0.0131106353)
(-0.005413772293 -1.444435735e-17 -0.01271158858)
(-0.005359107155 -1.407826229e-17 -0.01230717761)
(-0.005290846476 -1.250856772e-17 -0.01189683396)
(-0.00520886564 -1.285344221e-17 -0.01147973466)
(-0.005112870908 -1.160419237e-17 -0.01105475555)
(-0.00500236172 -1.043031705e-17 -0.0106204147)
(-0.004876587328 -9.29890453e-18 -0.01017480772)
(-0.004734501098 -8.564603177e-18 -0.0097155411)
(-0.004574716079 -8.304278224e-18 -0.009239672825)
(-0.004395469582 -7.501756252e-18 -0.008743674531)
(-0.004194605886 -7.265642513e-18 -0.00822342964)
(-0.00396958512 -6.581561419e-18 -0.007674285048)
(-0.003717522209 -6.13064889e-18 -0.007091152674)
(-0.003435251722 -5.261339963e-18 -0.00646865365)
(-0.003119409703 -5.053435504e-18 -0.005801285187)
(-0.002766522731 -4.177102167e-18 -0.005083579601)
(-0.002373110903 -3.409781161e-18 -0.004310224681)
(-0.001935780704 -2.804542923e-18 -0.003476149555)
(-0.001451047417 -2.008116449e-18 -0.002576709059)
(-0.0009145876754 -1.57912062e-18 -0.001608106849)
(-0.0003213081935 -5.615262392e-19 -0.0005672511755)
(-0.0002539186275 8.709370508e-19 -0.02184026048)
(-0.0006618951406 -1.158817504e-17 -0.02181185148)
(-0.001042904007 -1.318971283e-17 -0.02175090965)
(-0.001430576862 -1.466714196e-17 -0.02166024482)
(-0.001808908743 -1.979117297e-17 -0.02154203923)
(-0.002173211696 -1.840508299e-17 -0.02139821705)
(-0.002522662394 -1.854346271e-17 -0.02123032825)
(-0.002856465333 -1.559336396e-17 -0.02103983318)
(-0.00317380793 -1.471030182e-17 -0.02082813975)
(-0.003474032062 -1.404881152e-17 -0.02059659013)
(-0.003756620605 -1.439869252e-17 -0.02034646425)
(-0.004021168841 -1.589702952e-17 -0.02007898689)
(-0.004267370906 -1.621255664e-17 -0.01979533271)
(-0.004495015662 -1.679854553e-17 -0.01949663196)
(-0.004703980564 -1.792685673e-17 -0.01918397319)
(-0.004894226893 -1.740782011e-17 -0.01885840595)
(-0.005065794811 -1.710366494e-17 -0.01852093934)
(-0.005218797606 -1.795183635e-17 -0.0181725434)
(-0.005353416936 -1.858993333e-17 -0.01781414471)
(-0.005469894963 -1.916465123e-17 -0.01744662089)
(-0.00556852677 -1.950789949e-17 -0.01707079628)
(-0.005649651873 -1.953386925e-17 -0.0166874337)
(-0.005713644409 -1.873420468e-17 -0.01629722522)
(-0.00576090156 -1.856860053e-17 -0.01590078193)
(-0.005791831773 -1.942872244e-17 -0.01549862435)
(-0.005806841628 -1.748817346e-17 -0.01509117036)
(-0.005806322247 -1.721850971e-17 -0.01467872058)
(-0.005790632987 -1.830297126e-17 -0.01426144238)
(-0.005760084316 -1.621319506e-17 -0.01383935345)
(-0.005714919412 -1.566304024e-17 -0.01341229989)
(-0.005655292315 -1.517444075e-17 -0.0129799286)
(-0.005581242511 -1.43956264e-17 -0.01254165573)
(-0.005492666638 -1.368084578e-17 -0.01209662701)
(-0.00538928359 -1.345793729e-17 -0.01164366814)
(-0.005270595529 -1.290929256e-17 -0.01118122819)
(-0.005135842611 -1.175284029e-17 -0.01070731374)
(-0.00498395623 -1.027055178e-17 -0.01021942138)
(-0.004813513067 -9.334471756e-18 -0.009714479073)
(-0.004622699677 -8.480908067e-18 -0.009188808037)
(-0.004409295502 -7.396382433e-18 -0.008638125263)
(-0.004170682861 -6.288677486e-18 -0.008057596429)
(-0.003903887291 -5.48361572e-18 -0.007441940547)
(-0.003605645487 -4.410822528e-18 -0.00678557977)
(-0.003272489511 -4.456397871e-18 -0.006082810153)
(-0.002900838215 -4.040450808e-18 -0.005327962786)
(-0.002487103149 -3.522396618e-18 -0.004515526224)
(-0.002027784594 -1.60656654e-18 -0.003640235537)
(-0.001519285142 -3.094121266e-18 -0.002697264562)
(-0.0009571354872 -1.1252221e-18 -0.00168266888)
(-0.0003360812342 -6.118914157e-19 -0.0005932439706)
(-0.0002672985024 -5.463004647e-18 -0.02323892981)
(-0.0006969358795 -1.649407556e-17 -0.02320860819)
(-0.001098282005 -1.153332867e-17 -0.02314343768)
(-0.001506682103 -2.302891511e-18 -0.02304648804)
(-0.00190549026 -1.672613303e-17 -0.02292003813)
(-0.002289755823 -1.822536079e-17 -0.02276610466)
(-0.002658609766 -1.865473953e-17 -0.02258631148)
(-0.003011222376 -1.836679539e-17 -0.0223821821)
(-0.00334673008 -1.669548997e-17 -0.02215518708)
(-0.00366441987 -1.578701367e-17 -0.02190673218)
(-0.003963718297 -1.592086138e-17 -0.02163816165)
(-0.004244160709 -1.72366315e-17 -0.02135076692)
(-0.004505382685 -1.729415003e-17 -0.02104579516)
(-0.004747114464 -1.730996918e-17 -0.02072445395)
(-0.004969177266 -1.727236908e-17 -0.02038791449)
(-0.00517147915 -1.812864069e-17 -0.02003731495)
(-0.005354012265 -1.89261919e-17 -0.01967376062)
(-0.005516849683 -2.006836841e-17 -0.0192983193)
(-0.005660138507 -2.100091581e-17 -0.01891202079)
(-0.005784095335 -2.211835586e-17 -0.01851584981)
(-0.005888999422 -2.217153458e-17 -0.01811073655)
(-0.005975183083 -2.162796261e-17 -0.01769754853)
(-0.006043021612 -2.113802247e-17 -0.01727708062)
(-0.006092922615 -2.107533095e-17 -0.01685004247)
(-0.006125312974 -2.118642849e-17 -0.01641704489)
(-0.006140623987 -2.039128366e-17 -0.01597858659)
(-0.006139276475 -1.984898979e-17 -0.01553503945)
(-0.006121663793 -1.889544815e-17 -0.01508663078)
(-0.006088132803 -1.802924428e-17 -0.01463342272)
(-0.006038962666 -1.677505808e-17 -0.01417529025)
(-0.005974341924 -1.587750576e-17 -0.01371189379)
(-0.005894341065 -1.430555063e-17 -0.01324264406)
(-0.005798881344 -1.384406299e-17 -0.01276666193)
(-0.005687698893 -1.268678734e-17 -0.01228272843)
(-0.005560302491 -1.170141326e-17 -0.01178922511)
(-0.005415927229 -1.100932381e-17 -0.01128406813)
(-0.005253485285 -1.003928598e-17 -0.01076464049)
(-0.005071519545 -9.661763592e-18 -0.01022773361)
(-0.004868167488 -8.457812102e-18 -0.009669510203)
(-0.00464114449 -7.917551522e-18 -0.00908551038)
(-0.004387755569 -7.291705185e-18 -0.008470707403)
(-0.004104938408 -6.678042643e-18 -0.007819618384)
(-0.003789334571 -5.758679706e-18 -0.007126459329)
(-0.003437376198 -5.16042784e-18 -0.006385319476)
(-0.003045380185 -4.432953376e-18 -0.005590325116)
(-0.002609657395 -3.280337208e-18 -0.004735764028)
(-0.002126609732 -1.987911982e-18 -0.003816171501)
(-0.001592531856 -1.094688994e-18 -0.002826520374)
(-0.001002801276 -7.055039176e-19 -0.001762665847)
(-0.0003519491919 -2.778204489e-19 -0.0006211919237)
(-0.0002803417524 -1.004740775e-18 -0.0247525058)
(-0.0007311226683 -2.073454759e-18 -0.02472032237)
(-0.001152377795 -3.759231148e-18 -0.02465097881)
(-0.001581140649 -8.990241539e-19 -0.02454781897)
(-0.002000184505 -6.153175524e-18 -0.02441320456)
(-0.002404321771 -5.464842015e-18 -0.02424921985)
(-0.002792651213 -7.108895562e-18 -0.02405754126)
(-0.003164319316 -1.347891424e-17 -0.02383973615)
(-0.0035184193 -1.551590831e-17 -0.02359731484)
(-0.003854184213 -1.573866426e-17 -0.0233317221)
(-0.004170978712 -1.62619149e-17 -0.02304434368)
(-0.004468272171 -1.686196397e-17 -0.02273651786)
(-0.004745628773 -1.762465436e-17 -0.02240954437)
(-0.005002703011 -1.802045156e-17 -0.02206468963)
(-0.005239239756 -1.795227295e-17 -0.02170319409)
(-0.005455071432 -1.859971527e-17 -0.0213262722)
(-0.005650116843 -1.655649096e-17 -0.02093511585)
(-0.005824380583 -2.075669321e-17 -0.0205308903)
(-0.005977949209 -2.320366285e-17 -0.02011472732)
(-0.006110986034 -2.425106459e-17 -0.01968772121)
(-0.006223726423 -2.276596864e-17 -0.01925091811)
(-0.006316470349 -2.415984145e-17 -0.01880530354)
(-0.006389571547 -2.138045655e-17 -0.01835178916)
(-0.00644342684 -2.275226359e-17 -0.01789119954)
(-0.006478462518 -2.251158438e-17 -0.01742425671)
(-0.006495119963 -2.226299088e-17 -0.01695156311)
(-0.006493838352 -2.125012041e-17 -0.01647358271)
(-0.006475035831 -2.09137296e-17 -0.01599062313)
(-0.006439089402 -1.979484022e-17 -0.01550281336)
(-0.006386311655 -1.87372096e-17 -0.01501007731)
(-0.006316924516 -1.791532293e-17 -0.01451210542)
(-0.006231030562 -1.659531089e-17 -0.01400831899)
(-0.006128578352 -1.526095609e-17 -0.01349782591)
(-0.006009324358 -1.460158633e-17 -0.01297937069)
(-0.005872787997 -1.273401778e-17 -0.01245127317)
(-0.005718203136 -1.17624146e-17 -0.01191136058)
(-0.005544466222 -1.112894771e-17 -0.01135690006)
(-0.005350089105 -1.034732256e-17 -0.01078453969)
(-0.005133162377 -9.461158502e-18 -0.01019027608)
(-0.004891339555 -7.62059363e-18 -0.009569462024)
(-0.004621850566 -7.973716968e-18 -0.008916867455)
(-0.004321548891 -7.355745408e-18 -0.008226798233)
(-0.003986986314 -6.195785532e-18 -0.007493257103)
(-0.003614503497 -5.825693786e-18 -0.006710122753)
(-0.003200328139 -4.344603057e-18 -0.00587131874)
(-0.002740689008 -3.69337904e-18 -0.004970941865)
(-0.002231916664 -2.91297432e-18 -0.004003353316)
(-0.001670238649 -1.499041726e-18 -0.002963385301)
(-0.001050950801 -6.539996183e-19 -0.001846821782)
(-0.0003685355631 -2.451626269e-20 -0.0006502623941)
(-0.0002924961086 -3.581014331e-19 -0.0263847244)
(-0.0007630158469 -8.529753759e-18 -0.02635082083)
(-0.001202930806 -4.880742431e-18 -0.02627754755)
(-0.001650876864 -9.002367692e-19 -0.02616853627)
(-0.002089143657 -6.083901374e-19 -0.02602620074)
(-0.002512345674 -6.03372689e-18 -0.02585266622)
(-0.002919573956 -1.225704498e-17 -0.02564962981)
(-0.003309968971 -1.288031334e-17 -0.0254186704)
(-0.00368259192 -1.203448419e-17 -0.02516130587)
(-0.004036628353 -1.44658795e-17 -0.02487898761)
(-0.004371383908 -1.72809612e-17 -0.02457310973)
(-0.004686256652 -1.954737688e-17 -0.02424502366)
(-0.004980726558 -1.957733283e-17 -0.02389604794)
(-0.005254357514 -2.005962516e-17 -0.02352747991)
(-0.005506795925 -2.046284332e-17 -0.02314059958)
(-0.005737772185 -2.105500985e-17 -0.0227366767)
(-0.00594710283 -2.173445332e-17 -0.02231696862)
(-0.006134690745 -2.308226889e-17 -0.02188272121)
(-0.006300525297 -2.54134722e-17 -0.02143516216)
(-0.006444680736 -2.628824091e-17 -0.0209754912)
(-0.006567312285 -2.737969509e-17 -0.02050487008)
(-0.006668649899 -2.695098006e-17 -0.0200244097)
(-0.006748990933 -2.672604406e-17 -0.01953515357)
(-0.006808689737 -2.606932559e-17 -0.01903805892)
(-0.006848143414 -2.469071143e-17 -0.01853397887)
(-0.006867777126 -2.336034376e-17 -0.01802364367)
(-0.00686802696 -2.277647775e-17 -0.01750763858)
(-0.006849319407 -2.217187007e-17 -0.01698637977)
(-0.00681204843 -2.141282539e-17 -0.01646009043)
(-0.006756550844 -2.052579708e-17 -0.0159287727)
(-0.006683077282 -1.965806001e-17 -0.01539217386)
(-0.006591759855 -1.929806438e-17 -0.01484974956)
(-0.006482575597 -1.8341878e-17 -0.01430061744)
(-0.006355303805 -1.743177783e-17 -0.01374350344)
(-0.006209478956 -1.674964352e-17 -0.01317667973)
(-0.006044338238 -1.587755016e-17 -0.01259789534)
(-0.005858767929 -1.516455819e-17 -0.0120043079)
(-0.00565125411 -1.466529514e-17 -0.01139242567)
(-0.00541984524 -1.379831559e-17 -0.01075807829)
(-0.00516213759 -1.288420182e-17 -0.01009642842)
(-0.004875291885 -1.214631378e-17 -0.009402041379)
(-0.004556084725 -1.134601198e-17 -0.008669012481)
(-0.004200987995 -1.02025679e-17 -0.007891135064)
(-0.003806264096 -8.337934947e-18 -0.007062085954)
(-0.003368068507 -7.09197002e-18 -0.006175599034)
(-0.002882565502 -6.489918007e-18 -0.005225589407)
(-0.002346026513 -4.340918984e-18 -0.004206230313)
(-0.001754606083 -2.193749559e-18 -0.003112133825)
(-0.001103457501 -2.089624535e-18 -0.00193879558)
(-0.0003867671505 -8.821568684e-19 -0.0006824219324)
(-0.0003030357052 4.19193551e-18 -0.02813594661)
(-0.0007907210488 -8.852283332e-18 -0.02810058347)
(-0.001246965827 -8.100567003e-18 -0.02802387319)
(-0.001711830161 -8.547393082e-18 -0.02790973854)
(-0.002167265188 -1.062918617e-17 -0.02776060489)
(-0.00260774746 -1.117884945e-17 -0.02757860072)
(-0.003032389631 -1.231751563e-17 -0.02736540822)
(-0.003440353682 -1.018505778e-17 -0.02712257667)
(-0.003830690889 -1.133685697e-17 -0.02685158854)
(-0.004202554578 -1.441000713e-17 -0.02655385771)
(-0.004555198942 -1.64085096e-17 -0.02623073999)
(-0.004887949768 -1.825680002e-17 -0.02588355178)
(-0.005200199637 -1.951661341e-17 -0.02551358589)
(-0.005491407742 -2.11285417e-17 -0.02512212294)
(-0.005761102935 -2.229644299e-17 -0.02471044066)
(-0.006008887584 -2.292496016e-17 -0.02427982058)
(-0.006234442739 -2.365993482e-17 -0.02383155215)
(-0.006437532823 -2.463530692e-17 -0.02336692891)
(-0.006618007478 -2.621638215e-17 -0.02288724662)
(-0.006775804665 -2.661765997e-17 -0.02239379404)
(-0.006910951271 -2.703402395e-17 -0.02188783891)
(-0.007023558699 -2.685665479e-17 -0.02137061251)
(-0.007113818096 -2.65806789e-17 -0.02084329291)
(-0.007181992375 -2.608751842e-17 -0.02030698351)
(-0.007228404768 -2.518962708e-17 -0.01976268909)
(-0.007253423439 -2.51476752e-17 -0.01921129103)
(-0.00725744376 -2.464812276e-17 -0.01865352387)
(-0.007240868233 -2.366997933e-17 -0.01808994701)
(-0.007204081892 -2.292157645e-17 -0.01752091313)
(-0.007147424284 -2.221864024e-17 -0.01694653723)
(-0.007071158943 -2.154841713e-17 -0.01636665994)
(-0.006975436771 -2.063252368e-17 -0.01578080389)
(-0.006860256221 -1.988914221e-17 -0.01518812597)
(-0.006725416449 -1.914183185e-17 -0.01458735963)
(-0.006570466442 -1.802670176e-17 -0.01397674953)
(-0.00639464814 -1.733224684e-17 -0.0133539808)
(-0.00619684011 -1.657993408e-17 -0.01271610884)
(-0.005975505527 -1.635905474e-17 -0.01205950491)
(-0.005728654398 -1.574046545e-17 -0.01137982868)
(-0.005453829988 -1.557232402e-17 -0.01067204667)
(-0.005148129877 -1.458470363e-17 -0.009930513459)
(-0.004808262367 -1.36682087e-17 -0.009149108768)
(-0.004430632714 -1.219368624e-17 -0.008321416262)
(-0.004011446165 -1.104503214e-17 -0.007440921073)
(-0.003546818069 -9.511507188e-18 -0.006501192146)
(-0.003032898535 -9.359093087e-18 -0.005496017731)
(-0.00246598107 -6.355581305e-18 -0.004419505346)
(-0.001842283503 -3.879970921e-18 -0.003266316297)
(-0.001157079247 -2.077574347e-18 -0.00203220692)
(-0.0004048956531 -8.560139198e-19 -0.0007139121552)
(-0.0003110531483 5.439959654e-18 -0.03000162988)
(-0.000811869416 4.634051936e-18 -0.02996521147)
(-0.001280750922 -5.896374593e-18 -0.02988586025)
(-0.00175888728 -8.957033189e-18 -0.02976777715)
(-0.002228092409 -1.279726573e-17 -0.02961336054)
(-0.002682789144 -1.330357753e-17 -0.02942469001)
(-0.003122148973 -1.473896124e-17 -0.02920338935)
(-0.003545390889 -1.223507812e-17 -0.02895093345)
(-0.003951589327 -1.179642602e-17 -0.02866871813)
(-0.004339890273 -1.095281093e-17 -0.02835806339)
(-0.004709513483 -1.382964493e-17 -0.02802022974)
(-0.005059727146 -1.555533851e-17 -0.02765644056)
(-0.005389840336 -1.609794621e-17 -0.02726790042)
(-0.005699204233 -1.668896863e-17 -0.02685580964)
(-0.005987218431 -1.880510753e-17 -0.02642138088)
(-0.006253337017 -2.139839845e-17 -0.02596584605)
(-0.006497076508 -2.332539044e-17 -0.02549046524)
(-0.006718024487 -2.500951243e-17 -0.02499652847)
(-0.006915846935 -2.670328439e-17 -0.02448535039)
(-0.007090294133 -2.713813196e-17 -0.02395826544)
(-0.007241205817 -2.691608061e-17 -0.02341661582)
(-0.007368513542 -2.736120095e-17 -0.02286173354)
(-0.007472239078 -2.775175748e-17 -0.02229491905)
(-0.007552489478 -2.725577754e-17 -0.02171741938)
(-0.007609449361 -2.700491421e-17 -0.02113040165)
(-0.007643369379 -2.697189881e-17 -0.02053492167)
(-0.007654548701 -2.712499086e-17 -0.01993189224)
(-0.007643314515 -2.627219448e-17 -0.01932205239)
(-0.007609998463 -2.558443588e-17 -0.01870593007)
(-0.00755490644 -2.427788499e-17 -0.0180838014)
(-0.007478284638 -2.36609208e-17 -0.01745565081)
(-0.007380280895 -2.195089737e-17 -0.01682112143)
(-0.007260899467 -2.073747615e-17 -0.01617946028)
(-0.007119950453 -1.942728747e-17 -0.01552945709)
(-0.006956992973 -1.887792273e-17 -0.01486937439)
(-0.006771274248 -1.757841212e-17 -0.01419687371)
(-0.006561668467 -1.739038019e-17 -0.0135089443)
(-0.006326621226 -1.671891251e-17 -0.01280184973)
(-0.006064110559 -1.593252049e-17 -0.01207110399)
(-0.005771635124 -1.526681431e-17 -0.01131150056)
(-0.005446239205 -1.407930643e-17 -0.01051720539)
(-0.005084575938 -1.388277026e-17 -0.009681907603)
(-0.004683002066 -1.257005959e-17 -0.008799013442)
(-0.004237689437 -1.117398169e-17 -0.00786185514)
(-0.003744739105 -9.689965267e-18 -0.006863872987)
(-0.003200302974 -8.310923207e-18 -0.005798730933)
(-0.002600677714 -6.144070666e-18 -0.004660360862)
(-0.001942039792 -3.746945015e-18 -0.003443088907)
(-0.001219448785 -3.275753888e-18 -0.002142015188)
(-0.0004267365749 -6.528536337e-19 -0.0007527814385)
(-0.0003154764801 2.323907856e-18 -0.03197053812)
(-0.000823657358 6.780614421e-18 -0.03193362411)
(-0.001299852501 6.676803883e-18 -0.03185276286)
(-0.001785953051 -2.430982504e-18 -0.03173241511)
(-0.002263892372 -8.04350922e-18 -0.03157490172)
(-0.002728143431 -1.134395149e-17 -0.0313822023)
(-0.003177985655 -1.301620386e-17 -0.03115583216)
(-0.003612737787 -1.27126789e-17 -0.03089714077)
(-0.004031538499 -1.273701567e-17 -0.03060738349)
(-0.004433564572 -1.176227144e-17 -0.03028772813)
(-0.004818036745 -1.633020952e-17 -0.02993927648)
(-0.005184192872 -1.432842283e-17 -0.02956308887)
(-0.0055312771 -1.577927185e-17 -0.02916020472)
(-0.005858546275 -1.679292257e-17 -0.02873166714)
(-0.006165273627 -1.835992197e-17 -0.02827853806)
(-0.006450757999 -2.08930936e-17 -0.02780191666)
(-0.006714335006 -2.302715134e-17 -0.02730294643)
(-0.006955386078 -2.455103813e-17 -0.0267828266)
(-0.007173352036 -2.596903842e-17 -0.02624281224)
(-0.007367744679 -2.771803455e-17 -0.02568420794)
(-0.007538155082 -2.782690137e-17 -0.02510836085)
(-0.007684262153 -2.831441832e-17 -0.0245166463)
(-0.007805838786 -2.885353784e-17 -0.02391044495)
(-0.007902752137 -2.925432047e-17 -0.02329111685)
(-0.007974960403 -2.942471101e-17 -0.02265997333)
(-0.008022506694 -2.955854893e-17 -0.02201824302)
(-0.008045506353 -3.002871288e-17 -0.02136703257)
(-0.008044128535 -3.051194472e-17 -0.02070728591)
(-0.008018573139 -3.014852664e-17 -0.02003974282)
(-0.007969042202 -3.112448005e-17 -0.01936488952)
(-0.007895703448 -3.039428752e-17 -0.01868290654)
(-0.007798649284 -2.972735329e-17 -0.01799361361)
(-0.007677847177 -2.772157374e-17 -0.01729640508)
(-0.007533084393 -2.715160625e-17 -0.01659018051)
(-0.007363904465 -2.398510096e-17 -0.01587326765)
(-0.00716954073 -2.211164503e-17 -0.01514334236)
(-0.006948848782 -2.018988916e-17 -0.01439735615)
(-0.006700246728 -1.847376098e-17 -0.01363148116)
(-0.006421673713 -1.657533518e-17 -0.01284109165)
(-0.006110579989 -1.468971617e-17 -0.01202080656)
(-0.005763957015 -1.315569611e-17 -0.01116459753)
(-0.005378410227 -1.192704641e-17 -0.01026596032)
(-0.004950267407 -1.037575795e-17 -0.009318133882)
(-0.004475705624 -8.631850103e-18 -0.008314332858)
(-0.003950884497 -6.727805425e-18 -0.00724795852)
(-0.0033720948 -5.386736226e-18 -0.006112761114)
(-0.002735889177 -4.558643974e-18 -0.004902979796)
(-0.002038867088 -2.812133988e-18 -0.00361366118)
(-0.00127681529 -1.604262388e-18 -0.002241338144)
(-0.0004451578061 -2.781722392e-19 -0.0007839422956)
(-0.0003151230412 0 -0.03402284279)
(-0.0008229869756 1.316305197e-18 -0.03398614394)
(-0.001299365491 3.606377192e-18 -0.03390525038)
(-0.00178625979 -4.297042073e-18 -0.03378484528)
(-0.002266032357 -9.401280709e-18 -0.03362711493)
(-0.002733329218 -1.182157305e-17 -0.03343389272)
(-0.003187587743 -1.263341662e-17 -0.03320654225)
(-0.003628277125 -1.373066813e-17 -0.03294624119)
(-0.004054652744 -1.368667765e-17 -0.03265405445)
(-0.004465973977 -1.455647624e-17 -0.03233094342)
(-0.004861512383 -1.422977619e-17 -0.0319777884)
(-0.00524051887 -1.845789759e-17 -0.03159541472)
(-0.005602216944 -2.007819581e-17 -0.03118462142)
(-0.005945805947 -2.154419893e-17 -0.03074620647)
(-0.006270463184 -2.220446373e-17 -0.03028098707)
(-0.006575353247 -2.518682074e-17 -0.02978982451)
(-0.006859639541 -2.706734368e-17 -0.0292736394)
(-0.007122496478 -2.842521397e-17 -0.02873342484)
(-0.007363122818 -2.957828325e-17 -0.02817025874)
(-0.007580759044 -2.90085694e-17 -0.02758530327)
(-0.00777470135 -2.865664841e-17 -0.0269798011)
(-0.007944314385 -2.915849626e-17 -0.02635506725)
(-0.00808904502 -3.008090793e-17 -0.0257124719)
(-0.008208430778 -3.112142811e-17 -0.02505341478)
(-0.008302104531 -3.096298218e-17 -0.02437929529)
(-0.008369794641 -3.218569489e-17 -0.02369147726)
(-0.008411320523 -3.212804084e-17 -0.02299124677)
(-0.00842658069 -3.219258964e-17 -0.02227976283)
(-0.008415533603 -3.202799202e-17 -0.02155800655)
(-0.008378172699 -3.166003441e-17 -0.02082672456)
(-0.008314491939 -3.119834138e-17 -0.0200863641)
(-0.008224443391 -3.082098798e-17 -0.01933700622)
(-0.008107885849 -2.96446944e-17 -0.01857829009)
(-0.007964524546 -2.81068179e-17 -0.0178093311)
(-0.007793842141 -2.608912108e-17 -0.01702863326)
(-0.007595024853 -2.39180515e-17 -0.01623399935)
(-0.007366887003 -2.226378368e-17 -0.01542245233)
(-0.007107804727 -2.130719018e-17 -0.01459017685)
(-0.00681567021 -1.971845212e-17 -0.01373250651)
(-0.006487880837 -1.826198704e-17 -0.0128439771)
(-0.006121374172 -1.687789989e-17 -0.01191845373)
(-0.005712711417 -1.5486443e-17 -0.0109493293)
(-0.005258200214 -1.283963949e-17 -0.009929769676)
(-0.004754033734 -1.054158971e-17 -0.008852960086)
(-0.004196424612 -7.968257599e-18 -0.007712298898)
(-0.003581730715 -5.244372819e-18 -0.006501478587)
(-0.002906527609 -3.876471023e-18 -0.005214427035)
(-0.00216725717 -3.251696401e-18 -0.003845251371)
(-0.001358998817 -3.058992186e-19 -0.002388378088)
(-0.0004749126533 -6.242761208e-19 -0.0008381537371)
(-0.0003088236882 -3.363531023e-18 -0.03612838199)
(-0.0008067855779 -9.652443127e-18 -0.03609274146)
(-0.001274394241 -1.499484816e-17 -0.03601359703)
(-0.001753005196 -1.411667566e-17 -0.0358957916)
(-0.002225766074 -1.854420783e-17 -0.03574133465)
(-0.002687629868 -2.043600261e-17 -0.03555186662)
(-0.003138233919 -2.26364339e-17 -0.03532857056)
(-0.003577245694 -2.369569495e-17 -0.03507242158)
(-0.00400409225 -2.535456382e-17 -0.03478425797)
(-0.004418173597 -2.462422129e-17 -0.0344647924)
(-0.004818869264 -2.522348892e-17 -0.03411463429)
(-0.005205506397 -2.357270225e-17 -0.0337343184)
(-0.005577352618 -2.261569938e-17 -0.03332433494)
(-0.00593361052 -2.321227951e-17 -0.03288515341)
(-0.00627342097 -2.486324157e-17 -0.03241725182)
(-0.006595868705 -2.607150745e-17 -0.03192114158)
(-0.006899990471 -2.638167475e-17 -0.0313973937)
(-0.007184787386 -2.72350106e-17 -0.03084665711)
(-0.007449236888 -2.79312324e-17 -0.03026967841)
(-0.007692310632 -2.840106541e-17 -0.02966731417)
(-0.007912991962 -2.880054816e-17 -0.02904053516)
(-0.008110293252 -2.887767048e-17 -0.02839042651)
(-0.008283273968 -2.917146303e-17 -0.02771817973)
(-0.008431057118 -2.992137859e-17 -0.02702507569)
(-0.00855284319 -2.995376954e-17 -0.02631245855)
(-0.008647919809 -3.103479609e-17 -0.02558170241)
(-0.008715666511 -3.039223723e-17 -0.02483417023)
(-0.008755553573 -2.994552077e-17 -0.02407116159)
(-0.008767133013 -2.97114816e-17 -0.02329385302)
(-0.008750020458 -2.859052424e-17 -0.02250323304)
(-0.00870386811 -2.807254406e-17 -0.02170002464)
(-0.008628325958 -2.760114677e-17 -0.02088460177)
(-0.008522991903 -2.680037685e-17 -0.02005689752)
(-0.008387349464 -2.630672093e-17 -0.01921630284)
(-0.008220694528 -2.576554423e-17 -0.01836155958)
(-0.008022053909 -2.422754366e-17 -0.01749065384)
(-0.007790101262 -2.335209092e-17 -0.01660072172)
(-0.007523081785 -2.23040181e-17 -0.01568798158)
(-0.007218760678 -2.073517968e-17 -0.0147477248)
(-0.00687441154 -1.986194147e-17 -0.01377438199)
(-0.006486858841 -1.86610926e-17 -0.01276167878)
(-0.006052579644 -1.759764364e-17 -0.01170287929)
(-0.005567855054 -1.644228426e-17 -0.01059108733)
(-0.005028950529 -1.539240238e-17 -0.009419565574)
(-0.004432310972 -1.365088161e-17 -0.008182035592)
(-0.003774780883 -1.200799935e-17 -0.006872944562)
(-0.00305381089 -9.780725075e-18 -0.005487764038)
(-0.002267306441 -4.326128181e-18 -0.004023579884)
(-0.001412912401 -4.794296702e-18 -0.002480127599)
(-0.00048922725 -1.019646872e-18 -0.0008596533682)
(-0.0002955871354 -6.53109267e-18 -0.03824601364)
(-0.0007724667517 -1.79888297e-17 -0.0382123317)
(-0.001220831951 -2.317405217e-17 -0.0381369043)
(-0.001680463903 -2.772097614e-17 -0.03802465438)
(-0.00213566918 -2.616858547e-17 -0.0378773814)
(-0.002581844267 -2.364209363e-17 -0.03769650512)
(-0.003018858838 -2.787507758e-17 -0.03748301265)
(-0.00344661179 -2.59267475e-17 -0.03723767079)
(-0.003864751338 -2.766607748e-17 -0.03696108472)
(-0.004272873727 -2.667516932e-17 -0.03665370977)
(-0.004670531908 -2.579667342e-17 -0.03631587308)
(-0.005057205581 -2.404993118e-17 -0.0359478007)
(-0.005432287595 -2.296434955e-17 -0.03554964231)
(-0.005795075426 -2.458733484e-17 -0.03512149645)
(-0.006144770511 -2.475412141e-17 -0.03466344138)
(-0.006480478933 -2.362395793e-17 -0.03417556109)
(-0.006801213769 -2.402928456e-17 -0.03365797513)
(-0.007105902241 -2.405244819e-17 -0.03311086486)
(-0.007393394891 -2.617586008e-17 -0.03253449924)
(-0.007662477566 -2.463830345e-17 -0.0319292574)
(-0.007911887434 -2.437483426e-17 -0.03129564597)
(-0.008140330594 -2.445680016e-17 -0.03063431076)
(-0.008346500512 -2.463916461e-17 -0.02994604198)
(-0.008529097662 -2.572550553e-17 -0.02923177169)
(-0.008686850007 -2.645650428e-17 -0.02849256116)
(-0.008818531273 -2.667311542e-17 -0.02772957807)
(-0.008922974542 -2.655809797e-17 -0.02694406468)
(-0.008999083915 -2.626793254e-17 -0.02613729289)
(-0.009045839283 -2.594974614e-17 -0.02531050576)
(-0.009062290436 -2.557841356e-17 -0.02446485051)
(-0.00904754409 -2.53236091e-17 -0.02360129517)
(-0.009000737133 -2.520215335e-17 -0.02272053251)
(-0.008920995669 -2.425787217e-17 -0.02182287225)
(-0.008807379561 -2.36187054e-17 -0.02090811957)
(-0.008658811119 -2.383061785e-17 -0.01997544368)
(-0.008473990911 -2.278528214e-17 -0.01902324634)
(-0.008251306914 -2.093437948e-17 -0.01804904152)
(-0.007988748311 -1.899331722e-17 -0.01704936561)
(-0.007683842315 -1.699266325e-17 -0.01601975678)
(-0.007333634678 -1.505368608e-17 -0.01495482334)
(-0.006934732184 -1.358481131e-17 -0.01384842162)
(-0.006483416379 -1.338510674e-17 -0.01269393983)
(-0.005975815353 -1.211870287e-17 -0.01148464038)
(-0.005408098165 -1.126396046e-17 -0.01021398493)
(-0.004776648097 -8.654148074e-18 -0.008875838895)
(-0.004078187287 -9.905571826e-18 -0.007464433546)
(-0.003309784236 -6.943692532e-18 -0.005973993129)
(-0.002468292295 -5.283152379e-18 -0.004398141414)
(-0.001548548721 -1.474601744e-18 -0.002729369743)
(-0.0005415744987 -1.34596496e-18 -0.0009582428726)
(-0.0007186294481 -1.053180718e-17 -0.04029223311)
(-0.001136304978 -1.970938099e-17 -0.04022248115)
(-0.001565190405 -2.087854254e-17 -0.04011871107)
(-0.001991109257 -1.717901464e-17 -0.03998248937)
(-0.002410006952 -1.730152239e-17 -0.03981501129)
(-0.002821988002 -1.79989718e-17 -0.03961707202)
(-0.003227187418 -1.799626369e-17 -0.03938924228)
(-0.003625490819 -1.853494664e-17 -0.03913191328)
(-0.004016720195 -1.54644589e-17 -0.03884530631)
(-0.004400643722 -1.908725289e-17 -0.03852948984)
(-0.004776945805 -1.712789759e-17 -0.03818439963)
(-0.005145210132 -1.711818838e-17 -0.03780985879)
(-0.005504910253 -1.672595697e-17 -0.03740559983)
(-0.005855403332 -1.583210326e-17 -0.03697128998)
(-0.006195925437 -1.741579663e-17 -0.03650655649)
(-0.006525587162 -1.854274072e-17 -0.03601101374)
(-0.006843373591 -1.861311385e-17 -0.03548429266)
(-0.007148145965 -1.978278563e-17 -0.0349260685)
(-0.007438644505 -1.93230248e-17 -0.03433608905)
(-0.007713497342 -2.009013706e-17 -0.03371420208)
(-0.007971231073 -2.028265553e-17 -0.03306037735)
(-0.008210281844 -2.084176279e-17 -0.03237472547)
(-0.008429011714 -2.21839096e-17 -0.03165751276)
(-0.008625727782 -2.129810832e-17 -0.03090916536)
(-0.008798699696 -2.165808626e-17 -0.0301302657)
(-0.008946177849 -2.153878906e-17 -0.02932153923)
(-0.009066412896 -2.141828466e-17 -0.02848382661)
(-0.009157669804 -2.104973963e-17 -0.02761804088)
(-0.00921823545 -2.044359576e-17 -0.02672511006)
(-0.009246421908 -1.979010494e-17 -0.02580589885)
(-0.009240554865 -1.897999112e-17 -0.0248611113)
(-0.00919895043 -1.765446598e-17 -0.02389117132)
(-0.009119873514 -1.718177209e-17 -0.02289608052)
(-0.009001477784 -1.739645407e-17 -0.02187525691)
(-0.008841726386 -1.703652302e-17 -0.02082736208)
(-0.008638300595 -1.699145245e-17 -0.01975013698)
(-0.00838850716 -1.608449191e-17 -0.01864026845)
(-0.00808920647 -1.593258772e-17 -0.01749333761)
(-0.00773679073 -1.511773046e-17 -0.016303886)
(-0.007327238804 -1.370509451e-17 -0.01506563157)
(-0.006856269411 -1.215847598e-17 -0.01377184288)
(-0.006319592854 -1.1130246e-17 -0.01241583847)
(-0.005713244885 -1.001622371e-17 -0.0109915628)
(-0.005033992733 -8.027704427e-18 -0.009494206433)
(-0.004279826244 -6.851778508e-18 -0.007920894638)
(-0.003450460468 -5.997654458e-18 -0.006271596233)
(-0.002547427556 -4.567069312e-18 -0.004550591847)
(-0.001573774597 -2.513705634e-18 -0.002768397697)
(-0.0005374431922 -8.794522324e-19 -0.0009408281731)
)
;

boundaryField
{
    front_top
    {
        type            wedge;
    }
    front_middle
    {
        type            wedge;
    }
    front_bottom
    {
        type            wedge;
    }
    back_top
    {
        type            wedge;
    }
    back_middle
    {
        type            wedge;
    }
    back_bottom
    {
        type            wedge;
    }
    axis_top
    {
        type            symmetryPlane;
    }
    axis_middle
    {
        type            symmetryPlane;
    }
    axis_bottom
    {
        type            symmetryPlane;
    }
    wall_top
    {
        type            slip;
    }
    wall_middle
    {
        type            noSlip;
    }
    wall_bottom
    {
        type            noSlip;
    }
    inlet
    {
        type            fixedValue;
        value           nonuniform 0();
    }
    outlet
    {
        type            zeroGradient;
    }
    procBoundary3to2
    {
        type            processor;
        value           nonuniform List<vector> 
51
(
(-0.0002749086355 5.347871707e-19 -0.04032306655)
(-0.0002749086355 5.347871707e-19 -0.04032306655)
(-0.0006456763115 -1.230210615e-17 -0.04227368943)
(-0.001021616372 -1.146236496e-17 -0.04221140164)
(-0.001408315301 -1.121747434e-17 -0.04211882571)
(-0.001793422081 -1.170356645e-17 -0.04199728702)
(-0.002173524554 -1.5787066e-17 -0.04184776928)
(-0.002548944308 -1.754056767e-17 -0.0416709107)
(-0.002920037543 -1.729119045e-17 -0.04146713145)
(-0.003286926544 -1.491288438e-17 -0.04123666843)
(-0.003649669242 -1.282432989e-17 -0.04097958103)
(-0.004008270834 -1.088571157e-17 -0.04069576105)
(-0.004362656932 -1.096199104e-17 -0.04038494549)
(-0.004712657035 -1.190871541e-17 -0.04004672981)
(-0.005057995464 -1.186130055e-17 -0.03968058295)
(-0.005398282889 -1.206311003e-17 -0.0392858633)
(-0.005733007607 -1.225398612e-17 -0.03886183801)
(-0.00606152699 -1.365489919e-17 -0.03840770206)
(-0.006383061855 -1.563563381e-17 -0.0379226027)
(-0.006696687733 -1.638040971e-17 -0.03740566157)
(-0.007001330693 -1.586881801e-17 -0.03685600272)
(-0.007295766234 -1.87892366e-17 -0.03627277748)
(-0.007578613588 -2.016592424e-17 -0.03565519085)
(-0.00784833743 -2.094535853e-17 -0.03500252835)
(-0.008103252273 -2.075705924e-17 -0.03431417937)
(-0.008341525205 -2.016083838e-17 -0.03358965739)
(-0.008561183462 -1.933369722e-17 -0.03282861708)
(-0.008760125699 -1.940069724e-17 -0.03203086322)
(-0.008936132637 -1.950293103e-17 -0.03119635011)
(-0.009086878115 -1.933158525e-17 -0.03032517131)
(-0.009209941929 -1.942332047e-17 -0.02941753239)
(-0.009302817479 -1.853487547e-17 -0.02847370582)
(-0.009362914158 -1.766913073e-17 -0.02749396375)
(-0.009387551682 -1.701824152e-17 -0.02647848275)
(-0.009373939123 -1.585868377e-17 -0.02542721865)
(-0.009319137676 -1.470584525e-17 -0.02433974715)
(-0.009220001596 -1.354845321e-17 -0.02321507413)
(-0.009073099084 -1.337947337e-17 -0.02205143254)
(-0.00887462195 -1.29630557e-17 -0.02084608979)
(-0.008620300815 -1.18918905e-17 -0.01959521925)
(-0.00830536112 -1.145567695e-17 -0.01829390844)
(-0.00792455872 -1.160006489e-17 -0.01693635223)
(-0.007472327336 -1.000722582e-17 -0.01551625442)
(-0.006943041496 -9.222164882e-18 -0.01402738125)
(-0.006331339678 -8.337973567e-18 -0.0124640971)
(-0.005632399261 -6.793471933e-18 -0.01082160022)
(-0.004842052552 -5.182485091e-18 -0.009095483502)
(-0.003956617417 -3.935858736e-18 -0.007280298525)
(-0.002971835472 -3.0364062e-18 -0.005367268273)
(-0.001879720286 -1.931273509e-18 -0.003341938769)
(-0.0006635131491 -6.904127092e-19 -0.001182646333)
)
;
    }
    procBoundary3to4
    {
        type            processor;
        value           nonuniform List<vector> 
51
(
(-0.0001231889038 -1.62292257e-18 -0.01051138427)
(-0.0003201323403 -3.537512011e-18 -0.01049993923)
(-0.0005042163173 4.616322345e-19 -0.01047532813)
(-0.0006926299633 -1.140161933e-18 -0.01043866583)
(-0.0008765573302 -1.479905041e-18 -0.01039093171)
(-0.001054183007 -5.322125062e-18 -0.01033292306)
(-0.001225295539 -1.497054985e-18 -0.01026527563)
(-0.001389556179 -1.361845966e-18 -0.0101885937)
(-0.001546640677 -9.527351464e-19 -0.01010344902)
(-0.00169630157 4.545905752e-19 -0.01001037324)
(-0.001838345233 -2.656772377e-18 -0.009909858315)
(-0.001972617933 -4.85303918e-18 -0.009802358218)
(-0.002098999691 -3.811231587e-18 -0.009688290109)
(-0.00221739957 -4.4682713e-18 -0.009568037023)
(-0.002327753371 -4.805572871e-18 -0.009441950852)
(-0.002430019308 -5.484753548e-18 -0.009310354004)
(-0.002524176467 -6.061423503e-18 -0.009173543299)
(-0.002610222699 -6.206913781e-18 -0.009031791068)
(-0.002797933982 -8.9808217e-18 -0.009278805607)
(-0.002797933982 -8.9808217e-18 -0.009278805607)
(-0.002869870844 -7.854248476e-18 -0.00911950021)
(-0.002933404557 -7.96019776e-18 -0.008955691313)
(-0.002988598237 -7.658288979e-18 -0.008787583192)
(-0.003035523296 -7.651518176e-18 -0.008615357545)
(-0.003074256562 -7.782267717e-18 -0.008439170534)
(-0.003104876509 -7.573715012e-18 -0.008259148873)
(-0.003127458727 -7.587517421e-18 -0.008075384456)
(-0.003142070867 -7.688974696e-18 -0.00788792722)
(-0.003148766091 -7.782523202e-18 -0.007696776324)
(-0.003147575332 -7.509686979e-18 -0.007501868942)
(-0.003138498182 -7.642781192e-18 -0.007303065673)
(-0.003121490972 -7.451213538e-18 -0.007100132037)
(-0.003096452158 -7.282454221e-18 -0.006892714837)
(-0.003063204003 -7.131061925e-18 -0.006680311279)
(-0.003021468943 -7.013022507e-18 -0.006462230124)
(-0.002970840809 -6.967624209e-18 -0.006237543579)
(-0.002910750382 -7.014573956e-18 -0.006005029472)
(-0.002840425982 -6.962901132e-18 -0.005763106553)
(-0.002758853032 -6.691309964e-18 -0.005509771693)
(-0.002664740724 -6.449008146e-18 -0.005242553518)
(-0.002556503302 -6.116172718e-18 -0.004958498711)
(-0.002432266325 -5.620572018e-18 -0.004654206606)
(-0.002289900377 -5.734053698e-18 -0.004325913672)
(-0.002127078604 -4.013821887e-18 -0.003969616292)
(-0.00194134636 -4.241887161e-18 -0.003581209805)
(-0.001730193337 -3.777978095e-18 -0.003156617024)
(-0.001491131107 -3.367813805e-18 -0.002691889187)
(-0.001221764584 -1.822980183e-18 -0.00218327067)
(-0.000919703252 -1.583646975e-18 -0.001627316891)
(-0.0005820953913 -1.407059742e-18 -0.001021176744)
(-0.0002055319265 -1.004858403e-19 -0.0003625636195)
)
;
    }
}


// ************************************************************************* //
