/*--------------------------------*- C++ -*----------------------------------*\
  =========                 |
  \\      /  F ield         | OpenFOAM: The Open Source CFD Toolbox
   \\    /   O peration     | Website:  https://openfoam.org
    \\  /    A nd           | Version:  7
     \\/     M anipulation  |
\*---------------------------------------------------------------------------*/
FoamFile
{
    version     2.0;
    format      ascii;
    class       surfaceScalarField;
    location    "0.0018";
    object      phi;
}
// * * * * * * * * * * * * * * * * * * * * * * * * * * * * * * * * * * * * * //

dimensions      [1 0 -1 0 0 0 0];

internalField   nonuniform List<scalar> 
2260
(
-6.275885306e-15
4.559057123e-11
-2.459215789e-14
1.334055218e-10
-5.425153239e-14
2.163290368e-10
-9.452360774e-14
2.945656251e-10
-1.446715666e-13
3.683126896e-10
-2.039399862e-13
4.377606214e-10
-2.715212026e-13
5.030929021e-10
-3.465696519e-13
5.644863355e-10
-4.282393762e-13
6.221112763e-10
-5.156634546e-13
6.761318011e-10
-6.078255904e-13
7.267058009e-10
-7.037454582e-13
7.739852835e-10
-8.024928036e-13
8.181166691e-10
-9.028891906e-13
8.592406075e-10
-1.003931926e-12
8.974925048e-10
-1.104541556e-12
9.330027094e-10
-1.203545248e-12
9.658962305e-10
-1.300013287e-12
9.962936663e-10
1.024310527e-09
-8.366059292e-15
4.559893729e-11
-3.278065486e-14
1.334299364e-10
-7.229231428e-14
2.163685485e-10
-1.25892375e-13
2.946192252e-10
-1.925527245e-13
3.6837935e-10
-2.71191927e-13
4.378392606e-10
-3.60698204e-13
5.031824084e-10
-4.599323028e-13
5.645855696e-10
-5.677384615e-13
6.222190824e-10
-6.828387377e-13
6.762469014e-10
-8.039116952e-13
7.268268738e-10
-9.297220198e-13
7.741110938e-10
-1.058853733e-12
8.182458008e-10
-1.189869068e-12
8.593716228e-10
-1.321488704e-12
8.976241245e-10
-1.452153053e-12
9.331333738e-10
-1.580562679e-12
9.660246401e-10
-1.705294597e-12
9.964183983e-10
-1.824985919e-12
1.024430218e-09
-1.938399438e-12
1.050171559e-09
-2.044189085e-12
1.073749048e-09
-2.141320751e-12
1.095265659e-09
-2.228540762e-12
1.114819723e-09
-2.305030254e-12
1.132506248e-09
-2.369704948e-12
1.148415853e-09
-2.421984767e-12
1.162636155e-09
-2.461009094e-12
1.175250603e-09
-2.486424818e-12
1.186339875e-09
-2.49763087e-12
1.195980723e-09
-2.494520556e-12
1.204247373e-09
-2.47676695e-12
1.211210348e-09
-2.444499598e-12
1.216937853e-09
-2.397691273e-12
1.221494619e-09
-2.336688674e-12
1.224943239e-09
-2.261738382e-12
1.227343019e-09
-2.17339408e-12
1.228751335e-09
-2.072169633e-12
1.229222477e-09
-1.958804236e-12
1.228808964e-09
-1.834034799e-12
1.227560409e-09
-1.698757944e-12
1.225524825e-09
-1.553892166e-12
1.222747476e-09
-1.400474615e-12
1.219272225e-09
-1.239551272e-12
1.215140275e-09
-1.072257393e-12
1.210391653e-09
-8.997158417e-13
1.205063831e-09
-7.23142931e-13
1.199193274e-09
-5.436785705e-13
1.192814022e-09
-3.625800672e-13
1.185959273e-09
-1.809310098e-13
1.17865989e-09
1.170945966e-09
-1.088671433e-14
4.5609824e-11
-4.265416339e-14
1.334617038e-10
-9.404077301e-14
2.164199351e-10
-1.636962376e-13
2.946888807e-10
-2.502254506e-13
3.684658792e-10
-3.521915963e-13
4.379412267e-10
-4.681168138e-13
5.032983336e-10
-5.96496034e-13
5.647139489e-10
-7.357203115e-13
6.223583067e-10
-8.841066337e-13
6.763952877e-10
-1.040009405e-12
7.269827766e-10
-1.201710913e-12
7.742727953e-10
-1.367346245e-12
8.184114362e-10
-1.535204637e-12
8.595394812e-10
-1.703449136e-12
8.97792369e-10
-1.870221456e-12
9.333001461e-10
-2.033868001e-12
9.661882867e-10
-2.192482417e-12
9.965770127e-10
-2.344528401e-12
1.024582264e-09
-2.48824453e-12
1.050315276e-09
-2.622187185e-12
1.07388299e-09
-2.744832564e-12
1.095388304e-09
-2.854881715e-12
1.114929772e-09
-2.951079142e-12
1.132602445e-09
-3.032352466e-12
1.148497126e-09
-3.097737162e-12
1.16270154e-09
-3.146435193e-12
1.175299301e-09
-3.177768738e-12
1.186371209e-09
-3.191261947e-12
1.195994216e-09
-3.186530575e-12
1.204242642e-09
-3.163433794e-12
1.211187251e-09
-3.121885615e-12
1.216896305e-09
-3.062091361e-12
1.221434825e-09
-2.984236201e-12
1.224865384e-09
-2.888852023e-12
1.227247635e-09
-2.77639176e-12
1.228638874e-09
-2.647696968e-12
1.229093782e-09
-2.503459109e-12
1.228664726e-09
-2.344784927e-12
1.227401734e-09
-2.172573345e-12
1.225352614e-09
-1.988156587e-12
1.222563059e-09
-1.792619074e-12
1.219076688e-09
-1.587445904e-12
1.214935102e-09
-1.373864942e-12
1.210178072e-09
-1.153466792e-12
1.204843433e-09
-9.275893128e-13
1.198967396e-09
-6.978544371e-13
1.192584287e-09
-4.656537737e-13
1.185727072e-09
-2.325605848e-13
1.178426797e-09
1.170713405e-09
-1.391896861e-14
4.562374297e-11
-5.453094615e-14
1.335023158e-10
-1.201945307e-13
2.164855987e-10
-2.091486513e-13
2.947778348e-10
-3.19573496e-13
3.68576304e-10
-4.496009958e-13
4.380712542e-10
-5.973146112e-13
5.034460472e-10
-7.607039917e-13
5.648773382e-10
-9.376638299e-13
6.225352665e-10
-1.12607955e-12
6.765837034e-10
-1.323825231e-12
7.271805223e-10
-1.528578062e-12
7.744775482e-10
-1.738083268e-12
8.186209414e-10
-1.950130439e-12
8.597515284e-10
-2.16230448e-12
8.98004543e-10
-2.37243649e-12
9.335102781e-10
-2.578242266e-12
9.663940924e-10
-2.777521739e-12
9.967762922e-10
-2.968244309e-12
1.024772987e-09
-3.148263609e-12
1.050495295e-09
-3.315842551e-12
1.074050569e-09
-3.46900453e-12
1.095541466e-09
-3.606298544e-12
1.115067066e-09
-3.726028337e-12
1.132722175e-09
-3.827068866e-12
1.148598167e-09
-3.908060175e-12
1.162782531e-09
-3.96822041e-12
1.175359461e-09
-4.006551403e-12
1.18640954e-09
-4.022654061e-12
1.196010319e-09
-4.015901097e-12
1.204235889e-09
-3.986276021e-12
1.211157626e-09
-3.933547077e-12
1.216843576e-09
-3.858071631e-12
1.221359349e-09
-3.759985634e-12
1.224767298e-09
-3.640005495e-12
1.227127655e-09
-3.498631721e-12
1.228497501e-09
-3.336917248e-12
1.228932067e-09
-3.155695457e-12
1.228483504e-09
-2.956303424e-12
1.227202342e-09
-2.739870086e-12
1.22513618e-09
-2.507989772e-12
1.222331179e-09
-2.262036332e-12
1.218830734e-09
-2.003801143e-12
1.214676867e-09
-1.734832105e-12
1.209909103e-09
-1.457086322e-12
1.204565687e-09
-1.17222603e-12
1.198682536e-09
-8.822868095e-13
1.192294347e-09
-5.889681834e-13
1.185433753e-09
-2.943069992e-13
1.178132136e-09
1.170419098e-09
-1.755859828e-14
4.564130157e-11
-6.878727112e-14
1.335535445e-10
-1.515914286e-13
2.165684028e-10
-2.63717152e-13
2.948899605e-10
-4.02843592e-13
3.687154305e-10
-5.665788733e-13
4.382349895e-10
-7.524377154e-13
5.03631906e-10
-9.578261824e-13
5.650827267e-10
-1.180092596e-12
6.22757533e-10
-1.416585763e-12
6.768201966e-10
-1.664479347e-12
7.274284159e-10
-1.920892787e-12
7.747339616e-10
-2.183055955e-12
8.188831045e-10
-2.448024684e-12
8.600164971e-10
-2.712905627e-12
8.98269424e-10
-2.974964306e-12
9.337723368e-10
-3.231273492e-12
9.666504016e-10
-3.479266384e-12
9.97024285e-10
-3.716228935e-12
1.025009949e-09
-3.939743761e-12
1.05071881e-09
-4.147444446e-12
1.07425827e-09
-4.337133246e-12
1.095731155e-09
-4.506841908e-12
1.115236775e-09
-4.654694847e-12
1.132870028e-09
-4.779159339e-12
1.148722631e-09
-4.878749764e-12
1.162882121e-09
-4.952370517e-12
1.175433082e-09
-4.998979357e-12
1.186456148e-09
-5.017934941e-12
1.196029275e-09
-5.008659148e-12
1.204226613e-09
-4.97096188e-12
1.211119929e-09
-4.904753041e-12
1.216777367e-09
-4.810270691e-12
1.221264867e-09
-4.687891866e-12
1.224644919e-09
-4.538272199e-12
1.226978035e-09
-4.362244958e-12
1.228321473e-09
-4.160855789e-12
1.228730678e-09
-3.935348882e-12
1.228257997e-09
-3.687123757e-12
1.226954117e-09
-3.417787371e-12
1.224866844e-09
-3.129061995e-12
1.222042453e-09
-2.822845722e-12
1.218524518e-09
-2.501121045e-12
1.214355142e-09
-2.166005055e-12
1.209573987e-09
-1.819691274e-12
1.204219373e-09
-1.464423415e-12
1.198327268e-09
-1.102527053e-12
1.191932451e-09
-7.362605898e-13
1.185067487e-09
-3.680209554e-13
1.177763896e-09
1.170051077e-09
-2.192086146e-14
4.566322243e-11
-8.587425752e-14
1.336174979e-10
-1.892253489e-13
2.166717539e-10
-3.29138803e-13
2.95029874e-10
-5.026783699e-13
3.6888897e-10
-7.068065305e-13
4.384391177e-10
-9.38364684e-13
5.038634642e-10
-1.194101396e-12
5.653384634e-10
-1.47072353e-12
6.230341551e-10
-1.764803151e-12
6.771142762e-10
-2.072782328e-12
7.27736395e-10
-2.391155551e-12
7.750523348e-10
-2.716367456e-12
8.192083164e-10
-3.044734592e-12
8.603448643e-10
-3.372788608e-12
8.98597478e-10
-3.696953999e-12
9.340965022e-10
-4.013770346e-12
9.66967218e-10
-4.319988408e-12
9.973305031e-10
-4.612265451e-12
1.025302226e-09
-4.887738183e-12
1.050994282e-09
-5.143354435e-12
1.074513886e-09
-5.376623671e-12
1.095964424e-09
-5.584953596e-12
1.115445104e-09
-5.766288086e-12
1.133051363e-09
-5.918557436e-12
1.148874901e-09
-6.040191024e-12
1.163003755e-09
-6.12965694e-12
1.175522548e-09
-6.185931468e-12
1.186512423e-09
-6.20802616e-12
1.196051369e-09
-6.19548199e-12
1.204214069e-09
-6.147864293e-12
1.211072311e-09
-6.065286595e-12
1.216694789e-09
-5.94783696e-12
1.221147417e-09
-5.796185316e-12
1.224493267e-09
-5.610935895e-12
1.226792786e-09
-5.39329455e-12
1.228103832e-09
-5.144345198e-12
1.228481729e-09
-4.86577568e-12
1.227979428e-09
-4.559121921e-12
1.226647463e-09
-4.226500645e-12
1.224534223e-09
-3.869852376e-12
1.221685805e-09
-3.491639695e-12
1.218146305e-09
-3.09412952e-12
1.213957632e-09
-2.680065895e-12
1.209159923e-09
-2.251959742e-12
1.203791267e-09
-1.812723534e-12
1.197888032e-09
-1.365024846e-12
1.191484752e-09
-9.118096141e-13
1.184614272e-09
-4.558447187e-13
1.177307931e-09
1.169595233e-09
-2.714126832e-14
4.56903637e-11
-1.063248168e-13
1.336966814e-10
-2.342691802e-13
2.167996983e-10
-4.074372834e-13
2.952030421e-10
-6.221495131e-13
3.691036823e-10
-8.746025509e-13
4.386915707e-10
-1.160861407e-12
5.041497231e-10
-1.476899374e-12
5.656545014e-10
-1.818571575e-12
6.233758273e-10
-2.181545672e-12
6.774772503e-10
-2.561469775e-12
7.281163191e-10
-2.954014349e-12
7.754448794e-10
-3.35464446e-12
8.196089466e-10
-3.758927951e-12
8.607491477e-10
-4.162532922e-12
8.99001083e-10
-4.560994932e-12
9.344949642e-10
-4.950202735e-12
9.673564258e-10
-5.32597649e-12
9.977062769e-10
-5.684427811e-12
1.025660678e-09
-6.021860606e-12
1.051331715e-09
-6.33471854e-12
1.074826744e-09
-6.61987615e-12
1.096249582e-09
-6.874248097e-12
1.115699476e-09
-7.095343074e-12
1.133272458e-09
-7.280643521e-12
1.149060201e-09
-7.428310017e-12
1.163151421e-09
-7.536458285e-12
1.175630696e-09
-7.603926352e-12
1.186579891e-09
-7.629490506e-12
1.196076933e-09
-7.612664196e-12
1.204197243e-09
-7.552912037e-12
1.211012559e-09
-7.450403759e-12
1.216592281e-09
-7.305269477e-12
1.221002283e-09
-7.118310179e-12
1.224306308e-09
-6.890315374e-12
1.226564791e-09
-6.622689175e-12
1.227836206e-09
-6.316832061e-12
1.228175872e-09
-5.974707434e-12
1.227637303e-09
-5.598270615e-12
1.226271027e-09
-5.190000529e-12
1.224125953e-09
-4.752335322e-12
1.22124814e-09
-4.288184215e-12
1.217682154e-09
-3.800368831e-12
1.213469817e-09
-3.292159436e-12
1.208651714e-09
-2.766650949e-12
1.203265758e-09
-2.227358903e-12
1.19734874e-09
-1.677527594e-12
1.190934921e-09
-1.120768284e-12
1.184057512e-09
-5.603966607e-13
1.17674756e-09
1.169034836e-09
-3.337731775e-14
4.572374101e-11
-1.307537747e-13
1.337940579e-10
-2.880740095e-13
2.169570185e-10
-5.009558565e-13
2.954159239e-10
-7.648469583e-13
3.693675734e-10
-1.075040133e-12
4.390017639e-10
-1.426686164e-12
5.045013691e-10
-1.814789664e-12
5.660426049e-10
-2.234153697e-12
6.237951913e-10
-2.679478589e-12
6.779225752e-10
-3.145447669e-12
7.285822882e-10
-3.626598088e-12
7.759260298e-10
-4.117390614e-12
8.200997391e-10
-4.612455907e-12
8.61244213e-10
-5.106309652e-12
8.994949367e-10
-5.593614036e-12
9.349822686e-10
-6.069273825e-12
9.678320856e-10
-6.528147268e-12
9.981651503e-10
-6.965611417e-12
1.026098142e-09
-7.376982802e-12
1.051743087e-09
-7.758146408e-12
1.075207908e-09
-8.105104429e-12
1.09659654e-09
-8.414350092e-12
1.116008722e-09
-8.682655594e-12
1.133540763e-09
-8.907220781e-12
1.149284766e-09
-9.085618579e-12
1.163329819e-09
-9.215830947e-12
1.175760909e-09
-9.296251448e-12
1.186660312e-09
-9.325669798e-12
1.196106352e-09
-9.303300126e-12
1.204174873e-09
-9.228756892e-12
1.210938016e-09
-9.102041734e-12
1.216465566e-09
-8.923569875e-12
1.220823811e-09
-8.694110201e-12
1.224076848e-09
-8.414858269e-12
1.226285539e-09
-8.087309315e-12
1.227508657e-09
-7.713385541e-12
1.227801948e-09
-7.295257078e-12
1.227219175e-09
-6.835510118e-12
1.22581128e-09
-6.336936198e-12
1.223627379e-09
-5.802688158e-12
1.220713892e-09
-5.236085119e-12
1.217115551e-09
-4.640739916e-12
1.212874471e-09
-4.020405566e-12
1.208031379e-09
-3.379016669e-12
1.202624369e-09
-2.720628499e-12
1.196690352e-09
-2.049330207e-12
1.190263623e-09
-1.369357696e-12
1.18337754e-09
-6.848221854e-13
1.176063024e-09
1.168350014e-09
-4.081013228e-14
4.576455115e-11
-1.598703141e-13
1.339131181e-10
-3.522043178e-13
2.171493525e-10
-6.124318728e-13
2.956761515e-10
-9.34962032e-13
3.696901035e-10
-1.314028675e-12
4.393808305e-10
-1.743669533e-12
5.049310099e-10
-2.217696665e-12
5.66516632e-10
-2.729751186e-12
6.243072459e-10
-3.273377459e-12
6.784662015e-10
-3.842016403e-12
7.291509272e-10
-4.428908977e-12
7.765129224e-10
-5.027381989e-12
8.206982121e-10
-5.630789454e-12
8.618476205e-10
-6.23239951e-12
9.000965468e-10
-6.825816975e-12
9.35575686e-10
-7.404645647e-12
9.684109142e-10
-7.962790461e-12
9.987232951e-10
-8.494489844e-12
1.026629841e-09
-8.994127146e-12
1.052242724e-09
-9.456727057e-12
1.075670508e-09
-9.877381839e-12
1.097017194e-09
-1.025197422e-11
1.116383314e-09
-1.057647234e-11
1.133865261e-09
-1.084767983e-11
1.149555974e-09
-1.106251699e-11
1.163544656e-09
-1.121877086e-11
1.175917162e-09
-1.131434621e-11
1.186755887e-09
-1.134802114e-11
1.196140027e-09
-1.131869859e-11
1.204145551e-09
-1.122613921e-11
1.210845456e-09
-1.107020563e-11
1.216309632e-09
-1.085160813e-11
1.220605214e-09
-1.0571152e-11
1.223796392e-09
-1.02304577e-11
1.225944845e-09
-9.831216713e-12
1.227109416e-09
-9.375900198e-12
1.227346631e-09
-8.867019263e-12
1.226710294e-09
-8.30782908e-12
1.225252089e-09
-7.701584845e-12
1.223021135e-09
-7.0522107e-12
1.220064517e-09
-6.363590025e-12
1.21642693e-09
-5.640207247e-12
1.212151089e-09
-4.88644192e-12
1.207277614e-09
-4.107181656e-12
1.201845109e-09
-3.307138854e-12
1.195890309e-09
-2.491403822e-12
1.189447888e-09
-1.664912777e-12
1.182551049e-09
-8.327825571e-13
1.175230894e-09
1.167517231e-09
-4.964960679e-14
4.581420075e-11
-1.944986318e-13
1.340579671e-10
-4.284796886e-13
2.173833336e-10
-7.450292515e-13
2.95992701e-10
-1.137341678e-12
3.70082416e-10
-1.598374258e-12
4.398418631e-10
-2.120818809e-12
5.054534545e-10
-2.697130335e-12
5.670929435e-10
-3.319578478e-12
6.24929694e-10
-3.980311527e-12
6.791269345e-10
-4.671227607e-12
7.298418432e-10
-5.384154568e-12
7.772258493e-10
-6.111010999e-12
8.214250685e-10
-6.843560044e-12
8.625801695e-10
-7.573727719e-12
9.008267144e-10
-8.293686585e-12
9.362956449e-10
-8.995610734e-12
9.691128384e-10
-9.672223812e-12
9.993999082e-10
-1.031634851e-11
1.027273966e-09
-1.09213821e-11
1.052847757e-09
-1.148109269e-11
1.076230218e-09
-1.198973978e-11
1.097525842e-09
-1.244219262e-11
1.116835767e-09
-1.283373869e-11
1.134256807e-09
-1.316042354e-11
1.149882659e-09
-1.341867177e-11
1.163802905e-09
-1.360575446e-11
1.176104245e-09
-1.371927763e-11
1.18686941e-09
-1.375773253e-11
1.196178482e-09
-1.371993032e-11
1.204107748e-09
-1.360554468e-11
1.210731071e-09
-1.341455349e-11
1.216118641e-09
-1.31477685e-11
1.220338429e-09
-1.280630265e-11
1.223454926e-09
-1.239204974e-11
1.225530592e-09
-1.190718601e-11
1.226624552e-09
-1.135461542e-11
1.226794061e-09
-1.073749268e-11
1.226093171e-09
-1.005965481e-11
1.224574252e-09
-9.325127174e-12
1.222286607e-09
-8.538552916e-12
1.219277943e-09
-7.704683935e-12
1.215593062e-09
-6.828845636e-12
1.21127525e-09
-5.916345293e-12
1.206365114e-09
-4.973018203e-12
1.200901782e-09
-4.004536414e-12
1.194921827e-09
-3.017013084e-12
1.188460364e-09
-2.016331735e-12
1.181550367e-09
-1.008700282e-12
1.174223263e-09
1.166508531e-09
-6.013589578e-14
4.587433665e-11
-2.355807637e-13
1.34233412e-10
-5.189793061e-13
2.176667321e-10
-9.023797482e-13
2.963761015e-10
-1.377520771e-12
3.70557557e-10
-1.935842658e-12
4.40400185e-10
-2.568481531e-12
5.060860934e-10
-3.266300529e-12
5.677907625e-10
-4.019963553e-12
6.25683357e-10
-4.81986164e-12
6.799268326e-10
-5.656181833e-12
7.306781634e-10
-6.51909628e-12
7.780887638e-10
-7.398702575e-12
8.223046748e-10
-8.285022812e-12
8.634664898e-10
-9.168368448e-12
9.017100601e-10
-1.003908369e-11
9.371663601e-10
-1.088782167e-11
9.699615764e-10
-1.17056881e-11
1.000217775e-09
-1.248398762e-11
1.028052265e-09
-1.321481743e-11
1.053578587e-09
-1.389049084e-11
1.076905892e-09
-1.450425206e-11
1.098139603e-09
-1.504971666e-11
1.117381232e-09
-1.552141042e-11
1.134728501e-09
-1.591437764e-11
1.150275626e-09
-1.622454913e-11
1.164113076e-09
-1.644844921e-11
1.176328145e-09
-1.658345934e-11
1.18700442e-09
-1.66275911e-11
1.196222613e-09
-1.657968253e-11
1.20405984e-09
-1.643917784e-11
1.210590566e-09
-1.620632545e-11
1.215885789e-09
-1.588194946e-11
1.220014053e-09
-1.54676538e-11
1.223040631e-09
-1.496556264e-11
1.225028501e-09
-1.437854624e-11
1.226037536e-09
-1.370993611e-11
1.226125451e-09
-1.296376606e-11
1.225347001e-09
-1.214447559e-11
1.223754961e-09
-1.125711682e-11
1.221399248e-09
-1.030708935e-11
1.218327916e-09
-9.300299763e-12
1.214586272e-09
-8.242947975e-12
1.210217899e-09
-7.14158833e-12
1.205263754e-09
-6.00301385e-12
1.199763208e-09
-4.834181584e-12
1.193752995e-09
-3.64226952e-12
1.187268452e-09
-2.434412696e-12
1.180342511e-09
-1.217963088e-12
1.173006813e-09
1.165290568e-09
-7.254288582e-14
4.594687954e-11
-2.84192096e-13
1.344450612e-10
-6.260711902e-13
2.180086112e-10
-1.08858907e-12
2.968386194e-10
-1.661765171e-12
3.711307331e-10
-2.335279315e-12
4.410736991e-10
-3.098447385e-12
5.068492614e-10
-3.940279274e-12
5.686325944e-10
-4.849475553e-12
6.265925533e-10
-5.814407437e-12
6.808917645e-10
-6.823292493e-12
7.316870485e-10
-7.864296961e-12
7.791297683e-10
-8.925352587e-12
8.233657304e-10
-9.994522778e-12
8.6453566e-10
-1.106006567e-11
9.02775603e-10
-1.211026239e-11
9.382165569e-10
-1.313395032e-11
9.709852643e-10
-1.412020005e-11
1.001204024e-09
-1.505867721e-11
1.028990742e-09
-1.593967119e-11
1.054459581e-09
-1.675400767e-11
1.077720228e-09
-1.749347553e-11
1.098879071e-09
-1.81503607e-11
1.118038117e-09
-1.871810876e-11
1.135296249e-09
-1.919067619e-11
1.150748193e-09
-1.956326774e-11
1.164485668e-09
-1.983160771e-11
1.176596485e-09
-1.99926946e-11
1.187165507e-09
-2.00440512e-11
1.19627397e-09
-1.998444737e-11
1.204000236e-09
-1.981314558e-11
1.210419264e-09
-1.953062257e-11
1.215603266e-09
-1.913781806e-11
1.219621248e-09
-1.863683053e-11
1.222539643e-09
-1.803017015e-11
1.22442184e-09
-1.73214441e-11
1.22532881e-09
-1.651461055e-11
1.225318617e-09
-1.56146601e-11
1.224447051e-09
-1.462686217e-11
1.222767163e-09
-1.355741046e-11
1.220329796e-09
-1.241269972e-11
1.217183205e-09
-1.119994241e-11
1.213373515e-09
-9.926446112e-12
1.208944402e-09
-8.600203471e-12
1.203937511e-09
-7.22917447e-12
1.198392179e-09
-5.821837446e-12
1.192345658e-09
-4.386603523e-12
1.185833218e-09
-2.932149278e-12
1.178888056e-09
-1.467081399e-12
1.171541745e-09
1.163823486e-09
-8.717715221e-14
4.603405669e-11
-3.415326025e-13
1.346994166e-10
-7.524007809e-13
2.184194794e-10
-1.308259719e-12
2.973944783e-10
-1.997138898e-12
3.718196123e-10
-2.806656644e-12
4.418832169e-10
-3.724014132e-12
5.077666189e-10
-4.736021685e-12
5.69644602e-10
-5.829065117e-12
6.276855967e-10
-6.989238121e-12
6.820519375e-10
-8.202454817e-12
7.329002652e-10
-9.454391105e-12
7.803817045e-10
-1.073059531e-11
8.246419347e-10
-1.201679661e-11
8.658218613e-10
-1.329872233e-11
9.040575287e-10
-1.456238141e-11
9.39480216e-10
-1.579429613e-11
9.72217179e-10
-1.698123735e-11
1.002390966e-09
-1.811086168e-11
1.030120367e-09
-1.917127186e-11
1.055519991e-09
-2.015158492e-11
1.078700541e-09
-2.104167206e-11
1.099769158e-09
-2.18324091e-11
1.118828854e-09
-2.251567766e-11
1.135979518e-09
-2.308435742e-11
1.151316873e-09
-2.353248894e-11
1.164933799e-09
-2.385507541e-11
1.176919072e-09
-2.40483632e-11
1.187358795e-09
-2.410952322e-11
1.19633513e-09
-2.403696506e-11
1.203927678e-09
-2.382997157e-11
1.210212271e-09
-2.34890332e-11
1.215262327e-09
-2.301546216e-11
1.219147677e-09
-2.241171132e-11
1.221935892e-09
-2.168098598e-11
1.223691115e-09
-2.082755559e-11
1.224475379e-09
-1.98563587e-11
1.22434742e-09
-1.877332311e-11
1.223364015e-09
-1.758492894e-11
1.221578769e-09
-1.629854611e-11
1.219043414e-09
-1.492196068e-11
1.21580662e-09
-1.346376092e-11
1.211915315e-09
-1.193276462e-11
1.207413406e-09
-1.033849993e-11
1.202343247e-09
-8.690512439e-12
1.196744191e-09
-6.998929341e-12
1.190654075e-09
-5.27375539e-12
1.184108045e-09
-3.525400439e-12
1.177139701e-09
-1.764023491e-12
1.169780368e-09
1.162059463e-09
-1.043781309e-13
4.613843482e-11
-4.089329662e-13
1.350039715e-10
-9.009071776e-13
2.189114536e-10
-1.566531559e-12
2.980601027e-10
-2.391514275e-12
3.72644595e-10
-3.361087577e-12
4.428527902e-10
-4.459982568e-12
5.088655139e-10
-5.672414395e-12
5.708570338e-10
-6.982161996e-12
6.289953443e-10
-8.372667934e-12
6.834424434e-10
-9.827098797e-12
7.34354696e-10
-1.132827543e-11
7.818828812e-10
-1.285902017e-11
8.261726794e-10
-1.440221462e-11
8.673650557e-10
-1.594071825e-11
9.055960323e-10
-1.745788604e-11
9.409973837e-10
-1.893736629e-11
9.736966593e-10
-2.036339647e-11
1.003816996e-09
-2.172103626e-11
1.031478007e-09
-2.299595772e-11
1.056794913e-09
-2.417508465e-11
1.079879668e-09
-2.524605168e-11
1.100840125e-09
-2.619796104e-11
1.119780763e-09
-2.702079592e-11
1.136802353e-09
-2.770610623e-11
1.152002183e-09
-2.824645181e-11
1.165474145e-09
-2.863596629e-11
1.177308586e-09
-2.886987997e-11
1.187592709e-09
-2.894495774e-11
1.196410208e-09
-2.885905927e-11
1.203841779e-09
-2.861152544e-11
1.209964737e-09
-2.820275611e-11
1.214853558e-09
-2.763455774e-11
1.218579479e-09
-2.690971695e-11
1.221211052e-09
-2.603233467e-11
1.222813733e-09
-2.500739631e-11
1.223450441e-09
-2.384109419e-11
1.223181118e-09
-2.254040452e-11
1.222063325e-09
-2.111335154e-11
1.220151716e-09
-1.956863343e-11
1.217498696e-09
-1.791581894e-11
1.214153805e-09
-1.616503719e-11
1.210164533e-09
-1.432706209e-11
1.205575431e-09
-1.241310808e-11
1.200429293e-09
-1.043477108e-11
1.194765854e-09
-8.404004918e-12
1.188623309e-09
-6.332861816e-12
1.182036901e-09
-4.233674629e-12
1.175040514e-09
-2.118602671e-12
1.167665296e-09
1.15994086e-09
-1.245189618e-13
4.626295378e-11
-4.878592214e-13
1.353673117e-10
-1.074826466e-12
2.194984209e-10
-1.869043215e-12
2.988543194e-10
-2.85353601e-12
3.736290878e-10
-4.010771167e-12
4.440100253e-10
-5.322593886e-12
5.101773366e-10
-6.770276897e-12
5.723047168e-10
-8.334593726e-12
6.305596612e-10
-9.995930056e-12
6.851037798e-10
-1.173419665e-11
7.360929626e-10
-1.35290439e-11
7.836777284e-10
-1.536010207e-11
8.280037376e-10
-1.720686015e-11
8.692118138e-10
-1.904898281e-11
9.07438155e-10
-2.086659693e-11
9.428149979e-10
-2.264005854e-11
9.754701209e-10
-2.435062495e-11
1.005527562e-09
-2.598017752e-11
1.033107559e-09
-2.751165716e-11
1.058326393e-09
-2.892911363e-11
1.081297125e-09
-3.021772965e-11
1.102128741e-09
-3.136419154e-11
1.120927225e-09
-3.235638473e-11
1.137794546e-09
-3.318398001e-11
1.152829778e-09
-3.383786734e-11
1.166128032e-09
-3.431088449e-11
1.177781603e-09
-3.459710475e-11
1.187878929e-09
-3.4692572e-11
1.196505675e-09
-3.459454429e-11
1.203743752e-09
-3.430221678e-11
1.209672409e-09
-3.381594679e-11
1.214367288e-09
-3.313794326e-11
1.217901475e-09
-3.227147941e-11
1.220344588e-09
-3.12215665e-11
1.22176382e-09
-2.999415556e-11
1.22222303e-09
-2.859680487e-11
1.221783768e-09
-2.703786484e-11
1.220504385e-09
-2.532710677e-11
1.218440958e-09
-2.347493286e-11
1.215646522e-09
-2.149297487e-11
1.212171847e-09
-1.939330118e-11
1.208064859e-09
-1.718898956e-11
1.203371119e-09
-1.489333147e-11
1.198133635e-09
-1.252038286e-11
1.192392905e-09
-1.008428179e-11
1.186187208e-09
-7.59959791e-12
1.179552218e-09
-5.08088908e-12
1.172521805e-09
-2.542830243e-12
1.165127237e-09
1.15739803e-09
-1.480021373e-13
4.641095592e-11
-5.798916729e-13
1.357992013e-10
-1.277648155e-12
2.201961773e-10
-2.221888501e-12
2.997985598e-10
-3.392540896e-12
3.747997402e-10
-4.768872982e-12
4.453863574e-10
-6.329444229e-12
5.117379079e-10
-8.052170451e-12
5.74027443e-10
-9.914403792e-12
6.324218945e-10
-1.189293078e-11
6.870823068e-10
-1.396403074e-11
7.381640626e-10
-1.610373948e-11
7.858174372e-10
-1.828791265e-11
8.301879107e-10
-2.049223488e-11
8.71416136e-10
-2.269271085e-11
9.096386309e-10
-2.486556466e-11
9.449878517e-10
-2.698751376e-11
9.7759207e-10
-2.903616401e-11
1.007576212e-09
-3.09897645e-11
1.03506116e-09
-3.282795344e-11
1.060164581e-09
-3.45313374e-11
1.083000509e-09
-3.608218688e-11
1.10367959e-09
-3.746413641e-11
1.122309175e-09
-3.86626276e-11
1.138993037e-09
-3.966477882e-11
1.15383193e-09
-4.045959765e-11
1.166922851e-09
-4.103797775e-11
1.178359983e-09
-4.139272914e-11
1.18823368e-09
-4.15186247e-11
1.19663157e-09
-4.14123264e-11
1.203637453e-09
-4.10724605e-11
1.209332544e-09
-4.049946899e-11
1.213794296e-09
-3.969567972e-11
1.217097686e-09
-3.866511157e-11
1.21931402e-09
-3.7413544e-11
1.220512252e-09
-3.594828172e-11
1.220757768e-09
-3.42782395e-11
1.220113725e-09
-3.241363373e-11
1.218639779e-09
-3.036609787e-11
1.216393422e-09
-2.814831188e-11
1.213428736e-09
-2.577417691e-11
1.209797712e-09
-2.325832975e-11
1.205549012e-09
-2.061642192e-11
1.200729211e-09
-1.786448583e-11
1.195381699e-09
-1.50193879e-11
1.189547808e-09
-1.209806523e-11
1.183265885e-09
-9.118030294e-12
1.176572183e-09
-6.096621376e-12
1.169500397e-09
-3.051520019e-12
1.162082136e-09
1.15434651e-09
-1.752549475e-13
4.658621086e-11
-6.867082319e-13
1.363106545e-10
-1.513082989e-12
2.210225521e-10
-2.631531444e-12
3.009170082e-10
-4.018427866e-12
3.761866366e-10
-5.64939771e-12
4.470173273e-10
-7.49927293e-12
5.135877831e-10
-9.54215346e-12
5.760703236e-10
-1.17514639e-11
6.34631205e-10
-1.409991114e-11
6.89430754e-10
-1.655971594e-11
7.406238674e-10
-1.910278196e-11
7.883605032e-10
-2.170061274e-11
8.327857415e-10
-2.432467202e-11
8.740401953e-10
-2.694667572e-11
9.122606346e-10
-2.953841922e-11
9.475795952e-10
-3.207247075e-11
9.801261215e-10
-3.452203569e-11
1.010025777e-09
-3.686131977e-11
1.037400444e-09
-3.906584136e-11
1.062369103e-09
-4.111231725e-11
1.085046984e-09
-4.297934964e-11
1.105546623e-09
-4.464697865e-11
1.123976804e-09
-4.609752476e-11
1.140443583e-09
-4.731498835e-11
1.155049393e-09
-4.828590664e-11
1.167893769e-09
-4.899869033e-11
1.179072767e-09
-4.944440785e-11
1.188679398e-09
-4.961610371e-11
1.196803266e-09
-4.950950191e-11
1.203530851e-09
-4.912232876e-11
1.20894537e-09
-4.84549298e-11
1.213126897e-09
-4.750957804e-11
1.216152334e-09
-4.629103627e-11
1.218095478e-09
-4.480584854e-11
1.219027064e-09
-4.306285867e-11
1.219014778e-09
-4.107249533e-11
1.218123362e-09
-3.884720196e-11
1.216414486e-09
-3.640076987e-11
1.21394699e-09
-3.374867773e-11
1.210776643e-09
-3.090748678e-11
1.206956521e-09
-2.789505751e-11
1.202536583e-09
-2.473005263e-11
1.197564207e-09
-2.143201036e-11
1.192083656e-09
-1.802104854e-11
1.186136846e-09
-1.451772507e-11
1.179762561e-09
-1.094296234e-11
1.17299742e-09
-7.317704838e-12
1.165875139e-09
-3.663134566e-12
1.158427566e-09
1.150683375e-09
-2.067217642e-13
4.679293263e-11
-8.100520791e-13
1.369139849e-10
-1.78497322e-12
2.219974732e-10
-3.104674335e-12
3.022367093e-10
-4.741492413e-12
3.778234547e-10
-6.666928462e-12
4.489427633e-10
-8.851591801e-12
5.157724464e-10
-1.126527647e-11
5.784840082e-10
-1.387692159e-11
6.372428501e-10
-1.665474249e-11
6.922085749e-10
-1.95664012e-11
7.435355261e-10
-2.257904095e-11
7.91373143e-10
-2.565938031e-11
8.358660809e-10
-2.877414901e-11
8.77154964e-10
-3.189005067e-11
9.153765363e-10
-3.497404125e-11
9.506635858e-10
-3.799382245e-11
9.831459027e-10
-4.091760432e-11
1.012949559e-09
-4.371491952e-11
1.040197759e-09
-4.635638102e-11
1.065010565e-09
-4.881427309e-11
1.087504877e-09
-5.106257702e-11
1.107794927e-09
-5.307724808e-11
1.125991475e-09
-5.483647289e-11
1.142202808e-09
-5.632066255e-11
1.156533583e-09
-5.751287794e-11
1.169085985e-09
-5.839860701e-11
1.179958496e-09
-5.896624716e-11
1.189247038e-09
-5.92067428e-11
1.197043762e-09
-5.911408947e-11
1.203438198e-09
-5.868486821e-11
1.208516149e-09
-5.791872167e-11
1.212360751e-09
-5.68178071e-11
1.21505142e-09
-5.538724706e-11
1.216664918e-09
-5.363450574e-11
1.217274323e-09
-5.156983053e-11
1.216950103e-09
-4.920552977e-11
1.215759061e-09
-4.655640201e-11
1.213765358e-09
-4.363894238e-11
1.21102953e-09
-4.047180225e-11
1.207609503e-09
-3.707488131e-11
1.2035596e-09
-3.346984947e-11
1.198931551e-09
-2.967914619e-11
1.193773503e-09
-2.572655443e-11
1.188131065e-09
-2.16362396e-11
1.182046531e-09
-1.743324092e-11
1.175559563e-09
-1.314267053e-11
1.16870685e-09
-8.790040018e-12
1.161522508e-09
-4.400737493e-12
1.154038263e-09
1.146282638e-09
-2.428510171e-13
4.703578365e-11
-9.516854126e-13
1.376228192e-10
-2.097210208e-12
2.23142998e-10
-3.648122452e-12
3.037876216e-10
-5.572189726e-12
3.79747522e-10
-7.836258861e-12
4.512068324e-10
-1.040621154e-11
5.183423991e-10
-1.324695379e-11
5.813247505e-10
-1.632248528e-11
6.403183816e-10
-1.959601807e-11
6.954821077e-10
-2.303011506e-11
7.469696231e-10
-2.658660596e-11
7.949296339e-10
-3.022697141e-11
8.395064463e-10
-3.391257839e-11
8.80840571e-10
-3.760457547e-11
9.190685334e-10
-4.126456834e-11
9.543235787e-10
-4.485457879e-11
9.867359132e-10
-4.833737354e-11
1.016432354e-09
-5.167695376e-11
1.043537339e-09
-5.483840421e-11
1.068172015e-09
-5.778874018e-11
1.090455212e-09
-6.049652012e-11
1.110502707e-09
-6.29327843e-11
1.128427739e-09
-6.507064607e-11
1.14434067e-09
-6.688610042e-11
1.158349037e-09
-6.835771179e-11
1.170557596e-09
-6.946724511e-11
1.18106803e-09
-7.019939147e-11
1.189979184e-09
-7.054228428e-11
1.197386655e-09
-7.048722463e-11
1.203383138e-09
-7.002908889e-11
1.208058013e-09
-6.91660101e-11
1.211497672e-09
-6.789969853e-11
1.213785108e-09
-6.623506617e-11
1.215000285e-09
-6.418046514e-11
1.215219722e-09
-6.17472601e-11
1.214516898e-09
-5.894993882e-11
1.21296174e-09
-5.58056698e-11
1.210621089e-09
-5.233429986e-11
1.20755816e-09
-4.855792634e-11
1.20383313e-09
-4.45007523e-11
1.199502426e-09
-4.018873137e-11
1.19461953e-09
-3.56492754e-11
1.189234047e-09
-3.091108625e-11
1.183392875e-09
-2.600368606e-11
1.177139131e-09
-2.095745257e-11
1.170513329e-09
-1.580297167e-11
1.163552369e-09
-1.057136317e-11
1.1562909e-09
-5.293414518e-12
1.148760315e-09
1.140989223e-09
-2.840843571e-13
4.7319868e-11
-1.113343782e-12
1.384520787e-10
-2.45363491e-12
2.244832892e-10
-4.268579117e-12
3.056025658e-10
-6.520804899e-12
3.819997477e-10
-9.171960625e-12
4.538579882e-10
-1.21826018e-11
5.213530403e-10
-1.551223095e-11
5.846543796e-10
-1.911941028e-11
6.439255609e-10
-2.296184314e-11
6.993245406e-10
-2.699636293e-11
7.510041428e-10
-3.117908496e-11
7.991123559e-10
-3.546574527e-11
8.437931066e-10
-3.981167307e-11
8.851864988e-10
-4.417207915e-11
9.234289395e-10
-4.850254918e-11
9.586540487e-10
-5.275883402e-11
9.90992198e-10
-5.689767898e-11
1.020571199e-09
-6.087669807e-11
1.047516358e-09
-6.465490952e-11
1.071950227e-09
-6.819298661e-11
1.09399329e-09
-7.145345965e-11
1.11376318e-09
-7.440125593e-11
1.131375535e-09
-7.700362768e-11
1.146943041e-09
-7.923088922e-11
1.160576299e-09
-8.105615923e-11
1.172382866e-09
-8.245616523e-11
1.182468036e-09
-8.341086374e-11
1.190933883e-09
-8.390426802e-11
1.197880059e-09
-8.392397666e-11
1.203402847e-09
-8.346194815e-11
1.207595985e-09
-8.251394341e-11
1.210549667e-09
-8.108022573e-11
1.21235139e-09
-7.916490521e-11
1.213084965e-09
-7.677655939e-11
1.212831376e-09
-7.392744096e-11
1.211667779e-09
-7.063399203e-11
1.209668291e-09
-6.691593697e-11
1.206903034e-09
-6.279673486e-11
1.203438958e-09
-5.830251082e-11
1.199338906e-09
-5.346250504e-11
1.19466242e-09
-4.830786233e-11
1.189464888e-09
-4.287211208e-11
1.183798297e-09
-3.719002806e-11
1.177710791e-09
-3.129794001e-11
1.171247043e-09
-2.523283717e-11
1.164448226e-09
-1.903250094e-11
1.157352032e-09
-1.273491563e-11
1.149993315e-09
-6.378147096e-12
1.142403546e-09
1.134611076e-09
-3.308402907e-13
4.765070829e-11
-1.29667064e-12
1.39417909e-10
-2.857874326e-12
2.260444929e-10
-4.972372424e-12
3.077170639e-10
-7.597059323e-12
3.846244346e-10
-1.068776202e-11
4.569486909e-10
-1.419913608e-11
5.248644144e-10
-1.80847733e-11
5.885400168e-10
-2.229725649e-11
6.481380441e-10
-2.678821034e-11
7.038154944e-10
-3.150826491e-11
7.557241974e-10
-3.640738038e-11
8.040114714e-10
-4.143498283e-11
8.488207091e-10
-4.653991288e-11
8.902914288e-10
-5.167102689e-11
9.285600535e-10
-5.677717279e-11
9.637601946e-10
-6.180749399e-11
9.960225192e-10
-6.671196841e-11
1.025475673e-09
-7.144124505e-11
1.052245635e-09
-7.594753568e-11
1.076456517e-09
-8.018433476e-11
1.098230089e-09
-8.410732638e-11
1.117686171e-09
-8.767419758e-11
1.134942407e-09
-9.084541618e-11
1.15011426e-09
-9.358419441e-11
1.163315077e-09
-9.585713352e-11
1.174655805e-09
-9.763425267e-11
1.184245155e-09
-9.888957096e-11
1.192189201e-09
-9.960115134e-11
1.198591639e-09
-9.975162355e-11
1.203553319e-09
-9.932816963e-11
1.207172531e-09
-9.832299246e-11
1.20954449e-09
-9.673319402e-11
1.210761592e-09
-9.456116828e-11
1.210912939e-09
-9.181433692e-11
1.210084545e-09
-8.850537911e-11
1.208358821e-09
-8.465182286e-11
1.205814735e-09
-8.027610382e-11
1.202527315e-09
-7.540501842e-11
1.198567873e-09
-7.006956953e-11
1.194003457e-09
-6.430434752e-11
1.188897198e-09
-5.814718583e-11
1.183307726e-09
-5.163864095e-11
1.177289752e-09
-4.482146756e-11
1.170893618e-09
-3.774024927e-11
1.164165824e-09
-3.044074439e-11
1.157148722e-09
-2.296978247e-11
1.14988107e-09
-1.537444144e-11
1.142397974e-09
-7.702228772e-12
1.134731333e-09
1.126908848e-09
-3.834954526e-13
4.803420375e-11
-1.50314609e-12
1.405375597e-10
-3.313194508e-12
2.278545413e-10
-5.765205037e-12
3.101690744e-10
-8.809674553e-12
3.876689042e-10
-1.239598286e-11
4.605349992e-10
-1.647233472e-11
5.289407662e-10
-2.098582473e-11
5.930535068e-10
-2.588252853e-11
6.530347479e-10
-3.110741857e-11
7.090403845e-10
-3.660455115e-11
7.6122133e-10
-4.231727237e-11
8.097241926e-10
-4.818815524e-11
8.546915919e-10
-5.415928415e-11
8.962625577e-10
-6.017265017e-11
9.345734195e-10
-6.616995062e-11
9.697574951e-10
-7.209335591e-11
1.001945924e-09
-7.788539612e-11
1.031267714e-09
-8.348944898e-11
1.057849687e-09
-8.885003526e-11
1.081817103e-09
-9.391299928e-11
1.103293053e-09
-9.862611751e-11
1.122399289e-09
-1.029390579e-10
1.139255347e-09
-1.068042169e-10
1.153979419e-09
-1.101765703e-10
1.16668743e-09
-1.130146034e-10
1.177493838e-09
-1.152801432e-10
1.186510695e-09
-1.169393356e-10
1.193848393e-09
-1.179625056e-10
1.199614809e-09
-1.183250904e-10
1.203915904e-09
-1.180075312e-10
1.206854972e-09
-1.169961163e-10
1.208533075e-09
-1.152828598e-10
1.209048335e-09
-1.128662087e-10
1.208496288e-09
-1.097508078e-10
1.206969144e-09
-1.059479803e-10
1.204555994e-09
-1.014753367e-10
1.201342091e-09
-9.635699621e-11
1.197408975e-09
-9.062293498e-11
1.192833812e-09
-8.4308961e-11
1.187689483e-09
-7.745578578e-11
1.182044023e-09
-7.010890596e-11
1.175960846e-09
-6.231750158e-11
1.169498348e-09
-5.413423986e-11
1.162710356e-09
-4.561416735e-11
1.155645752e-09
-3.681452985e-11
1.148349084e-09
-2.779374693e-11
1.140860288e-09
-1.861132617e-11
1.133215553e-09
-9.326932405e-12
1.12544694e-09
1.117581915e-09
-4.42366208e-13
-1.734013188e-12
-3.822333074e-12
2.299428612e-10
-6.651825716e-12
3.129985671e-10
-1.016591064e-11
3.911829891e-10
-1.430689987e-11
4.646759884e-10
-1.901591544e-11
5.336497818e-10
-2.423300394e-11
5.982705953e-10
-2.989712243e-11
6.586988664e-10
-3.594618397e-11
7.15089446e-10
-4.231725069e-11
7.675923967e-10
-4.894657269e-11
8.163535146e-10
-5.576957393e-11
8.615145932e-10
-6.27213237e-11
9.032143075e-10
-6.97364546e-11
9.415885504e-10
-7.674943481e-11
9.767704754e-10
-8.369500658e-11
1.008891496e-09
-9.050799613e-11
1.038080703e-09
-9.712413069e-11
1.064465822e-09
-1.034797336e-10
1.088172706e-09
-1.095125691e-10
1.109325888e-09
-1.15161656e-10
1.128048376e-09
-1.203680366e-10
1.144461728e-09
-1.250747555e-10
1.158686138e-09
-1.292275944e-10
1.170840269e-09
-1.327751359e-10
1.18104138e-09
-1.356695797e-10
1.189405138e-09
-1.378668543e-10
1.196045668e-09
-1.393275552e-10
1.20107551e-09
-1.40017043e-10
1.204605392e-09
-1.399065113e-10
1.20674444e-09
-1.389730676e-10
1.207599632e-09
-1.372008039e-10
1.207276072e-09
-1.345808668e-10
1.205876351e-09
-1.311123355e-10
1.203500613e-09
-1.268021967e-10
1.200245855e-09
-1.216659284e-10
1.196205823e-09
-1.157272157e-10
1.191470262e-09
-1.090180979e-10
1.186124694e-09
-1.015783406e-10
1.180249726e-09
-9.345517152e-11
1.173920854e-09
-8.470238454e-11
1.167208059e-09
-7.537971362e-11
1.160175677e-09
-6.555178783e-11
1.15288243e-09
-5.528737785e-11
1.145381342e-09
-4.465835095e-11
1.137720057e-09
-3.373898985e-11
1.129940926e-09
-2.260511431e-11
1.122081677e-09
-1.133333812e-11
1.114175163e-09
1.106248577e-09
-4.387310225e-12
-7.635736112e-12
-1.167112502e-11
-1.64280316e-11
-2.183986909e-11
-2.783901361e-11
-3.435678965e-11
-4.132363842e-11
-4.86692072e-11
-5.632224332e-11
-6.421087896e-11
-7.226284764e-11
-8.04052914e-11
-8.85653953e-11
-9.667017344e-11
-1.046469032e-10
-1.124232507e-10
-1.199274351e-10
-1.270886244e-10
-1.338369347e-10
-1.401040142e-10
-1.458230258e-10
-1.509293085e-10
-1.553604768e-10
-1.590571485e-10
-1.619632619e-10
-1.640268153e-10
-1.652004901e-10
-1.654423822e-10
-1.647169567e-10
-1.629957468e-10
-1.602584368e-10
-1.564935654e-10
-1.51699489e-10
-1.458849488e-10
-1.390695997e-10
-1.312842007e-10
-1.225705357e-10
-1.129811174e-10
-1.025783787e-10
-9.143388852e-11
-7.962701322e-11
-6.724386072e-11
-5.437575634e-11
-4.111827821e-11
-2.756979774e-11
-1.383034676e-11
)
;

boundaryField
{
    front_top
    {
        type            wedge;
        value           nonuniform List<scalar> 
1167
(
2.041777343e-25
2.302724189e-25
3.106063142e-25
4.767442882e-25
6.226951665e-25
7.791649759e-25
9.658342582e-25
1.190968117e-24
1.460869134e-24
1.783329137e-24
2.167229242e-24
2.60225456e-24
3.094664932e-24
3.804645173e-24
4.567580131e-24
5.326891213e-24
6.398675945e-24
7.681298987e-24
9.102873726e-24
1.053451821e-23
1.211352829e-23
1.411704743e-23
1.627111948e-23
2.505081371e-24
3.170170743e-24
4.124428448e-24
5.509341714e-24
6.992755081e-24
8.721326872e-24
1.078757889e-23
1.32619335e-23
1.621721461e-23
1.973963731e-23
2.391873384e-23
2.880863581e-23
3.447676625e-23
4.153352796e-23
4.972789029e-23
5.871740746e-23
6.972020905e-23
8.268308611e-23
9.730004712e-23
1.136199946e-22
1.317915518e-22
1.528766065e-22
1.765071482e-22
-7.317565427e-24
-1.024009652e-23
-1.341604578e-23
-1.652064284e-23
-2.081425786e-23
-2.601283372e-23
-3.222039326e-23
-3.962169833e-23
-4.843061988e-23
-5.888701093e-23
-7.126744786e-23
-8.601034286e-23
-1.034041344e-22
-1.237159707e-22
-1.475580167e-22
-1.754558157e-22
-2.07432652e-22
-2.44336155e-22
-2.871261038e-22
-3.360029548e-22
-3.915027019e-22
-4.537855815e-22
-5.233992104e-22
-6.0074666e-22
6.110316043e-24
7.905327986e-24
1.009974709e-23
1.331455403e-23
1.700571247e-23
2.112428021e-23
2.610720997e-23
3.207326141e-23
3.919296618e-23
4.768419092e-23
5.787780961e-23
6.969770004e-23
8.362564601e-23
1.001585619e-22
1.194263336e-22
1.420466158e-22
1.683351303e-22
1.986533987e-22
2.333693144e-22
2.729830231e-22
3.177272514e-22
3.681958948e-22
4.248548608e-22
4.875995361e-22
-9.428420906e-24
-1.249829408e-23
-1.628550788e-23
-2.07359552e-23
-2.593182759e-23
-3.234598365e-23
-4.00453932e-23
-4.924141024e-23
-6.020727332e-23
-7.327678838e-23
-8.857537312e-23
-1.067635771e-22
-1.284654855e-22
-1.537366118e-22
-1.833240659e-22
-2.179619906e-22
-2.581022689e-22
-3.044557853e-22
-3.577151431e-22
-4.185411996e-22
-4.875798158e-22
-5.65309284e-22
-6.521848219e-22
-7.487162572e-22
-3.229725019e-24
-4.37152317e-24
-5.713776299e-24
-7.067124536e-24
-8.781905106e-24
-1.097214831e-23
-1.360116704e-23
-1.673714454e-23
-2.048218361e-23
-2.497198136e-23
-3.012191822e-23
-3.623008828e-23
-4.362646375e-23
-5.222437212e-23
-6.229064863e-23
-7.405259702e-23
-8.772455197e-23
-1.035068235e-22
-1.216153761e-22
-1.423058173e-22
-1.65766297e-22
-1.922286834e-22
-2.218543492e-22
-2.54774674e-22
6.668623441e-24
8.814449686e-24
1.149247563e-23
1.496066175e-23
1.894198569e-23
2.349342094e-23
2.901610476e-23
3.5636114e-23
4.353169572e-23
5.288811211e-23
6.404478824e-23
7.730583467e-23
9.291502195e-23
1.112665868e-22
1.327736261e-22
1.578878047e-22
1.869687645e-22
2.205764816e-22
2.593136835e-22
3.035074114e-22
3.537342311e-22
4.103090445e-22
4.734574308e-22
5.435916058e-22
6.405157363e-23
8.501290481e-23
1.103484836e-22
1.408564223e-22
1.773626845e-22
2.210404038e-22
2.733139926e-22
3.35781378e-22
4.102812192e-22
4.988020918e-22
6.038667633e-22
7.284276982e-22
8.754469852e-22
1.048326651e-21
1.25095682e-21
1.487484073e-21
1.762316109e-21
2.080030779e-21
2.445297258e-21
2.862702113e-21
3.336595223e-21
3.870807828e-21
4.468554288e-21
5.132202115e-21
-9.479062041e-23
-1.256379859e-22
-1.626231705e-22
-2.07109298e-22
-2.606584876e-22
-3.248393664e-22
-4.016459439e-22
-4.933544615e-22
-6.026920882e-22
-7.329665048e-22
-8.874685595e-22
-1.070174976e-21
-1.28608488e-21
-1.540236046e-21
-1.838178021e-21
-2.186089399e-21
-2.590435456e-21
-3.058100115e-21
-3.59609201e-21
-4.211114365e-21
-4.909619608e-21
-5.697427853e-21
-6.57934195e-21
-7.558734735e-21
1.25478403e-24
1.783350603e-24
2.477508334e-24
3.211421237e-24
4.041604743e-24
5.017142256e-24
6.133879378e-24
7.564036281e-24
9.262834176e-24
1.115047449e-23
1.352239848e-23
1.639878735e-23
1.970266731e-23
2.357788984e-23
2.815852952e-23
3.351489646e-23
3.976725984e-23
4.698301932e-23
5.525679909e-23
6.472935131e-23
7.552186662e-23
8.768003265e-23
1.011925558e-22
1.162649715e-22
6.005894696e-23
7.954768304e-23
1.030527378e-22
1.312523594e-22
1.650309246e-22
2.055044279e-22
2.538497345e-22
3.116836024e-22
3.80657642e-22
4.626551847e-22
5.602059865e-22
6.757677187e-22
8.121316629e-22
9.727516447e-22
1.161317936e-21
1.381687009e-21
1.63811756e-21
1.935001385e-21
2.276830602e-21
2.668072964e-21
3.112993339e-21
3.615302669e-21
4.178042533e-21
4.803585987e-21
-3.667660555e-23
-4.835489203e-23
-6.232280405e-23
-7.915198045e-23
-9.946570695e-23
-1.238265416e-22
-1.530300833e-22
-1.878179219e-22
-2.293252946e-22
-2.788209953e-22
-3.375158955e-22
-4.070925129e-22
-4.893308299e-22
-5.861733021e-22
-6.998498176e-22
-8.328030689e-22
-9.875652768e-22
-1.166876537e-21
-1.373549668e-21
-1.610247288e-21
-1.879572101e-21
-2.183870124e-21
-2.525074026e-21
-2.904524402e-21
1.32835875e-23
1.76618131e-23
2.299616987e-23
2.933959628e-23
3.687523976e-23
4.584992139e-23
5.66096068e-23
6.945534914e-23
8.472851376e-23
1.029955593e-22
1.247260888e-22
1.503627917e-22
1.807309681e-22
2.166015289e-22
2.587129456e-22
3.079887263e-22
3.653585399e-22
4.318669551e-22
5.086047524e-22
5.965496922e-22
6.966923773e-22
8.099088694e-22
9.36943683e-22
1.078314402e-21
9.741347743e-23
1.284891667e-22
1.659081857e-22
2.108610628e-22
2.647492732e-22
3.292767037e-22
4.064808719e-22
4.987090826e-22
6.087033536e-22
7.397586392e-22
8.955079643e-22
1.080041349e-21
1.298308054e-21
1.555755411e-21
1.858304699e-21
2.21254553e-21
2.625552482e-21
3.104786828e-21
3.657908794e-21
4.292529578e-21
5.01589529e-21
5.83455957e-21
6.75395658e-21
7.777971351e-21
-2.754655198e-23
-3.61956804e-23
-4.657456295e-23
-5.899071662e-23
-7.392228773e-23
-9.187597153e-23
-1.133875306e-22
-1.391125653e-22
-1.697970507e-22
-2.063050943e-22
-2.496952942e-22
-3.011672919e-22
-3.620566083e-22
-4.338871142e-22
-5.183531061e-22
-6.173166332e-22
-7.327893152e-22
-8.66891861e-22
-1.021840637e-21
-1.199801735e-21
-1.402846136e-21
-1.632902352e-21
-1.891540035e-21
-2.179868436e-21
-1.976149282e-22
-2.598200967e-22
-3.345693604e-22
-4.24295108e-22
-5.319682808e-22
-6.609590679e-22
-8.154128444e-22
-9.999982157e-22
-1.22018743e-21
-1.482426841e-21
-1.7941935e-21
-2.163991909e-21
-2.601666282e-21
-3.118344418e-21
-3.726303698e-21
-4.439167246e-21
-5.271680591e-21
-6.239465467e-21
-7.358752624e-21
-8.645730937e-21
-1.011586955e-20
-1.178346385e-20
-1.366038724e-20
-1.575513527e-20
-1.990169989e-23
-2.60543669e-23
-3.343820578e-23
-4.232528645e-23
-5.297056703e-23
-6.57267166e-23
-8.104241592e-23
-9.936835196e-23
-1.212090612e-22
-1.472260897e-22
-1.781906418e-22
-2.148727739e-22
-2.583164352e-22
-3.096919492e-22
-3.70161481e-22
-4.411102646e-22
-5.240351208e-22
-6.205262241e-22
-7.322597754e-22
-8.608902323e-22
-1.008034585e-21
-1.175164804e-21
-1.363491585e-21
-1.573961759e-21
3.096792575e-23
4.071296003e-23
5.240895763e-23
6.645152084e-23
8.332599731e-23
1.035278587e-22
1.276554661e-22
1.564563412e-22
1.90865819e-22
2.318531916e-22
2.80547071e-22
3.383890952e-22
4.068981985e-22
4.878255408e-22
5.831977007e-22
6.952216027e-22
8.263060228e-22
9.790285335e-22
1.156070007e-21
1.360154629e-21
1.593927185e-21
1.859840722e-21
2.159981379e-21
2.495858236e-21
3.287185364e-22
4.308922643e-22
5.536249809e-22
7.009655573e-22
8.777382828e-22
1.089449094e-21
1.342678162e-21
1.645229629e-21
2.006246103e-21
2.436367091e-21
2.947992912e-21
3.555529616e-21
4.275482925e-21
5.126702228e-21
6.130472749e-21
7.310448979e-21
8.692564554e-21
1.03046818e-20
1.217602789e-20
1.433639128e-20
1.681493138e-20
1.963878991e-20
2.283126276e-20
2.640983897e-20
-2.313261617e-22
-2.969508611e-22
-3.757194927e-22
-4.700386451e-22
-5.830230437e-22
-7.182860802e-22
-8.798771548e-22
-1.072678488e-21
-1.302417339e-21
-1.57575112e-21
-1.90040651e-21
-2.285345947e-21
-2.740750957e-21
-3.278129191e-21
-3.910427258e-21
-4.651848885e-21
-5.517718776e-21
-6.524248602e-21
-7.688062905e-21
-9.025547053e-21
-1.05520516e-20
-1.228100257e-20
-1.422268472e-20
6.799556554e-23
8.7263095e-23
1.10400492e-22
1.381784813e-22
1.714494785e-22
2.111895616e-22
2.586528576e-22
3.152953666e-22
3.827675016e-22
4.630685978e-22
5.584815551e-22
6.716361259e-22
8.055789703e-22
9.637748413e-22
1.150086994e-21
1.368786386e-21
1.624562868e-21
1.922350101e-21
2.267214626e-21
2.664264269e-21
3.118340026e-21
3.633682089e-21
4.213595374e-21
9.76981227e-23
1.252824866e-22
1.584162744e-22
1.981417371e-22
2.456890833e-22
3.025321123e-22
3.704166803e-22
4.514091966e-22
5.479333196e-22
6.628128481e-22
7.993443217e-22
9.613456507e-22
1.153222396e-21
1.38000478e-21
1.647350896e-21
1.96155431e-21
2.329514173e-21
2.758571591e-21
3.256368162e-21
3.830598831e-21
4.48866941e-21
5.237216048e-21
6.081465155e-21
-4.371731599e-23
-5.598210926e-23
-7.060959707e-23
-8.815024179e-23
-1.092055352e-22
-1.343738089e-22
-1.644542212e-22
-2.003476859e-22
-2.43103635e-22
-2.939979797e-22
-3.545059834e-22
-4.263450164e-22
-5.114963393e-22
-6.122158286e-22
-7.310698862e-22
-8.709278578e-22
-1.034913194e-21
-1.226431966e-21
-1.449073567e-21
-1.706466179e-21
-2.002094976e-21
-2.339099241e-21
-2.72017902e-21
-6.780502701e-23
-8.676387587e-23
-1.094728649e-22
-1.366866354e-22
-1.692811526e-22
-2.082458437e-22
-2.548118529e-22
-3.103754976e-22
-3.765532024e-22
-4.553383636e-22
-5.490266238e-22
-6.603026153e-22
-7.922801899e-22
-9.485057505e-22
-1.133042434e-21
-1.350454268e-21
-1.605766789e-21
-1.904454537e-21
-2.252351815e-21
-2.65541122e-21
-3.119463753e-21
-3.649928117e-21
-4.251396247e-21
1.554808976e-22
1.990153831e-22
2.512249867e-22
3.13778289e-22
3.886228273e-22
4.780880098e-22
5.849087436e-22
7.123091561e-22
8.641523632e-22
1.044954402e-21
1.26001378e-21
1.515503518e-21
1.818601421e-21
2.177684078e-21
2.602259386e-21
3.103068093e-21
3.692129225e-21
4.382556204e-21
5.188317124e-21
6.123933045e-21
7.203946692e-21
8.442032943e-21
9.849949655e-21
-2.044191406e-22
-2.613926808e-22
-3.297274662e-22
-4.11550278e-22
-5.094604449e-22
-6.264796527e-22
-7.661945083e-22
-9.328507601e-22
-1.131457033e-21
-1.367913878e-21
-1.649197017e-21
-1.983531399e-21
-2.380478907e-21
-2.851079588e-21
-3.408058754e-21
-4.065917688e-21
-4.840836882e-21
-5.750643293e-21
-6.814722117e-21
-8.053342289e-21
-9.486970161e-21
-1.113530283e-20
-1.301582981e-20
-3.230134301e-22
-4.12899836e-22
-5.206686413e-22
-6.497190623e-22
-8.040982575e-22
-9.885659315e-22
-1.208765839e-21
-1.471380569e-21
-1.784335485e-21
-2.156973073e-21
-2.600352616e-21
-3.127504675e-21
-3.753701715e-21
-4.496664571e-21
-5.376826884e-21
-6.417690099e-21
-7.645674426e-21
-9.090108895e-21
-1.07831064e-20
-1.275873202e-20
-1.505192724e-20
-1.769694997e-20
-2.072498129e-20
1.144390668e-22
1.463007427e-22
1.844888676e-22
2.302303314e-22
2.849187787e-22
3.502561184e-22
4.282289898e-22
5.212029296e-22
6.319808514e-22
7.639092669e-22
9.209195639e-22
1.107638477e-21
1.32951743e-21
1.592956948e-21
1.90538356e-21
2.275246588e-21
2.712263742e-21
3.22734666e-21
3.832398205e-21
4.540258904e-21
5.364347887e-21
6.318062171e-21
7.413893731e-21
1.870025942e-22
2.389680808e-22
3.012494556e-22
3.758090717e-22
4.649463613e-22
5.714204722e-22
6.984619576e-22
8.499225492e-22
1.030383871e-21
1.245278496e-21
1.501061032e-21
1.80534213e-21
2.167121671e-21
2.596970945e-21
3.107191461e-21
3.711989537e-21
4.427688601e-21
5.272760399e-21
6.267696123e-21
7.434784292e-21
8.797683705e-21
1.038048024e-20
1.22062728e-20
8.346046074e-23
1.066599913e-22
1.34463704e-22
1.677374557e-22
2.075029552e-22
2.549931383e-22
3.116449349e-22
3.791735784e-22
4.596223559e-22
5.554242724e-22
6.694676676e-22
8.051692765e-22
9.665788546e-22
1.158482435e-21
1.386478413e-21
1.657038311e-21
1.977702326e-21
2.357052226e-21
2.80468326e-21
3.331177583e-21
3.947949438e-21
4.666854395e-21
5.499551176e-21
2.02362301e-22
2.584858074e-22
3.257407796e-22
4.062138227e-22
5.023799919e-22
6.171886817e-22
7.541210492e-22
9.173186855e-22
1.111715599e-21
1.343216043e-21
1.618805399e-21
1.946809994e-21
2.337161275e-21
2.801535717e-21
3.353705382e-21
4.009778154e-21
4.788498326e-21
5.71139868e-21
6.802875166e-21
8.090175319e-21
9.603073762e-21
1.137311768e-20
1.343222333e-20
-3.271888789e-23
-4.172341181e-23
-5.249219727e-23
-6.539172697e-23
-8.082692568e-23
-9.924235391e-23
-1.211974332e-22
-1.473618113e-22
-1.785247495e-22
-2.156283087e-22
-2.598123521e-22
-3.124115263e-22
-3.75020341e-22
-4.495589474e-22
-5.382818007e-22
-6.438273802e-22
-7.692744732e-22
-9.182133056e-22
-1.094757811e-21
-1.303546694e-21
-1.549735842e-21
-1.838877635e-21
-2.176741431e-21
-3.507643805e-22
-4.478192123e-22
-5.640692488e-22
-7.031467331e-22
-8.692959036e-22
-1.067549732e-21
-1.303906849e-21
-1.585493188e-21
-1.92083052e-21
-2.320090369e-21
-2.79546088e-21
-3.361512105e-21
-4.035614101e-21
-4.838468474e-21
-5.794685074e-21
-6.933370298e-21
-8.288744538e-21
-9.90082929e-21
-1.181593102e-20
-1.408697805e-20
-1.677357708e-20
-1.994133458e-20
-2.366011086e-20
-1.04161803e-22
-1.329475012e-22
-1.674191571e-22
-2.086545488e-22
-2.579055741e-22
-3.166642342e-22
-3.866956769e-22
-4.701117964e-22
-5.694477098e-22
-6.877077423e-22
-8.285024386e-22
-9.961822176e-22
-1.195956759e-21
-1.434000727e-21
-1.71771888e-21
-2.055921781e-21
-2.459028934e-21
-2.939321054e-21
-3.511132768e-21
-4.191044347e-21
-4.998011002e-21
-5.953272256e-21
-7.079995322e-21
2.18207271e-22
2.786903931e-22
3.511371339e-22
4.377680716e-22
5.412150113e-22
6.645875364e-22
8.115934698e-22
9.866533917e-22
1.195067994e-21
1.443178325e-21
1.738594079e-21
2.090455063e-21
2.509703978e-21
3.009520668e-21
3.605666167e-21
4.316975212e-21
5.165876326e-21
6.178961259e-21
7.387629779e-21
8.828592062e-21
1.054437538e-20
1.258352418e-20
1.500022709e-20
-2.222968544e-22
-2.838525692e-22
-3.575623776e-22
-4.456927412e-22
-5.509008356e-22
-6.763525488e-22
-8.258116793e-22
-1.003770656e-21
-1.215586751e-21
-1.467714974e-21
-1.76793101e-21
-2.125539887e-21
-2.551773287e-21
-3.060125909e-21
-3.666833186e-21
-4.391390527e-21
-5.257157791e-21
-6.292051255e-21
-7.529247339e-21
-9.007987242e-21
-1.077436369e-20
-1.288188985e-20
-1.539164116e-20
-8.433529832e-23
-1.076834227e-22
-1.356314326e-22
-1.690436189e-22
-2.089115308e-22
-2.564367653e-22
-3.130689375e-22
-3.804922777e-22
-4.607070211e-22
-5.56170666e-22
-6.698584374e-22
-8.05293995e-22
-9.667507972e-22
-1.159389256e-21
-1.389437917e-21
-1.664400831e-21
-1.993321409e-21
-2.387102812e-21
-2.858784906e-21
-3.423933418e-21
-4.101094934e-21
-4.912167678e-21
-5.882648026e-21
3.071347452e-22
3.924614329e-22
4.946424208e-22
6.167600605e-22
7.62495201e-22
9.361927568e-22
1.142999821e-21
1.389123851e-21
1.682026799e-21
2.030608869e-21
2.445599764e-21
2.940003247e-21
3.529510759e-21
4.233103455e-21
5.073771997e-21
6.079364917e-21
7.283599019e-21
8.727269271e-21
1.045969005e-20
1.254034042e-20
1.504085442e-20
1.804702712e-20
2.166085307e-20
-9.004351024e-23
-1.150342361e-22
-1.449434268e-22
-1.806932178e-22
-2.233357524e-22
-2.741387507e-22
-3.346530896e-22
-4.066682456e-22
-4.923176378e-22
-5.942398432e-22
-7.155912355e-22
-8.601762948e-22
-1.032600325e-21
-1.238455171e-21
-1.484541623e-21
-1.779126338e-21
-2.132250945e-21
-2.55613554e-21
-3.065700109e-21
-3.679065334e-21
-4.418278767e-21
-5.310169355e-21
-6.387239543e-21
8.832729083e-23
1.129794161e-22
1.424857705e-22
1.777371048e-22
2.197991511e-22
2.699225574e-22
3.295515392e-22
4.004759309e-22
4.848755822e-22
5.853023263e-22
7.048472303e-22
8.472625702e-22
1.017132075e-21
1.219998944e-21
1.462603128e-21
1.753194322e-21
2.101846784e-21
2.520905666e-21
3.025458874e-21
3.634038698e-21
4.369483357e-21
5.259870978e-21
6.339785776e-21
5.669739081e-23
7.256715885e-23
9.15489079e-23
1.142354338e-22
1.413039267e-22
1.73547428e-22
2.118990856e-22
2.575070747e-22
3.117721337e-22
3.763382062e-22
4.531888407e-22
5.447394573e-22
6.539561109e-22
7.844162221e-22
9.404943074e-22
1.127548762e-21
1.352165382e-21
1.622449789e-21
1.948359951e-21
2.342223302e-21
2.819377268e-21
3.398923792e-21
4.104724064e-21
9.042980022e-24
1.161689737e-23
1.469099558e-23
1.837166949e-23
2.276881492e-23
2.800579469e-23
3.422488952e-23
4.161292368e-23
5.040790042e-23
6.087620984e-23
7.332773033e-23
8.815708885e-23
1.058564173e-22
1.270001386e-22
1.522988665e-22
1.82630823e-22
2.190811247e-22
2.629898467e-22
3.160083573e-22
3.801833981e-22
4.58109632e-22
5.530519655e-22
6.691195393e-22
2.607315528e-23
3.342082511e-23
4.221100063e-23
5.271574561e-23
6.524799314e-23
8.016808752e-23
9.79128915e-23
1.190044242e-22
1.440874379e-22
1.739303082e-22
2.094403933e-22
2.517470631e-22
3.022345012e-22
3.625592619e-22
4.347724785e-22
5.214082135e-22
6.255883169e-22
7.511870627e-22
9.03037267e-22
1.087166896e-21
1.311206093e-21
1.584883712e-21
1.920657185e-21
-1.665802057e-24
-2.095809526e-24
-2.602963558e-24
-3.204187369e-24
-3.919574572e-24
-4.771573931e-24
-5.784071524e-24
-7.001102286e-24
-8.448283084e-24
-1.016134056e-23
-1.220821465e-23
-1.46496133e-23
-1.755072252e-23
-2.102434841e-23
-2.519644566e-23
-3.019993131e-23
-3.622267416e-23
-4.349313364e-23
-5.228945594e-23
-6.297851293e-23
-7.601242991e-23
-9.19628081e-23
-1.115899676e-22
-8.142362524e-23
-1.043146707e-22
-1.316822901e-22
-1.643582088e-22
-2.033080738e-22
-2.496709273e-22
-3.048058547e-22
-3.703708681e-22
-4.483199595e-22
-5.410104577e-22
-6.513341214e-22
-7.82782473e-22
-9.396224843e-22
-1.127104906e-21
-1.351683963e-21
-1.621324425e-21
-1.945937588e-21
-2.337898657e-21
-2.812739796e-21
-3.390120017e-21
-4.095164964e-21
-4.960336347e-21
-6.028184974e-21
-3.044591614e-24
-3.873112845e-24
-4.83992635e-24
-5.998184629e-24
-7.388152758e-24
-9.037005023e-24
-1.098694982e-23
-1.332733888e-23
-1.611253222e-23
-1.941185752e-23
-2.334615444e-23
-2.803401274e-23
-3.361882471e-23
-4.030203102e-23
-4.83193639e-23
-5.794271635e-23
-6.953546364e-23
-8.354769138e-23
-1.00541346e-22
-1.212182003e-22
-1.465017778e-22
-1.775982652e-22
-2.160605864e-22
3.608096308e-24
4.66221335e-24
5.944973974e-24
7.470138676e-24
9.27680494e-24
1.143390735e-23
1.401313547e-23
1.705695636e-23
2.066881706e-23
2.497403697e-23
3.009007395e-23
3.618961061e-23
4.347248634e-23
5.217167234e-23
6.25914182e-23
7.511188879e-23
9.019546275e-23
1.084220831e-22
1.305271635e-22
1.574707683e-22
1.904606016e-22
2.3107219e-22
2.814345222e-22
-1.945024206e-23
-2.494186542e-23
-3.148635042e-23
-3.929887923e-23
-4.862152729e-23
-5.970711121e-23
-7.287253385e-23
-8.853451695e-23
-1.071505322e-22
-1.292823515e-22
-1.556251061e-22
-1.869967852e-22
-2.244299708e-22
-2.691965714e-22
-3.22838349e-22
-3.872886343e-22
-4.649596017e-22
-5.58887959e-22
-6.729249088e-22
-8.119479842e-22
-9.823046395e-22
-1.192342136e-21
-1.453177544e-21
2.552978393e-23
3.283768739e-23
4.159867296e-23
5.204739693e-23
6.446366969e-23
7.924004664e-23
9.681917162e-23
1.176876233e-22
1.42477354e-22
1.719403923e-22
2.069770998e-22
2.487128446e-22
2.985106205e-22
3.580187412e-22
4.293160687e-22
5.149824461e-22
6.182196133e-22
7.430594475e-22
8.946126788e-22
1.079478002e-21
1.306150072e-21
1.58580184e-21
1.933481431e-21
-5.241581944e-24
-6.713363082e-24
-8.444851969e-24
-1.05156252e-23
-1.30019126e-23
-1.594504152e-23
-1.943629863e-23
-2.35897343e-23
-2.851781878e-23
-3.437708198e-23
-4.134891088e-23
-4.964251377e-23
-5.95207849e-23
-7.133895434e-23
-8.549598436e-23
-1.02489727e-22
-1.229581378e-22
-1.477123554e-22
-1.777795926e-22
-2.144314103e-22
-2.593589831e-22
-3.148149835e-22
-3.837838484e-22
)
;
    }
    front_middle
    {
        type            wedge;
        value           nonuniform 0();
    }
    front_bottom
    {
        type            wedge;
        value           nonuniform 0();
    }
    back_top
    {
        type            wedge;
        value           nonuniform List<scalar> 
1167
(
2.524440645e-25
3.784131773e-25
4.814535224e-25
5.359339603e-25
6.548607721e-25
8.159214069e-25
1.009328019e-24
1.2382953e-24
1.509755322e-24
1.831267603e-24
2.211516261e-24
2.680837446e-24
3.255420384e-24
3.799910897e-24
4.506330169e-24
5.46075893e-24
6.378503093e-24
7.393860807e-24
8.611742349e-24
1.019369056e-23
1.203327582e-23
1.38815703e-23
1.603592848e-23
2.499933089e-24
3.498762935e-24
4.550403241e-24
5.578158181e-24
6.991230768e-24
8.734476795e-24
1.082318512e-23
1.331179588e-23
1.627198028e-23
1.978483342e-23
2.395232678e-23
2.893818875e-23
3.491866881e-23
4.155416582e-23
4.939302435e-23
5.909850272e-23
6.979332201e-23
8.188412938e-23
9.603488283e-23
1.125493895e-22
1.316130458e-22
1.524647377e-22
1.757258403e-22
-7.639680462e-24
-9.679524938e-24
-1.248327262e-23
-1.656843613e-23
-2.090446811e-23
-2.60479421e-23
-3.221439232e-23
-3.95894399e-23
-4.838929411e-23
-5.887107374e-23
-7.132772523e-23
-8.596672455e-23
-1.03222951e-22
-1.236337676e-22
-1.474698037e-22
-1.751580983e-22
-2.076860815e-22
-2.452537707e-22
-2.879624402e-22
-3.36656937e-22
-3.917881939e-22
-4.540846133e-22
-5.237426736e-22
-6.009077018e-22
6.026357975e-24
8.250488137e-24
1.08981441e-23
1.350504995e-23
1.680214061e-23
2.1059215e-23
2.609764543e-23
3.209900958e-23
3.924202489e-23
4.77125608e-23
5.764197531e-23
6.962999297e-23
8.378286433e-23
1.002578775e-22
1.196432599e-22
1.420968586e-22
1.681248979e-22
1.982191992e-22
2.328773027e-22
2.724509369e-22
3.17512718e-22
3.681932698e-22
4.246313808e-22
4.87378614e-22
-9.230799272e-24
-1.232486853e-23
-1.596245744e-23
-2.043899558e-23
-2.59598263e-23
-3.239034048e-23
-4.005914835e-23
-4.921651321e-23
-6.012629223e-23
-7.307536473e-23
-8.864735763e-23
-1.069861992e-22
-1.283728932e-22
-1.537591653e-22
-1.835036498e-22
-2.180660673e-22
-2.5826035e-22
-3.046920997e-22
-3.580026138e-22
-4.188463367e-22
-4.878161705e-22
-5.655497081e-22
-6.525202298e-22
-7.489037e-22
-3.129830408e-24
-4.082375492e-24
-5.262547186e-24
-6.942093618e-24
-8.868273816e-24
-1.104175392e-23
-1.363373395e-23
-1.673327091e-23
-2.04212708e-23
-2.477291091e-23
-3.01141743e-23
-3.642100783e-23
-4.367214019e-23
-5.229816697e-23
-6.240922994e-23
-7.418560817e-23
-8.784558758e-23
-1.036390499e-22
-1.218067516e-22
-1.425425453e-22
-1.660821134e-22
-1.925736103e-22
-2.221729918e-22
-2.549823281e-22
6.90687485e-24
9.216497632e-24
1.190443528e-23
1.488792109e-23
1.865139118e-23
2.338179465e-23
2.896484077e-23
3.560989037e-23
4.35280991e-23
5.298342432e-23
6.415108889e-23
7.731257882e-23
9.288402089e-23
1.112054725e-22
1.326702119e-22
1.576990055e-22
1.868597872e-22
2.205586496e-22
2.591723752e-22
3.033369589e-22
3.533849576e-22
4.098181048e-22
4.730889156e-22
5.432821463e-22
6.432804643e-23
8.533365815e-23
1.105371391e-22
1.407894417e-22
1.772165216e-22
2.209470358e-22
2.73263826e-22
3.357302072e-22
4.101791794e-22
4.98863102e-22
6.041239943e-22
7.285500185e-22
8.754187655e-22
1.048280653e-21
1.250891782e-21
1.487387668e-21
1.762180044e-21
2.079869595e-21
2.445103178e-21
2.86246249e-21
3.336256463e-21
3.870426173e-21
4.468206193e-21
5.131895435e-21
-9.451804946e-23
-1.252999628e-22
-1.62522729e-22
-2.072437087e-22
-2.607697843e-22
-3.24916754e-22
-4.01669098e-22
-4.933951766e-22
-6.027704775e-22
-7.327338581e-22
-8.871643883e-22
-1.070253526e-21
-1.286208958e-21
-1.540269192e-21
-1.838202118e-21
-2.186101966e-21
-2.590578984e-21
-3.058374008e-21
-3.596324358e-21
-4.211371898e-21
-4.909949637e-21
-5.697798322e-21
-6.579677352e-21
-7.55910139e-21
1.656438335e-24
2.07143849e-24
2.513282403e-24
3.144890254e-24
3.953626419e-24
4.942248328e-24
6.175995746e-24
7.5536671e-24
9.203184881e-24
1.129986952e-23
1.365887514e-23
1.638518847e-23
1.969816623e-23
2.361178397e-23
2.816743549e-23
3.348387031e-23
3.964392145e-23
4.679110158e-23
5.504579228e-23
6.447958657e-23
7.51713428e-23
8.725612551e-23
1.008925079e-22
1.159825677e-22
6.045948243e-23
7.985412241e-23
1.031542028e-22
1.312083557e-22
1.649436818e-22
2.053823582e-22
2.538605486e-22
3.117007007e-22
3.806746909e-22
4.628613133e-22
5.602880418e-22
6.757001146e-22
8.12188242e-22
9.728819417e-22
1.161360113e-21
1.381673514e-21
1.638016175e-21
1.93483312e-21
2.276640064e-21
2.667863719e-21
3.112653571e-21
3.614854327e-21
4.177662786e-21
4.803162857e-21
-3.624306601e-23
-4.797952405e-23
-6.219194228e-23
-7.922789487e-23
-9.955523953e-23
-1.238990786e-22
-1.529786759e-22
-1.878247221e-22
-2.293676136e-22
-2.787318919e-22
-3.3746208e-22
-4.070263309e-22
-4.892108563e-22
-5.86071479e-22
-6.998036216e-22
-8.327850801e-22
-9.876482764e-22
-1.167063027e-21
-1.373739223e-21
-1.610483077e-21
-1.879874147e-21
-2.184221184e-21
-2.525436831e-21
-2.904921969e-21
1.378725406e-23
1.805952733e-23
2.313449916e-23
2.929857014e-23
3.677169398e-23
4.578293864e-23
5.654653881e-23
6.941700034e-23
8.481761255e-23
1.030686635e-22
1.24723262e-22
1.505087927e-22
1.809283024e-22
2.167017735e-22
2.587444188e-22
3.079381465e-22
3.652918632e-22
4.317959857e-22
5.084450382e-22
5.963274715e-22
6.964172166e-22
8.096064297e-22
9.366111673e-22
1.077955752e-21
9.784479382e-23
1.288600502e-22
1.661402898e-22
2.1093077e-22
2.647233173e-22
3.292320437e-22
4.064401565e-22
4.987116606e-22
6.088030389e-22
7.398049369e-22
8.95456285e-22
1.080120427e-21
1.298455508e-21
1.555825288e-21
1.858322962e-21
2.212514253e-21
2.625483195e-21
3.104680104e-21
3.657752098e-21
4.292316936e-21
5.015639257e-21
5.834266334e-21
6.753629895e-21
7.777595702e-21
-2.715041128e-23
-3.580933551e-23
-4.624882682e-23
-5.88403812e-23
-7.391213797e-23
-9.190968571e-23
-1.134186505e-22
-1.390980386e-22
-1.697374997e-22
-2.062587157e-22
-2.496670025e-22
-3.011343676e-22
-3.620261235e-22
-4.338645464e-22
-5.183492672e-22
-6.173439694e-22
-7.328596123e-22
-8.670245744e-22
-1.021998973e-21
-1.199988119e-21
-1.403100787e-21
-1.633194943e-21
-1.891855402e-21
-2.180231632e-21
-1.972630233e-22
-2.594065647e-22
-3.341943708e-22
-4.240691372e-22
-5.31848721e-22
-6.610056224e-22
-8.15451262e-22
-9.999681835e-22
-1.220135761e-21
-1.482374732e-21
-1.794108572e-21
-2.163984244e-21
-2.601731646e-21
-3.118356129e-21
-3.726306887e-21
-4.439186434e-21
-5.271740291e-21
-6.239613666e-21
-7.358909778e-21
-8.645856445e-21
-1.011612148e-20
-1.17837681e-20
-1.366066899e-20
-1.575546669e-20
-1.949038455e-23
-2.568339359e-23
-3.314261189e-23
-4.207993653e-23
-5.28148372e-23
-6.567339216e-23
-8.100681552e-23
-9.930306361e-23
-1.211567987e-22
-1.471875748e-22
-1.781107478e-22
-2.148705883e-22
-2.583839805e-22
-3.097039382e-22
-3.701595226e-22
-4.411178463e-22
-5.240742237e-22
-6.206221873e-22
-7.323936903e-22
-8.610665752e-22
-1.008242122e-21
-1.175396045e-21
-1.363806152e-21
-1.574333828e-21
3.135612466e-23
4.105283188e-23
5.272636378e-23
6.674276233e-23
8.35200749e-23
1.036311241e-22
1.277366973e-22
1.565678997e-22
1.909226157e-22
2.31855008e-22
2.805881522e-22
3.383983995e-22
4.068839223e-22
4.878376984e-22
5.832163128e-22
6.95229551e-22
8.2628816e-22
9.789684095e-22
1.155967447e-21
1.360009273e-21
1.593743905e-21
1.859600843e-21
2.159652964e-21
2.495458508e-21
3.290873624e-22
4.311957648e-22
5.539615606e-22
7.013293647e-22
8.779620782e-22
1.089563397e-21
1.342774988e-21
1.645326604e-21
2.006308994e-21
2.436402905e-21
2.948029468e-21
3.555543572e-21
4.275496689e-21
5.126740493e-21
6.13051082e-21
7.31047395e-21
8.692566239e-21
1.03046446e-20
1.217594769e-20
1.433626959e-20
1.681476111e-20
1.963853297e-20
2.283093e-20
2.640946405e-20
-2.310187692e-22
-2.965952764e-22
-3.752997885e-22
-4.697905694e-22
-5.829352429e-22
-7.181813052e-22
-8.797802084e-22
-1.072605929e-21
-1.302357185e-21
-1.575703556e-21
-1.900395755e-21
-2.285310412e-21
-2.740673819e-21
-3.278080016e-21
-3.910390802e-21
-4.651820846e-21
-5.517734475e-21
-6.524311205e-21
-7.688160251e-21
-9.025677825e-21
-1.05522877e-20
-1.228134956e-20
-1.422306676e-20
6.833272405e-23
8.762215453e-23
1.107541505e-22
1.384447006e-22
1.715965164e-22
2.113062293e-22
2.587584696e-22
3.153664959e-22
3.82846546e-22
4.631330896e-22
5.585231772e-22
6.716809193e-22
8.056342244e-22
9.6382074e-22
1.150121391e-21
1.368833014e-21
1.624573519e-21
1.922289758e-21
2.267130005e-21
2.664148467e-21
3.118147865e-21
3.633393247e-21
4.213222207e-21
9.805481994e-23
1.256590637e-22
1.587414617e-22
1.983844902e-22
2.458654926e-22
3.026724536e-22
3.705485629e-22
4.515366905e-22
5.480433845e-22
6.628994831e-22
7.99407253e-22
9.613989027e-22
1.15327639e-21
1.380055966e-21
1.647400209e-21
1.961607636e-21
2.329530232e-21
2.758535735e-21
3.256301695e-21
3.830519312e-21
4.488547165e-21
5.236972525e-21
6.08113026e-21
-4.335530223e-23
-5.556627032e-23
-7.030012996e-23
-8.794680495e-23
-1.09014611e-22
-1.34216477e-22
-1.642989678e-22
-2.001843685e-22
-2.429694754e-22
-2.938960304e-22
-3.544343668e-22
-4.262920936e-22
-5.114437504e-22
-6.121633402e-22
-7.310141365e-22
-8.708606313e-22
-1.03488276e-21
-1.226462956e-21
-1.44914095e-21
-1.706522541e-21
-2.002151328e-21
-2.33928431e-21
-2.720456195e-21
-6.744853535e-23
-8.640495894e-23
-1.091718037e-22
-1.364478943e-22
-1.690724985e-22
-2.080827711e-22
-2.546395745e-22
-3.101704456e-22
-3.763891923e-22
-4.552172525e-22
-5.489498945e-22
-6.602559207e-22
-7.922269653e-22
-9.484511325e-22
-1.132982129e-21
-1.350380158e-21
-1.605712287e-21
-1.904458083e-21
-2.252388761e-21
-2.65545413e-21
-3.119538365e-21
-3.650070227e-21
-4.251567788e-21
1.558275441e-22
1.993440297e-22
2.515270633e-22
3.140359302e-22
3.888509741e-22
4.782847321e-22
5.850856579e-22
7.125111034e-22
8.643530932e-22
1.045114019e-21
1.26009714e-21
1.515528706e-21
1.81865321e-21
2.177741928e-21
2.602321149e-21
3.103166985e-21
3.692221761e-21
4.38257765e-21
5.188293244e-21
6.123909732e-21
7.203894299e-21
8.441917926e-21
9.849802238e-21
-2.040914195e-22
-2.610941008e-22
-3.294192821e-22
-4.112852654e-22
-5.092205509e-22
-6.262645079e-22
-7.659967166e-22
-9.32651945e-22
-1.131254464e-21
-1.367747603e-21
-1.649110708e-21
-1.983487564e-21
-2.380423648e-21
-2.851025831e-21
-3.408016666e-21
-4.065826079e-21
-4.84070649e-21
-5.750596286e-21
-6.814725279e-21
-8.053340793e-21
-9.486997189e-21
-1.113539359e-20
-1.301594105e-20
-3.226773314e-22
-4.125872167e-22
-5.203657517e-22
-6.494458089e-22
-8.038439163e-22
-9.883338696e-22
-1.208552689e-21
-1.471183735e-21
-1.784136111e-21
-2.156800064e-21
-2.600239065e-21
-3.12744828e-21
-3.753639357e-21
-4.49657205e-21
-5.376780164e-21
-6.417611683e-21
-7.645535516e-21
-9.090024069e-21
-1.078307788e-20
-1.27587076e-20
-1.505192724e-20
-1.769698983e-20
-2.072503978e-20
1.147655068e-22
1.466192268e-22
1.84804721e-22
2.305082018e-22
2.851840438e-22
3.50497804e-22
4.284509753e-22
5.214086264e-22
6.321810396e-22
7.640744938e-22
9.210329099e-22
1.10771912e-21
1.329601839e-21
1.593042184e-21
1.905422733e-21
2.275327419e-21
2.712402527e-21
3.227443958e-21
3.83245971e-21
4.540308473e-21
5.36438422e-21
6.318060503e-21
7.413875302e-21
1.873434267e-22
2.392942142e-22
3.015571789e-22
3.760910763e-22
4.652249215e-22
5.716731507e-22
6.986929366e-22
8.501367782e-22
1.030575853e-21
1.245447606e-21
1.501193057e-21
1.805455773e-21
2.167227935e-21
2.597049328e-21
3.107234981e-21
3.71206119e-21
4.427810737e-21
5.272876276e-21
6.26777864e-21
7.434859345e-21
8.797746827e-21
1.0380513e-20
1.220630668e-20
8.380904367e-23
1.069906837e-22
1.347679043e-22
1.680185654e-22
2.077789547e-22
2.55250506e-22
3.118835945e-22
3.793956331e-22
4.598271343e-22
5.55603343e-22
6.696119496e-22
8.052864206e-22
9.666842427e-22
1.158570107e-21
1.386535146e-21
1.657131362e-21
1.977830101e-21
2.357163034e-21
2.804771334e-21
3.33126862e-21
3.948043808e-21
4.666926971e-21
5.499621501e-21
2.027162965e-22
2.588223265e-22
3.260416578e-22
4.064902846e-22
5.026531063e-22
6.174495697e-22
7.54364995e-22
9.175471503e-22
1.111935554e-21
1.343393687e-21
1.618953787e-21
1.946960273e-21
2.337271527e-21
2.801615966e-21
3.353773001e-21
4.00988124e-21
4.788626999e-21
5.711506948e-21
6.802972807e-21
8.090274617e-21
9.603179553e-21
1.137321731e-20
1.343232144e-20
-3.23566523e-23
-4.137216028e-23
-5.219263524e-23
-6.512373258e-23
-8.055371229e-23
-9.897662075e-23
-1.209481355e-22
-1.471267548e-22
-1.783069582e-22
-2.15437326e-22
-2.596344563e-22
-3.122537221e-22
-3.749038071e-22
-4.494674734e-22
-5.381878719e-22
-6.437190372e-22
-7.691670765e-22
-9.181102986e-22
-1.094654356e-21
-1.303443071e-21
-1.549619965e-21
-1.838753231e-21
-2.176622824e-21
-3.504078189e-22
-4.474688405e-22
-5.637580756e-22
-7.028536048e-22
-8.690192483e-22
-1.067295193e-21
-1.303657152e-21
-1.585251394e-21
-1.920594926e-21
-2.319886372e-21
-2.79529571e-21
-3.361360082e-21
-4.035472104e-21
-4.838346877e-21
-5.794571729e-21
-6.933253619e-21
-8.288648436e-21
-9.900733203e-21
-1.181582165e-20
-1.408685847e-20
-1.677344915e-20
-1.994120576e-20
-2.365997335e-20
-1.03809586e-22
-1.326025977e-22
-1.670995781e-22
-2.083528226e-22
-2.576234536e-22
-3.163956194e-22
-3.864443469e-22
-4.698805863e-22
-5.692162727e-22
-6.874885515e-22
-8.28323599e-22
-9.960381122e-22
-1.19580225e-21
-1.433851215e-21
-1.717585202e-21
-2.055801981e-21
-2.458924961e-21
-2.93921347e-21
-3.511014139e-21
-4.190920349e-21
-4.997873461e-21
-5.953121184e-21
-7.07984448e-21
2.185551816e-22
2.79034152e-22
3.514630056e-22
4.380774934e-22
5.415024653e-22
6.648568575e-22
8.118463502e-22
9.868986431e-22
1.195297673e-21
1.443388854e-21
1.738784508e-21
2.090613397e-21
2.509869594e-21
3.009685938e-21
3.60581807e-21
4.317104454e-21
5.165983424e-21
6.179080517e-21
7.387761749e-21
8.82873014e-21
1.05445203e-20
1.258368003e-20
1.500039273e-20
-2.219525016e-22
-2.835070555e-22
-3.572309506e-22
-4.453752046e-22
-5.50610053e-22
-6.76084162e-22
-8.255544578e-22
-1.003509756e-21
-1.215346757e-21
-1.467513566e-21
-1.767739439e-21
-2.125364637e-21
-2.55160057e-21
-3.059958513e-21
-3.666674875e-21
-4.391251571e-21
-5.257038928e-21
-6.291919029e-21
-7.529101108e-21
-9.007838438e-21
-1.077421436e-20
-1.288173202e-20
-1.539146797e-20
-8.399503886e-23
-1.07335428e-22
-1.352947972e-22
-1.687152278e-22
-2.086171018e-22
-2.561848249e-22
-3.128119357e-22
-3.802111604e-22
-4.604526284e-22
-5.559677717e-22
-6.696643306e-22
-8.051065355e-22
-9.665720518e-22
-1.159218944e-21
-1.389271716e-21
-1.664247335e-21
-1.993194226e-21
-2.38696636e-21
-2.858622101e-21
-3.423769902e-21
-4.100944729e-21
-4.912008973e-21
-5.882469516e-21
3.074775511e-22
3.928132216e-22
4.9497169e-22
6.170846303e-22
7.627958493e-22
9.36451094e-22
1.143263601e-21
1.389408948e-21
1.682276093e-21
2.030815781e-21
2.445806814e-21
2.940202884e-21
3.529694924e-21
4.233275287e-21
5.073936329e-21
6.079526858e-21
7.283754297e-21
8.72741914e-21
1.045984342e-20
1.254051901e-20
1.504102778e-20
1.804718373e-20
2.166103356e-20
-8.970050822e-23
-1.146884133e-22
-1.446140489e-22
-1.803681362e-22
-2.230354378e-22
-2.738851361e-22
-3.34391181e-22
-4.06380856e-22
-4.920611709e-22
-5.940146978e-22
-7.153836304e-22
-8.599771451e-22
-1.032411951e-21
-1.238283398e-21
-1.484379809e-21
-1.778958278e-21
-2.132075714e-21
-2.555977833e-21
-3.065535375e-21
-3.678877991e-21
-4.418091373e-21
-5.309994253e-21
-6.387050963e-21
8.867044882e-23
1.133115896e-22
1.428131716e-22
1.780664571e-22
2.201055343e-22
2.701743051e-22
3.298032621e-22
4.007604322e-22
4.851387641e-22
5.855293901e-22
7.050516982e-22
8.474713553e-22
1.017327626e-21
1.22016887e-21
1.462768322e-21
1.753365388e-21
2.102030076e-21
2.521072877e-21
3.025624851e-21
3.634236737e-21
4.369683855e-21
5.260062707e-21
6.339993753e-21
5.70265026e-23
7.288543464e-23
9.188123131e-23
1.145644196e-22
1.416048822e-22
1.738108501e-22
2.121587951e-22
2.577848177e-22
3.120332554e-22
3.765661592e-22
4.533957141e-22
5.449502049e-22
6.541506818e-22
7.845919746e-22
9.406608269e-22
1.127724166e-21
1.352352265e-21
1.622622032e-21
1.948530448e-21
2.342421397e-21
2.819593116e-21
3.399130496e-21
4.104949224e-21
9.362437745e-24
1.193385908e-23
1.50177386e-23
1.86925981e-23
2.306627556e-23
2.827445371e-23
3.448374331e-23
4.187685912e-23
5.066011938e-23
6.11026989e-23
7.354223181e-23
8.837011526e-23
1.060510228e-22
1.271781595e-22
1.524709978e-22
1.82806735e-22
2.192618349e-22
2.631666815e-22
3.161809901e-22
3.803800056e-22
4.583315872e-22
5.532741368e-22
6.693518216e-22
2.638488421e-23
3.37340962e-23
4.253110914e-23
5.303089323e-23
6.55405003e-23
8.043781517e-23
9.816656368e-23
1.192576784e-22
1.443334245e-22
1.741533241e-22
2.096582348e-22
2.519650311e-22
3.024278287e-22
3.627364758e-22
4.349470987e-22
5.21582419e-22
6.257646331e-22
7.51367202e-22
9.032100573e-22
1.087355688e-21
1.311431718e-21
1.585117151e-21
1.920892031e-21
-1.358589335e-24
-1.777892818e-24
-2.286941694e-24
-2.89924174e-24
-3.630394817e-24
-4.500536782e-24
-5.536589041e-24
-6.755208464e-24
-8.203872948e-24
-9.935122012e-24
-1.198764489e-23
-1.443063379e-23
-1.735739609e-23
-2.084906669e-23
-2.501814919e-23
-3.002610692e-23
-3.604945272e-23
-4.331377564e-23
-5.210883086e-23
-6.278240663e-23
-7.579173384e-23
-9.173050841e-23
-1.113519193e-22
-8.112255864e-23
-1.039925711e-22
-1.313711044e-22
-1.640635839e-22
-2.030228378e-22
-2.493987767e-22
-3.045677558e-22
-3.701340429e-22
-4.480752321e-22
-5.40784217e-22
-6.511138112e-22
-7.825669276e-22
-9.394304276e-22
-1.126926763e-21
-1.351501486e-21
-1.621150704e-21
-1.945769496e-21
-2.337719984e-21
-2.812551033e-21
-3.389922493e-21
-4.094952302e-21
-4.960103013e-21
-6.027942841e-21
-2.745258192e-24
-3.55109028e-24
-4.539246188e-24
-5.715034994e-24
-7.106474343e-24
-8.767977985e-24
-1.075499919e-23
-1.309438906e-23
-1.587197774e-23
-1.918798675e-23
-2.312652607e-23
-2.781872437e-23
-3.342701698e-23
-4.012475771e-23
-4.813826706e-23
-5.776877498e-23
-6.936529675e-23
-8.336974739e-23
-1.003449827e-22
-1.210173618e-22
-1.462976537e-22
-1.773645443e-22
-2.158164051e-22
3.903096074e-24
4.975271515e-24
6.235481157e-24
7.746013361e-24
9.556315384e-24
1.170338874e-23
1.42425867e-23
1.72821759e-23
2.090070436e-23
2.519335073e-23
3.030887105e-23
3.639928079e-23
4.366294567e-23
5.235491975e-23
6.277353251e-23
7.52870584e-23
9.036508833e-23
1.085971228e-22
1.307265181e-22
1.576770486e-22
1.906701191e-22
2.313048648e-22
2.816751577e-22
-1.91614894e-23
-2.463404127e-23
-3.119928482e-23
-3.903375948e-23
-4.834971492e-23
-5.943962805e-23
-7.264135604e-23
-8.831277993e-23
-1.069319554e-22
-1.290719074e-22
-1.55407116e-22
-1.867910561e-22
-2.242434746e-22
-2.690089216e-22
-3.226540717e-22
-3.871123641e-22
-4.64792715e-22
-5.587193033e-22
-6.727214539e-22
-8.117329806e-22
-9.820935005e-22
-1.192111986e-21
-1.452940358e-21
2.581653493e-23
3.314476369e-23
4.187613189e-23
5.229641162e-23
6.472820256e-23
7.950373938e-23
9.705134313e-23
1.179109549e-22
1.426910159e-22
1.721448728e-22
2.071887225e-22
2.489155096e-22
2.986879031e-22
3.582002473e-22
4.295037461e-22
5.151600018e-22
6.183838444e-22
7.43222406e-22
8.948183356e-22
1.07969495e-21
1.30635814e-21
1.586029261e-21
1.933715932e-21
-4.958622936e-24
-6.412542683e-24
-8.175680897e-24
-1.027166938e-23
-1.274327074e-23
-1.569355429e-23
-1.920453329e-23
-2.336516574e-23
-2.830834037e-23
-3.41749898e-23
-4.114222534e-23
-4.944031221e-23
-5.93459927e-23
-7.116517648e-23
-8.531590452e-23
-1.023167593e-22
-1.227972568e-22
-1.475485609e-22
-1.775774218e-22
-2.142181191e-22
-2.591516387e-22
-3.145893421e-22
-3.835513244e-22
)
;
    }
    back_middle
    {
        type            wedge;
        value           nonuniform 0();
    }
    back_bottom
    {
        type            wedge;
        value           nonuniform 0();
    }
    axis_top
    {
        type            symmetryPlane;
        value           nonuniform 0();
    }
    axis_middle
    {
        type            symmetryPlane;
        value           nonuniform 0();
    }
    axis_bottom
    {
        type            symmetryPlane;
        value           nonuniform 0();
    }
    wall_top
    {
        type            calculated;
        value           uniform 0;
    }
    wall_middle
    {
        type            calculated;
        value           nonuniform 0();
    }
    wall_bottom
    {
        type            calculated;
        value           nonuniform 0();
    }
    inlet
    {
        type            calculated;
        value           nonuniform 0();
    }
    outlet
    {
        type            calculated;
        value           nonuniform 0();
    }
    procBoundary6to5
    {
        type            processor;
        value           nonuniform List<scalar> 
51
(
4.847656995e-11
1.418292066e-10
1.990192621e-12
2.323399788e-10
3.162469929e-10
3.95218378e-10
4.69432895e-10
5.390616193e-10
6.042697398e-10
6.652166425e-10
7.220562948e-10
7.749379655e-10
8.240065507e-10
8.694032288e-10
9.112662761e-10
9.497309942e-10
9.849305793e-10
1.016996274e-09
1.046057433e-09
1.072242169e-09
1.095676891e-09
1.116487078e-09
1.134796687e-09
1.150728807e-09
1.164405149e-09
1.175946552e-09
1.185472548e-09
1.19310181e-09
1.198951781e-09
1.203139064e-09
1.205779067e-09
1.206986332e-09
1.206874206e-09
1.205554862e-09
1.203139041e-09
1.199735741e-09
1.195451779e-09
1.190391283e-09
1.184654913e-09
1.178339295e-09
1.171536061e-09
1.164331436e-09
1.15680532e-09
1.149031187e-09
1.141075555e-09
1.132998189e-09
1.124851953e-09
1.116683448e-09
1.108533197e-09
1.100435712e-09
1.09241823e-09
)
;
    }
    procBoundary6to7
    {
        type            processor;
        value           nonuniform List<scalar> 
51
(
-4.558429534e-11
-1.333872055e-10
-2.162993775e-10
-2.945253531e-10
-3.682625417e-10
-4.37701353e-10
-5.030253209e-10
-5.644112871e-10
-6.220296065e-10
-6.76044377e-10
-7.266136387e-10
-7.738893636e-10
-8.180179218e-10
-8.591402111e-10
-8.973914621e-10
-9.329020998e-10
-9.657972268e-10
-9.961971983e-10
-1.024217831e-09
-1.392709422e-12
-1.050058146e-09
-1.073643258e-09
-1.095168527e-09
-1.114732503e-09
-1.132429758e-09
-1.148351178e-09
-1.162583875e-09
-1.175211579e-09
-1.186314459e-09
-1.195969517e-09
-1.204250484e-09
-1.211228102e-09
-1.21697012e-09
-1.221541427e-09
-1.225004242e-09
-1.22741797e-09
-1.228839679e-09
-1.229323701e-09
-1.228922329e-09
-1.227685178e-09
-1.225660102e-09
-1.222892341e-09
-1.219425643e-09
-1.215301199e-09
-1.210558947e-09
-1.205236372e-09
-1.199369847e-09
-1.192993486e-09
-1.186140371e-09
-1.178841539e-09
-1.171126897e-09
)
;
    }
}


// ************************************************************************* //
