/*--------------------------------*- C++ -*----------------------------------*\
  =========                 |
  \\      /  F ield         | OpenFOAM: The Open Source CFD Toolbox
   \\    /   O peration     | Website:  https://openfoam.org
    \\  /    A nd           | Version:  7
     \\/     M anipulation  |
\*---------------------------------------------------------------------------*/
FoamFile
{
    version     2.0;
    format      ascii;
    class       surfaceScalarField;
    location    "0.0015";
    object      phi;
}
// * * * * * * * * * * * * * * * * * * * * * * * * * * * * * * * * * * * * * //

dimensions      [1 0 -1 0 0 0 0];

internalField   nonuniform List<scalar> 
2259
(
-5.076878442e-13
4.898425774e-11
1.433117112e-10
-5.795965016e-13
4.956385424e-11
-2.272216766e-12
1.450043315e-10
-5.009286101e-12
2.350770478e-10
-8.718937031e-12
3.199566435e-10
-1.332831341e-11
3.998277539e-10
-1.876350849e-11
4.748680895e-10
-2.494956043e-11
5.452476706e-10
-3.181053947e-11
6.111307182e-10
-3.926968764e-11
6.7267579e-10
-4.72495253e-11
7.300361317e-10
-5.567181883e-11
7.833602582e-10
-6.445763154e-11
8.327923627e-10
-7.352764644e-11
8.78473243e-10
-8.280200034e-11
9.205406293e-10
-9.220053971e-11
9.591295329e-10
-1.016430455e-10
9.943730845e-10
-1.110490167e-10
1.026402245e-09
-1.203383115e-10
1.055346727e-09
-1.294306773e-10
1.081334535e-09
-1.382464959e-10
1.104492709e-09
-1.467063241e-10
1.124946905e-09
-1.547316129e-10
1.142821975e-09
-1.622443293e-10
1.158241523e-09
-1.691676771e-10
1.171328497e-09
-1.754258338e-10
1.182204709e-09
-1.809447247e-10
1.190991439e-09
-1.856519875e-10
1.197809073e-09
-1.894778123e-10
1.202777606e-09
-1.923552094e-10
1.206016461e-09
-1.942210115e-10
1.207644869e-09
-1.950165539e-10
1.207781875e-09
-1.946888413e-10
1.206546494e-09
-1.931916597e-10
1.204057681e-09
-1.904869264e-10
1.200434308e-09
-1.86546074e-10
1.195794889e-09
-1.813516274e-10
1.190257333e-09
-1.748983987e-10
1.183938055e-09
-1.671950404e-10
1.176951555e-09
-1.582646889e-10
1.169408944e-09
-1.48146072e-10
1.161417444e-09
-1.368932161e-10
1.15307858e-09
-1.245755339e-10
1.144487639e-09
-1.112765851e-10
1.135732239e-09
-9.709306014e-11
1.126892031e-09
-8.213275138e-11
1.118037881e-09
-6.65129878e-11
1.10923219e-09
-5.035829227e-11
1.100528754e-09
-3.379890698e-11
1.091973812e-09
-1.696799965e-11
1.083604806e-09
1.075450231e-09
-6.581153652e-13
5.022196961e-11
-2.580172982e-12
1.469263891e-10
-5.688428782e-12
2.381853036e-10
-9.90165737e-12
3.241698721e-10
-1.513772054e-11
4.05063817e-10
-2.131351387e-11
4.810438828e-10
-2.834497076e-11
5.522791275e-10
-3.614729616e-11
6.189330436e-10
-4.463510822e-11
6.81163602e-10
-5.372252451e-11
7.39123548e-10
-6.332307296e-11
7.929608067e-10
-7.335000025e-11
8.4281929e-10
-8.371630163e-11
8.888395443e-10
-9.433459073e-11
9.311589184e-10
-1.05117572e-10
9.699125141e-10
-1.159776998e-10
1.005233212e-09
-1.268275605e-10
1.037252106e-09
-1.37579713e-10
1.06609888e-09
-1.48146839e-10
1.091901661e-09
-1.584417252e-10
1.114787595e-09
-1.683772685e-10
1.134882449e-09
-1.778665062e-10
1.152311213e-09
-1.868226259e-10
1.167197643e-09
-1.951589146e-10
1.179664786e-09
-2.027889689e-10
1.189834763e-09
-2.096266256e-10
1.197829096e-09
-2.155863347e-10
1.203768782e-09
-2.205832703e-10
1.207774542e-09
-2.245338897e-10
1.20996708e-09
-2.273565014e-10
1.210467481e-09
-2.289721058e-10
1.209397479e-09
-2.29305445e-10
1.206879833e-09
-2.282864526e-10
1.203038688e-09
-2.258517139e-10
1.19799957e-09
-2.219468274e-10
1.191890003e-09
-2.165281464e-10
1.184838652e-09
-2.095656205e-10
1.176975529e-09
-2.010450548e-10
1.168430989e-09
-1.909705822e-10
1.159334472e-09
-1.793669691e-10
1.149813831e-09
-1.66280895e-10
1.139992506e-09
-1.517821848e-10
1.129988929e-09
-1.35963418e-10
1.119913472e-09
-1.189391261e-10
1.109867739e-09
-1.00843521e-10
1.099942276e-09
-8.182784591e-11
1.090216515e-09
-6.205717161e-11
1.080758079e-09
-4.170706921e-11
1.07162371e-09
-2.095970013e-11
1.062857437e-09
1.054490531e-09
-7.431393723e-13
5.096510898e-11
-2.913641186e-12
1.490968909e-10
-6.423774532e-12
2.416954369e-10
-1.118213555e-11
3.289282331e-10
-1.709650964e-11
4.109781911e-10
-2.407378253e-11
4.880211557e-10
-3.202009101e-11
5.60225436e-10
-4.084113861e-11
6.277540912e-10
-5.044235433e-11
6.907648178e-10
-6.072889576e-11
7.494100894e-10
-7.160582931e-11
8.038377402e-10
-8.297834918e-11
8.541918099e-10
-9.475157842e-11
9.006127736e-10
-1.068308778e-10
9.432382178e-10
-1.191218264e-10
9.822034627e-10
-1.315300942e-10
1.01764148e-09
-1.439617747e-10
1.049683786e-09
-1.563228978e-10
1.078460003e-09
-1.685198865e-10
1.104098649e-09
-1.804589347e-10
1.126726643e-09
-1.92046376e-10
1.14646989e-09
-2.03188082e-10
1.163452919e-09
-2.137896405e-10
1.177799202e-09
-2.237558633e-10
1.189631009e-09
-2.329907816e-10
1.199069681e-09
-2.413974332e-10
1.206235747e-09
-2.488776642e-10
1.211249013e-09
-2.553321002e-10
1.214228978e-09
-2.606602916e-10
1.215295272e-09
-2.647608564e-10
1.214568045e-09
-2.675320393e-10
1.212168662e-09
-2.68872612e-10
1.208220406e-09
-2.686827497e-10
1.202848826e-09
-2.668661933e-10
1.196183013e-09
-2.633321303e-10
1.18835594e-09
-2.579980823e-10
1.179504604e-09
-2.507935743e-10
1.169771021e-09
-2.416639074e-10
1.159301322e-09
-2.305748481e-10
1.148245412e-09
-2.175171328e-10
1.136756116e-09
-2.025111658e-10
1.124986539e-09
-1.856105765e-10
1.113088339e-09
-1.669052669e-10
1.101208162e-09
-1.465217723e-10
1.089484244e-09
-1.246223318e-10
1.078042836e-09
-1.014012015e-10
1.066995385e-09
-7.707993311e-11
1.056436811e-09
-5.190090114e-11
1.046444678e-09
-2.612007329e-11
1.037076609e-09
1.028370458e-09
-8.344305239e-13
5.17995395e-11
-3.271679646e-12
1.5153414e-10
-7.21320437e-12
2.456369617e-10
-1.255658282e-11
3.342716115e-10
-1.919867193e-11
4.176202802e-10
-2.703554439e-11
4.958580282e-10
-3.596279616e-11
5.691526877e-10
-4.587591467e-11
6.376672096e-10
-5.667046189e-11
7.01559365e-10
-6.824218387e-11
7.609818114e-10
-8.04873666e-11
8.160829229e-10
-9.330278336e-11
8.670072267e-10
-1.065857217e-10
9.138957119e-10
-1.202343478e-10
9.568868438e-10
-1.341473036e-10
9.961164185e-10
-1.482241126e-10
1.031718289e-09
-1.623647768e-10
1.063824451e-09
-1.764699814e-10
1.092565207e-09
-1.90440644e-10
1.118069312e-09
-2.041780063e-10
1.140464006e-09
-2.175830845e-10
1.159874968e-09
-2.305566009e-10
1.176426435e-09
-2.429983492e-10
1.19024095e-09
-2.548069441e-10
1.201439603e-09
-2.658792203e-10
1.210141957e-09
-2.7610976e-10
1.216466287e-09
-2.853902462e-10
1.2205295e-09
-2.936091089e-10
1.22244784e-09
-3.006508173e-10
1.22233698e-09
-3.063955768e-10
1.220312805e-09
-3.10719333e-10
1.216492418e-09
-3.134934714e-10
1.210994544e-09
-3.145855426e-10
1.203940897e-09
-3.138603192e-10
1.19545779e-09
-3.111813768e-10
1.185676997e-09
-3.064140388e-10
1.174737266e-09
-2.994289904e-10
1.162785972e-09
-2.901076625e-10
1.149979994e-09
-2.783487495e-10
1.136486499e-09
-2.640760166e-10
1.122483383e-09
-2.472476225e-10
1.108158145e-09
-2.278655849e-10
1.093706302e-09
-2.059849677e-10
1.079327545e-09
-1.817208593e-10
1.065220136e-09
-1.552522995e-10
1.051574276e-09
-1.268208229e-10
1.038563908e-09
-9.67242078e-11
1.026340196e-09
-6.530493984e-11
1.01502541e-09
-3.293459895e-11
1.004706268e-09
9.95435859e-10
-9.316104595e-13
5.273114996e-11
-3.652790692e-12
1.542553203e-10
-8.053370956e-12
2.500375419e-10
-1.401903874e-11
3.402372793e-10
-2.143486944e-11
4.25036111e-10
-3.018528365e-11
5.046084424e-10
-4.015448048e-11
5.791218846e-10
-5.122694853e-11
6.487396777e-10
-6.32876716e-11
7.136200881e-10
-7.622251322e-11
7.73916653e-10
-8.991846183e-11
8.297788715e-10
-1.042635292e-10
8.813522941e-10
-1.191471947e-10
9.287793774e-10
-1.344602288e-10
9.721998779e-10
-1.500948063e-10
1.011750996e-09
-1.659445225e-10
1.047568006e-09
-1.819041695e-10
1.079784098e-09
-1.978697708e-10
1.108530808e-09
-2.137381767e-10
1.133937718e-09
-2.294068826e-10
1.156132712e-09
-2.447736383e-10
1.175241724e-09
-2.597359131e-10
1.19138871e-09
-2.741903995e-10
1.204695437e-09
-2.880323255e-10
1.215281529e-09
-3.011546839e-10
1.223264316e-09
-3.134472513e-10
1.228758855e-09
-3.247958469e-10
1.231878095e-09
-3.350809628e-10
1.232732956e-09
-3.441766526e-10
1.23143267e-09
-3.519495495e-10
1.228085702e-09
-3.582573666e-10
1.222800235e-09
-3.629478306e-10
1.215685008e-09
-3.658578591e-10
1.206850926e-09
-3.668128448e-10
1.196412776e-09
-3.656269623e-10
1.184491115e-09
-3.621041863e-10
1.17121449e-09
-3.560406786e-10
1.156722465e-09
-3.472293813e-10
1.141168697e-09
-3.354670199e-10
1.124724138e-09
-3.205641199e-10
1.107580483e-09
-3.023590571e-10
1.089953082e-09
-2.80735623e-10
1.072082868e-09
-2.556434603e-10
1.054235382e-09
-2.271200589e-10
1.036696735e-09
-1.953099891e-10
1.019764206e-09
-1.604775889e-10
1.003731508e-09
-1.23008147e-10
9.888707539e-10
-8.339143072e-11
9.754086938e-10
-4.21880544e-11
9.635028916e-10
9.532478046e-10
-1.03416308e-12
5.376531304e-11
-4.054934091e-12
1.572760913e-10
-8.939758022e-12
2.549223659e-10
-1.556152866e-11
3.468590499e-10
-2.379267166e-11
4.33267254e-10
-3.350501137e-11
5.143207821e-10
-4.457046337e-11
5.901873366e-10
-5.686160928e-11
6.610308236e-10
-7.025218064e-11
7.270106595e-10
-8.461750478e-11
7.882819771e-10
-9.98345883e-11
8.44995955e-10
-1.157824314e-10
8.973001371e-10
-1.323423288e-10
9.453392748e-10
-1.493975969e-10
9.89255146e-10
-1.668340911e-10
1.02918749e-09
-1.845396757e-10
1.06527359e-09
-2.024045782e-10
1.097649e-09
-2.203208272e-10
1.126447057e-09
-2.381823244e-10
1.151799215e-09
-2.558842175e-10
1.173834605e-09
-2.733226271e-10
1.192680133e-09
-2.903940204e-10
1.208460103e-09
-3.069945712e-10
1.221295987e-09
-3.230192918e-10
1.23130625e-09
-3.383610649e-10
1.238606089e-09
-3.52909608e-10
1.243307398e-09
-3.665499335e-10
1.245518421e-09
-3.791608702e-10
1.245343893e-09
-3.906133494e-10
1.242885149e-09
-4.007683064e-10
1.238240659e-09
-4.094741991e-10
1.231506128e-09
-4.165646007e-10
1.22277541e-09
-4.21855366e-10
1.212141691e-09
-4.251416225e-10
1.199699032e-09
-4.261950297e-10
1.185544522e-09
-4.247613459e-10
1.169780806e-09
-4.205588388e-10
1.152519958e-09
-4.132783735e-10
1.133888231e-09
-4.025865131e-10
1.114032278e-09
-3.881327836e-10
1.093126753e-09
-3.695633352e-10
1.071383634e-09
-3.46542928e-10
1.04906246e-09
-3.187875005e-10
1.026479955e-09
-2.861078324e-10
1.004017067e-09
-2.484628511e-10
9.82119225e-10
-2.060170684e-10
9.612857249e-10
-1.591857146e-10
9.420394001e-10
-1.086393778e-10
9.24862357e-10
-5.52488645e-11
9.101123783e-10
8.979989401e-10
-1.141426024e-12
5.490673907e-11
-4.475549e-12
1.606102142e-10
-9.866792209e-12
2.603136091e-10
-1.717427505e-11
3.541665328e-10
-2.625685141e-11
4.423498303e-10
-3.697279615e-11
5.250367268e-10
-4.918074248e-11
6.023952829e-10
-6.274050118e-11
6.745905822e-10
-7.751373262e-11
7.41783891e-10
-9.33643412e-11
8.041325857e-10
-1.101587158e-10
8.617903297e-10
-1.277663514e-10
9.149077728e-10
-1.460597128e-10
9.636326361e-10
-1.649146336e-10
1.008110067e-09
-1.842102005e-10
1.048483057e-09
-2.03828882e-10
1.084892272e-09
-2.236562547e-10
1.117476373e-09
-2.435810555e-10
1.146371858e-09
-2.634947033e-10
1.171712862e-09
-2.832910576e-10
1.193630959e-09
-3.028658888e-10
1.212254965e-09
-3.221163432e-10
1.227710557e-09
-3.409401627e-10
1.240119807e-09
-3.59234922e-10
1.249601009e-09
-3.76896934e-10
1.256268101e-09
-3.938199045e-10
1.260230368e-09
-4.098935014e-10
1.261592018e-09
-4.250016192e-10
1.260452011e-09
-4.390201661e-10
1.256903696e-09
-4.518143342e-10
1.251034827e-09
-4.632355804e-10
1.242927374e-09
-4.731178695e-10
1.232657699e-09
-4.812730847e-10
1.220296907e-09
-4.874857518e-10
1.205911699e-09
-4.915066569e-10
1.189565427e-09
-4.930457957e-10
1.171319945e-09
-4.917644459e-10
1.151238608e-09
-4.872668834e-10
1.129390668e-09
-4.790929748e-10
1.105858369e-09
-4.667128927e-10
1.080746671e-09
-4.495272244e-10
1.054197966e-09
-4.268771073e-10
1.026412343e-09
-3.980718969e-10
9.976747441e-10
-3.624438662e-10
9.683890359e-10
-3.194407433e-10
9.391161022e-10
-2.687609393e-10
9.106059208e-10
-2.105164266e-10
8.837948874e-10
-1.453738441e-10
8.597197745e-10
-7.461156636e-11
8.393501006e-10
8.233873737e-10
-1.252655699e-12
5.615939477e-11
-4.911720194e-12
1.642692787e-10
-1.082816951e-11
2.662300584e-10
-1.884620049e-11
3.621845638e-10
-2.881016873e-11
4.523137986e-10
-4.056381481e-11
5.367903729e-10
-5.395147639e-11
6.157829445e-10
-6.88192572e-11
6.89458363e-10
-8.50157231e-11
7.579803569e-10
-1.023923412e-10
8.215092039e-10
-1.208041964e-10
8.802021848e-10
-1.401103055e-10
9.342138819e-10
-1.601737714e-10
9.83696102e-10
-1.808622366e-10
1.028798532e-09
-2.020476708e-10
1.069668491e-09
-2.236066753e-10
1.106451276e-09
-2.454201523e-10
1.13928985e-09
-2.673732756e-10
1.168324981e-09
-2.893552221e-10
1.193694809e-09
-3.112587669e-10
1.215534504e-09
-3.329798772e-10
1.233976075e-09
-3.544170396e-10
1.24914772e-09
-3.754708246e-10
1.261173592e-09
-3.960428145e-10
1.270172999e-09
-4.160346538e-10
1.27625994e-09
-4.353469184e-10
1.279542633e-09
-4.538777002e-10
1.2801228e-09
-4.715207944e-10
1.278095105e-09
-4.881635522e-10
1.273546453e-09
-5.036841933e-10
1.266555468e-09
-5.179486135e-10
1.257191794e-09
-5.30806132e-10
1.245515217e-09
-5.420842181e-10
1.231574993e-09
-5.515819353e-10
1.215409417e-09
-5.590612639e-10
1.197044755e-09
-5.642361871e-10
1.176494868e-09
-5.66758971e-10
1.153761392e-09
-5.662025762e-10
1.128834273e-09
-5.620391909e-10
1.101694984e-09
-5.536145001e-10
1.07232198e-09
-5.401192519e-10
1.040702717e-09
-5.205613596e-10
1.006854451e-09
-4.937470369e-10
9.708604215e-10
-4.582849814e-10
9.329269803e-10
-4.126368545e-10
8.934679755e-10
-3.552545726e-10
8.532236389e-10
-2.848746809e-10
8.134149957e-10
-2.010454664e-10
7.7589056e-10
-1.048790544e-10
7.431836886e-10
7.185083193e-10
-1.367035709e-12
5.752643047e-11
-5.360146138e-12
1.682623892e-10
-1.181678107e-11
2.726866933e-10
-2.056459051e-11
3.709323732e-10
-3.143255958e-11
4.631817677e-10
-4.424883512e-11
5.496066485e-10
-5.884234298e-11
6.303764523e-10
-7.504427399e-11
7.05660294e-10
-9.268882314e-11
7.756249061e-10
-1.116139821e-10
8.404343628e-10
-1.316623985e-10
9.002506012e-10
-1.526815001e-10
9.552329835e-10
-1.745242415e-10
1.005538843e-09
-1.970489841e-10
1.051323275e-09
-2.201199761e-10
1.092739483e-09
-2.436070671e-10
1.129938367e-09
-2.673858773e-10
1.16306866e-09
-2.913374459e-10
1.19227655e-09
-3.153481162e-10
1.217705479e-09
-3.393090707e-10
1.239495459e-09
-3.631159669e-10
1.257782971e-09
-3.866684421e-10
1.272700195e-09
-4.098693335e-10
1.284374483e-09
-4.326239758e-10
1.292927642e-09
-4.548393997e-10
1.298475364e-09
-4.764232765e-10
1.30112651e-09
-4.972826321e-10
1.300982155e-09
-5.17322356e-10
1.298134829e-09
-5.364434291e-10
1.292667526e-09
-5.545407098e-10
1.284652749e-09
-5.715002126e-10
1.274151297e-09
-5.871954076e-10
1.261210412e-09
-6.01482724e-10
1.24586231e-09
-6.141955867e-10
1.228122279e-09
-6.251360907e-10
1.207985259e-09
-6.340643404e-10
1.185423118e-09
-6.406830163e-10
1.160380068e-09
-6.446165046e-10
1.132767762e-09
-6.453813867e-10
1.102459866e-09
-6.423451452e-10
1.069285739e-09
-6.346681293e-10
1.033025701e-09
-6.212227939e-10
9.934091155e-10
-6.004827689e-10
9.501203965e-10
-5.70376507e-10
9.028207184e-10
-5.281134502e-10
8.512049188e-10
-4.700424962e-10
7.951526849e-10
-3.917147962e-10
7.350872957e-10
-2.884832655e-10
6.726590293e-10
-1.573076828e-10
6.120081059e-10
5.612006365e-10
-1.483122066e-12
5.900955254e-11
-5.816807293e-12
1.725960744e-10
-1.282360558e-11
2.796934916e-10
-2.23134139e-11
3.804221815e-10
-3.409901485e-11
4.749673686e-10
-4.799188655e-11
5.634995202e-10
-6.380433955e-11
6.461889053e-10
-8.135139461e-11
7.23207349e-10
-1.004517121e-10
7.947252237e-10
-1.209288298e-10
8.609114805e-10
-1.426117131e-10
9.219334845e-10
-1.653354446e-10
9.77956715e-10
-1.889416841e-10
1.029145083e-09
-2.132789086e-10
1.075660499e-09
-2.382025025e-10
1.117663077e-09
-2.635749234e-10
1.155310788e-09
-2.892654694e-10
1.188759206e-09
-3.151501066e-10
1.218161187e-09
-3.411111846e-10
1.243666557e-09
-3.670370739e-10
1.265421348e-09
-3.928216522e-10
1.283567549e-09
-4.183637322e-10
1.298242275e-09
-4.435663833e-10
1.309577134e-09
-4.683363178e-10
1.317697576e-09
-4.925829768e-10
1.322722023e-09
-5.162175815e-10
1.324761115e-09
-5.391520205e-10
1.323916595e-09
-5.612976051e-10
1.320280413e-09
-5.825635222e-10
1.313933443e-09
-6.028552623e-10
1.304944489e-09
-6.220720471e-10
1.293368081e-09
-6.40104404e-10
1.279242769e-09
-6.568307148e-10
1.262588621e-09
-6.721125197e-10
1.243404084e-09
-6.857886079e-10
1.221661347e-09
-6.976668095e-10
1.19730132e-09
-7.075120939e-10
1.170225352e-09
-7.150299792e-10
1.140285647e-09
-7.198412313e-10
1.107271118e-09
-7.214437858e-10
1.070888293e-09
-7.191534415e-10
1.030735357e-09
-7.120103872e-10
9.862660612e-10
-6.986303395e-10
9.367403487e-10
-6.769694502e-10
8.811598292e-10
-6.439568013e-10
8.1819227e-10
-5.949119801e-10
7.461078637e-10
-5.225651632e-10
6.627404788e-10
-4.152457917e-10
5.653396578e-10
-2.527218202e-10
4.494841344e-10
3.084788163e-10
-7.454204387e-14
5.908409459e-11
-2.945234831e-13
1.728160558e-10
-6.340627193e-13
2.800330309e-10
-1.068071635e-12
3.808561904e-10
-1.564026509e-12
4.754633234e-10
-2.08815121e-12
5.640236449e-10
-2.605994316e-12
6.467067485e-10
-3.083592703e-12
7.236849473e-10
-3.488852478e-12
7.951304833e-10
-3.792592383e-12
8.612152204e-10
-3.968961537e-12
9.221098537e-10
-3.99637445e-12
9.779841279e-10
-3.857437995e-12
1.029006146e-09
-3.539609448e-12
1.07534267e-09
-3.034793227e-12
1.117158261e-09
-2.339642832e-12
1.154615638e-09
-1.455327176e-12
1.187874891e-09
-3.872790243e-13
1.217093139e-09
8.549675114e-13
1.24242431e-09
2.257995318e-12
1.26401832e-09
3.804771741e-12
1.282020773e-09
5.474898637e-12
1.296572148e-09
7.244756969e-12
1.307807276e-09
9.087764718e-12
1.315854568e-09
1.097437658e-11
1.320835411e-09
1.287228897e-11
1.322863202e-09
1.474627862e-11
1.322042605e-09
1.655820175e-11
1.31846849e-09
1.826692086e-11
1.312224724e-09
1.982783848e-11
1.303383571e-09
2.119277183e-11
1.292003148e-09
2.230901378e-11
1.278126527e-09
2.311878784e-11
1.261778847e-09
2.355803715e-11
1.242964835e-09
2.355481721e-11
1.221664567e-09
2.302731507e-11
1.197828822e-09
2.188037916e-11
1.171372288e-09
2.000167543e-11
1.14216435e-09
1.72563976e-11
1.110016396e-09
1.348075066e-11
1.07466394e-09
8.475280666e-12
1.035740827e-09
2.000908803e-12
9.927404329e-10
-6.216338847e-12
9.449575963e-10
-1.645454049e-11
8.913980308e-10
-2.889376134e-11
8.306314908e-10
-4.332045277e-11
7.605345552e-10
-5.837573186e-11
6.777957579e-10
-6.980392244e-11
5.767678485e-10
-6.581887006e-11
4.45499082e-10
2.426599463e-10
-1.439360029e-13
5.922803058e-11
-5.638359225e-13
1.732359557e-10
-1.226311648e-12
2.806955066e-10
-2.096773167e-12
3.817266519e-10
-3.133754529e-12
4.76500305e-10
-4.293986419e-12
5.651838769e-10
-5.533615801e-12
6.479463778e-10
-6.809492438e-12
7.249608239e-10
-8.080686987e-12
7.964016779e-10
-9.309297136e-12
8.624438306e-10
-1.046132372e-11
9.232618802e-10
-1.150726287e-11
9.790300669e-10
-1.242242412e-11
1.029921308e-09
-1.318710409e-11
1.076107351e-09
-1.378680977e-11
1.117757967e-09
-1.421190082e-11
1.155040729e-09
-1.445761143e-11
1.188120601e-09
-1.452388469e-11
1.217159412e-09
-1.441481191e-11
1.242315237e-09
-1.413861708e-11
1.263742125e-09
-1.370712926e-11
1.281589285e-09
-1.313556102e-11
1.296000579e-09
-1.244218715e-11
1.307113902e-09
-1.164816185e-11
1.315060543e-09
-1.077713154e-11
1.31996438e-09
-9.855121829e-12
1.321941192e-09
-8.910478955e-12
1.321097962e-09
-7.973774167e-12
1.317531786e-09
-7.077728585e-12
1.311328679e-09
-6.257159674e-12
1.302563002e-09
-5.549169017e-12
1.291295157e-09
-4.993348787e-12
1.277570707e-09
-4.631641615e-12
1.261417139e-09
-4.508575723e-12
1.242841769e-09
-4.67136254e-12
1.221827354e-09
-5.169808115e-12
1.198327268e-09
-6.056134339e-12
1.172258615e-09
-7.384401509e-12
1.143492618e-09
-9.209611063e-12
1.111841606e-09
-1.158579006e-11
1.077040119e-09
-1.456313759e-11
1.038718175e-09
-1.818214769e-11
9.963594431e-10
-2.246217677e-11
9.492376253e-10
-2.737481302e-11
8.96310667e-10
-3.278028562e-11
8.360369635e-10
-3.827465001e-11
7.660289196e-10
-4.278987611e-11
6.823109839e-10
-4.338972078e-11
5.773676931e-10
-3.203577275e-11
4.34145134e-10
2.106241735e-10
-2.103978127e-13
5.94384284e-11
-8.22711648e-13
1.738482696e-10
-1.796301876e-12
2.816690968e-10
-3.086688352e-12
3.830170385e-10
-4.643489959e-12
4.780571066e-10
-6.414097098e-12
5.66954484e-10
-8.345214916e-12
6.498774956e-10
-1.038452063e-11
7.270001298e-10
-1.248210631e-11
7.984992639e-10
-1.459130603e-11
8.645530305e-10
-1.666988521e-11
9.253404594e-10
-1.868027622e-11
9.810404579e-10
-2.059035305e-11
1.031831385e-09
-2.23732295e-11
1.077890227e-09
-2.400762078e-11
1.119392358e-09
-2.547760962e-11
1.156510718e-09
-2.677233719e-11
1.189415329e-09
-2.788585282e-11
1.218272928e-09
-2.881675743e-11
1.243246141e-09
-2.956781916e-11
1.264493187e-09
-3.014550464e-11
1.282166971e-09
-3.055969849e-11
1.296414774e-09
-3.082327788e-11
1.307377481e-09
-3.095186637e-11
1.315189131e-09
-3.096343132e-11
1.319975945e-09
-3.087814233e-11
1.321855904e-09
-3.071802695e-11
1.320937847e-09
-3.050713385e-11
1.317320892e-09
-3.02712103e-11
1.311092755e-09
-3.003773934e-11
1.302329531e-09
-2.983600317e-11
1.291093421e-09
-2.969724595e-11
1.277431949e-09
-2.965474655e-11
1.26137464e-09
-2.974369732e-11
1.24293072e-09
-3.000158916e-11
1.222085246e-09
-3.046800186e-11
1.19879368e-09
-3.118396352e-11
1.172974576e-09
-3.219085922e-11
1.144499514e-09
-3.352781056e-11
1.113178557e-09
-3.522648719e-11
1.078738796e-09
-3.73010285e-11
1.040792716e-09
-3.973011371e-11
9.987885285e-10
-4.242394263e-11
9.519314543e-10
-4.516489126e-11
8.990516156e-10
-4.750188632e-11
8.383739585e-10
-4.855910125e-11
7.670861345e-10
-4.667868209e-11
6.804305647e-10
-3.892386105e-11
5.69612872e-10
-2.184752797e-11
4.170688008e-10
1.887766455e-10
-2.733044062e-13
5.971173282e-11
-1.068384718e-12
1.746433499e-10
-2.3370684e-12
2.829377805e-10
-4.025527403e-12
3.847054974e-10
-6.074376802e-12
4.801059559e-10
-8.421677894e-12
5.693017851e-10
-1.100473291e-11
6.524605507e-10
-1.376194768e-11
7.297573443e-10
-1.663414628e-11
8.013714623e-10
-1.956575871e-11
8.674846428e-10
-2.25058542e-11
9.282805548e-10
-2.540855338e-11
9.839431573e-10
-2.823364843e-11
1.03465648e-09
-3.094669514e-11
1.080603273e-09
-3.35189887e-11
1.121964651e-09
-3.592753703e-11
1.158919266e-09
-3.815482247e-11
1.191642614e-09
-4.018831853e-11
1.220306424e-09
-4.202028481e-11
1.245078108e-09
-4.364719636e-11
1.266120099e-09
-4.506939064e-11
1.283589165e-09
-4.629060092e-11
1.297635984e-09
-4.731757799e-11
1.308404458e-09
-4.815958021e-11
1.316031134e-09
-4.882818005e-11
1.320644545e-09
-4.933707618e-11
1.3223648e-09
-4.970162174e-11
1.321302393e-09
-4.993877372e-11
1.317558044e-09
-5.006719015e-11
1.311221172e-09
-5.010694311e-11
1.302369284e-09
-5.007962572e-11
1.291066103e-09
-5.00083536e-11
1.277360677e-09
-4.991786316e-11
1.261284149e-09
-4.983441683e-11
1.242847274e-09
-4.97856768e-11
1.222036506e-09
-4.980022875e-11
1.198808232e-09
-4.990666489e-11
1.173081013e-09
-5.013190965e-11
1.144724758e-09
-5.049746862e-11
1.113544116e-09
-5.101331164e-11
1.079254639e-09
-5.166579283e-11
1.041445197e-09
-5.239677604e-11
9.995195115e-10
-5.306602694e-11
9.526007052e-10
-5.3386799e-11
8.993723877e-10
-5.281819145e-11
8.378053509e-10
-5.039812908e-11
7.646660722e-10
-4.455934036e-11
6.745917761e-10
-3.32963424e-11
5.583498742e-10
-1.606370156e-11
3.9983616e-10
1.72712944e-10
-3.321277842e-13
6.004386061e-11
-1.298530844e-12
1.756097529e-10
-2.843524381e-12
2.84482774e-10
-4.904539838e-12
3.867665129e-10
-7.413361599e-12
4.826147776e-10
-1.029892963e-11
5.72187353e-10
-1.34893919e-11
6.556510129e-10
-1.691396471e-11
7.331819173e-10
-2.050429095e-11
8.049617886e-10
-2.419598468e-11
8.711763365e-10
-2.792927863e-11
9.320138488e-10
-3.165002186e-11
9.876639005e-10
-3.530974313e-11
1.038316201e-09
-3.886625476e-11
1.084159785e-09
-4.228339224e-11
1.125381789e-09
-4.553091242e-11
1.162166786e-09
-4.858430423e-11
1.194696006e-09
-5.142445818e-11
1.223146579e-09
-5.40371494e-11
1.247690799e-09
-5.64125629e-11
1.268495512e-09
-5.854493832e-11
1.28572154e-09
-6.043204173e-11
1.299523087e-09
-6.207474414e-11
1.310047161e-09
-6.347658738e-11
1.317432977e-09
-6.464349756e-11
1.321811456e-09
-6.558347075e-11
1.323304773e-09
-6.630650158e-11
1.322025423e-09
-6.682409071e-11
1.318075633e-09
-6.714966167e-11
1.311546743e-09
-6.729804782e-11
1.30251767e-09
-6.728582508e-11
1.291053881e-09
-6.713089561e-11
1.277205748e-09
-6.685270879e-11
1.261005963e-09
-6.647204119e-11
1.242466606e-09
-6.601036439e-11
1.221574829e-09
-6.548905496e-11
1.198286923e-09
-6.492785041e-11
1.172519808e-09
-6.434200785e-11
1.144138916e-09
-6.37376914e-11
1.1129398e-09
-6.310370985e-11
1.078620657e-09
-6.239767439e-11
1.040739162e-09
-6.152234537e-11
9.986441825e-10
-6.028748124e-11
9.513658409e-10
-5.835075824e-11
8.974356646e-10
-5.51373293e-11
8.345919219e-10
-4.976236391e-11
7.592911068e-10
-4.107150695e-11
6.659009191e-10
-2.815557802e-11
5.454339451e-10
-1.213214129e-11
3.838127233e-10
1.605808027e-10
-3.86392819e-13
6.043025342e-11
-1.511050686e-12
1.767344108e-10
-3.311052011e-12
2.862827753e-10
-5.715720862e-12
3.891711817e-10
-8.648375807e-12
4.855474325e-10
-1.20292695e-11
5.755682467e-10
-1.577775758e-11
6.59399501e-10
-1.981410692e-11
7.372182667e-10
-2.406117476e-11
8.092088565e-10
-2.844591199e-11
8.755610739e-10
-3.290004663e-11
9.364679836e-10
-3.736118076e-11
9.921250346e-10
-4.177298092e-11
1.042728001e-09
-4.608545703e-11
1.088472261e-09
-5.025512808e-11
1.12955146e-09
-5.424473269e-11
1.166156391e-09
-5.802301809e-11
1.198474292e-09
-6.156436388e-11
1.226687924e-09
-6.484833423e-11
1.25097477e-09
-6.785924089e-11
1.271506419e-09
-7.058564567e-11
1.288447945e-09
-7.301986669e-11
1.301957308e-09
-7.515752716e-11
1.312184821e-09
-7.699726438e-11
1.319272714e-09
-7.854035528e-11
1.323354546e-09
-7.979021581e-11
1.324554633e-09
-8.075264186e-11
1.32298785e-09
-8.143518861e-11
1.31875818e-09
-8.184741209e-11
1.311958966e-09
-8.200060901e-11
1.302670867e-09
-8.190779507e-11
1.290961067e-09
-8.158344372e-11
1.276881397e-09
-8.10434395e-11
1.260465958e-09
-8.030467085e-11
1.241727837e-09
-7.938424552e-11
1.220654404e-09
-7.829837301e-11
1.19720105e-09
-7.706040008e-11
1.171281835e-09
-7.567741669e-11
1.142755932e-09
-7.414486724e-11
1.11140725e-09
-7.243684339e-11
1.076912633e-09
-7.049114078e-11
1.038793459e-09
-6.818444683e-11
9.963374885e-10
-6.529605297e-11
9.484774473e-10
-6.146066328e-11
8.936002749e-10
-5.612495711e-11
8.292562157e-10
-4.855829351e-11
7.517244432e-10
-3.803888865e-11
6.553815142e-10
-2.445768361e-11
5.3185274e-10
-9.710135669e-12
3.690651753e-10
1.50870667e-10
-4.356676735e-13
6.08659211e-11
-1.704042651e-12
1.780027858e-10
-3.735477516e-12
2.883142102e-10
-6.451834911e-12
3.918875392e-10
-9.768577399e-12
4.888641752e-10
-1.35978401e-11
5.793975096e-10
-1.785065363e-11
6.636523146e-10
-2.243885644e-11
7.418064693e-10
-2.727708644e-11
8.140470863e-10
-3.228393936e-11
8.805679268e-10
-3.738327525e-11
9.415673195e-10
-4.250468371e-11
9.97246443e-10
-4.758439192e-11
1.047807709e-09
-5.256516331e-11
1.093453033e-09
-5.739647255e-11
1.134382769e-09
-6.203440706e-11
1.170794326e-09
-6.644147016e-11
1.202881355e-09
-7.058600141e-11
1.230832455e-09
-7.44419088e-11
1.254830677e-09
-7.798814172e-11
1.275052652e-09
-8.120825731e-11
1.291668061e-09
-8.408989651e-11
1.304838947e-09
-8.662432317e-11
1.314719248e-09
-8.880606e-11
1.321454451e-09
-9.063264794e-11
1.325181135e-09
-9.210421245e-11
1.326026198e-09
-9.322326387e-11
1.324106901e-09
-9.399459451e-11
1.319529511e-09
-9.442509821e-11
1.31238947e-09
-9.452361148e-11
1.302769381e-09
-9.430073592e-11
1.290738191e-09
-9.376856253e-11
1.276349223e-09
-9.294045528e-11
1.259637851e-09
-9.183037768e-11
1.24061776e-09
-9.045200326e-11
1.219276029e-09
-8.881736206e-11
1.195566409e-09
-8.693440829e-11
1.169398881e-09
-8.48034303e-11
1.140624954e-09
-8.241050655e-11
1.109014326e-09
-7.971780616e-11
1.074219933e-09
-7.664760494e-11
1.035723258e-09
-7.305922844e-11
9.927491121e-10
-6.871816497e-11
9.441363837e-10
-6.326694944e-11
8.881490594e-10
-5.622115973e-11
8.22210426e-10
-4.704471235e-11
7.425479957e-10
-3.539777112e-11
6.43734573e-10
-2.169366328e-11
5.181486323e-10
-8.112213659e-12
3.554837258e-10
1.427584534e-10
-4.795548693e-13
6.134547599e-11
-1.875903716e-12
1.793991347e-10
-4.113309485e-12
2.90551616e-10
-7.106937216e-12
3.948811668e-10
-1.076515422e-11
4.925223921e-10
-1.499266579e-11
5.83625021e-10
-1.969283529e-11
6.683524839e-10
-2.476987321e-11
7.468835074e-10
-3.013081047e-11
8.194080237e-10
-3.568662503e-11
8.861237412e-10
-4.135380587e-11
9.472345002e-10
-4.705481539e-11
1.002947452e-09
-5.271878772e-11
1.053471682e-09
-5.828191374e-11
1.099016159e-09
-6.368730544e-11
1.139788161e-09
-6.888503497e-11
1.175992055e-09
-7.383178239e-11
1.207828102e-09
-7.849057871e-11
1.235491252e-09
-8.283030764e-11
1.259170406e-09
-8.682527036e-11
1.279047615e-09
-9.045467844e-11
1.295297469e-09
-9.370212096e-11
1.30808639e-09
-9.655533998e-11
1.317572467e-09
-9.900558493e-11
1.323904696e-09
-1.010473259e-10
1.327222875e-09
-1.026781221e-10
1.327656994e-09
-1.038980455e-10
1.325326824e-09
-1.047097851e-10
1.320341251e-09
-1.051182787e-10
1.312797963e-09
-1.051304641e-10
1.302781566e-09
-1.047551148e-10
1.290362842e-09
-1.04002575e-10
1.275596683e-09
-1.028841776e-10
1.258519454e-09
-1.014115537e-10
1.239145136e-09
-9.959567499e-11
1.217460151e-09
-9.744514824e-11
1.193415883e-09
-9.496368856e-11
1.166917422e-09
-9.214587534e-11
1.137807141e-09
-8.897040101e-11
1.105838852e-09
-8.539014313e-11
1.070639675e-09
-8.131635869e-11
1.031649473e-09
-7.659852198e-11
9.880312751e-10
-7.10023205e-11
9.385401821e-10
-6.419988959e-11
8.813466285e-10
-5.579936926e-11
8.138099057e-10
-4.545822936e-11
7.322068559e-10
-3.313937347e-11
6.31415717e-10
-1.957657064e-11
5.045858294e-10
-6.996909883e-12
3.42904065e-10
1.357615435e-10
-5.177296739e-13
6.186320566e-11
-2.025372352e-12
1.809067774e-10
-4.441852921e-12
2.929680966e-10
-7.676503022e-12
3.98115817e-10
-1.16314294e-11
4.964773184e-10
-1.62047645e-11
5.881983561e-10
-2.129311832e-11
6.734408378e-10
-2.679400793e-11
7.52384397e-10
-3.260756311e-11
8.252215789e-10
-3.863820437e-11
8.921543826e-10
-4.479568136e-11
9.533919773e-10
-5.099619607e-11
1.009147967e-09
-5.716270005e-11
1.059638186e-09
-6.322537628e-11
1.105078835e-09
-6.912174328e-11
1.145684528e-09
-7.479655737e-11
1.181666869e-09
-8.020145518e-11
1.213233e-09
-8.529475503e-11
1.240584552e-09
-9.004096193e-11
1.263916613e-09
-9.44103625e-11
1.283417015e-09
-9.837844233e-11
1.299265548e-09
-1.019254815e-10
1.311633429e-09
-1.050360456e-10
1.320683031e-09
-1.076987572e-10
1.326567408e-09
-1.099055759e-10
1.329429694e-09
-1.116518762e-10
1.329403294e-09
-1.129357705e-10
1.326610719e-09
-1.137582968e-10
1.321163777e-09
-1.141226908e-10
1.313162357e-09
-1.140344127e-10
1.302693288e-09
-1.135007515e-10
1.289829181e-09
-1.125305629e-10
1.274626495e-09
-1.111335223e-10
1.257122413e-09
-1.093193934e-10
1.237331007e-09
-1.070969591e-10
1.215237716e-09
-1.044720099e-10
1.190790933e-09
-1.014447995e-10
1.163890211e-09
-9.800524395e-11
1.134367585e-09
-9.412638925e-11
1.101959997e-09
-8.97540956e-11
1.066267381e-09
-8.479290327e-11
1.026688281e-09
-7.90897132e-11
9.823280853e-10
-7.242206966e-11
9.318725387e-10
-6.450635626e-11
8.734309152e-10
-5.505108415e-11
8.043546337e-10
-4.388594525e-11
7.21041717e-10
-3.119861583e-11
6.187283877e-10
-1.790777309e-11
4.912949867e-10
-6.179502655e-12
3.311757946e-10
1.295820409e-10
-5.499739488e-13
6.24131796e-11
-2.151606541e-12
1.825084099e-10
-4.71933186e-12
2.955358219e-10
-8.157555848e-12
4.015540411e-10
-1.236310862e-11
5.006828712e-10
-1.722852112e-11
5.930637686e-10
-2.264477259e-11
6.788570894e-10
-2.85036451e-11
7.582432693e-10
-3.469942254e-11
8.314173561e-10
-4.113090274e-11
8.985858627e-10
-4.770220318e-11
9.599632778e-10
-5.432399799e-11
1.015769762e-09
-6.091404165e-11
1.066228229e-09
-6.739741528e-11
1.111562208e-09
-7.370678037e-11
1.151993893e-09
-7.9782254e-11
1.187742343e-09
-8.557117706e-11
1.219021923e-09
-9.102783034e-11
1.246041205e-09
-9.611292333e-11
1.269001706e-09
-1.007932366e-10
1.288097329e-09
-1.050409922e-10
1.303513304e-09
-1.088336175e-10
1.315426054e-09
-1.121530258e-10
1.324002439e-09
-1.149853166e-10
1.329399698e-09
-1.173204612e-10
1.331764838e-09
-1.1915177e-10
1.331234603e-09
-1.204757392e-10
1.327934687e-09
-1.212918371e-10
1.321979875e-09
-1.216018589e-10
1.313472379e-09
-1.21409955e-10
1.302501384e-09
-1.20722209e-10
1.289141435e-09
-1.195461484e-10
1.273450434e-09
-1.17890063e-10
1.255466328e-09
-1.157622663e-10
1.23520321e-09
-1.131696377e-10
1.212645088e-09
-1.101157952e-10
1.187737091e-09
-1.065980522e-10
1.160372468e-09
-1.026027426e-10
1.130372276e-09
-9.809848294e-11
1.097455738e-09
-9.302641704e-11
1.061195315e-09
-8.728819571e-11
1.02095006e-09
-8.073448965e-11
9.757743792e-10
-7.316362777e-11
9.243016767e-10
-6.434425293e-11
8.646115404e-10
-5.408286298e-11
7.940932437e-10
-4.235320103e-11
7.093120551e-10
-2.950364738e-11
6.05878834e-10
-1.655078834e-11
4.783421276e-10
-5.553633491e-12
3.201786397e-10
1.240284074e-10
-5.76168119e-13
6.298934773e-11
-2.254151985e-12
1.841863938e-10
-4.944791541e-12
2.982264614e-10
-8.548555579e-12
4.05157805e-10
-1.29580314e-11
5.050923472e-10
-1.806135018e-11
5.981670874e-10
-2.374501722e-11
6.845407563e-10
-2.98961043e-11
7.643943566e-10
-3.640439181e-11
8.379256438e-10
-4.316391841e-11
9.053453894e-10
-5.007441466e-11
9.668737742e-10
-5.704202036e-11
1.022737368e-09
-6.398010671e-11
1.073166316e-09
-7.080962053e-11
1.118391722e-09
-7.745917864e-11
1.158643451e-09
-8.386498614e-11
1.19414815e-09
-8.997076176e-11
1.225127698e-09
-9.572722901e-11
1.251797672e-09
-1.010918412e-10
1.274366318e-09
-1.060283294e-10
1.293033817e-09
-1.105060798e-10
1.307991054e-09
-1.14499796e-10
1.319419771e-09
-1.17989064e-10
1.327491707e-09
-1.209577104e-10
1.332368344e-09
-1.233937634e-10
1.334200891e-09
-1.252886917e-10
1.333129531e-09
-1.266375158e-10
1.329283511e-09
-1.274381012e-10
1.32278046e-09
-1.276910174e-10
1.313725295e-09
-1.273992074e-10
1.302209574e-09
-1.265677055e-10
1.288309933e-09
-1.25202881e-10
1.27208561e-09
-1.233118927e-10
1.253575339e-09
-1.209017869e-10
1.232793104e-09
-1.179779743e-10
1.209721275e-09
-1.145422211e-10
1.184301338e-09
-1.105894652e-10
1.156419712e-09
-1.061032765e-10
1.125886087e-09
-1.010491316e-10
1.092401593e-09
-9.536555124e-11
1.055511735e-09
-8.895474282e-11
1.014539251e-09
-8.167655858e-11
9.684961948e-10
-7.335608705e-11
9.159812051e-10
-6.381714752e-11
8.550726008e-10
-5.295562518e-11
7.832317213e-10
-4.086137477e-11
6.972178045e-10
-2.799408085e-11
5.9301154e-10
-1.541358743e-11
4.657616342e-10
-5.055490005e-12
3.098205423e-10
1.189729174e-10
-5.963015966e-13
6.358564932e-11
-2.332980012e-12
1.859230722e-10
-5.118213449e-12
3.010116949e-10
-8.849569193e-12
4.088891608e-10
-1.341654172e-11
5.096593197e-10
-1.870410767e-11
6.034546535e-10
-2.45954787e-11
6.904321275e-10
-3.097427572e-11
7.707731536e-10
-3.772695642e-11
8.446783245e-10
-4.474405829e-11
9.123624911e-10
-5.192186489e-11
9.740515804e-10
-5.916317124e-11
1.029978674e-09
-6.637794062e-11
1.080381085e-09
-7.348375174e-11
1.125497533e-09
-8.040594825e-11
1.165565648e-09
-8.70776083e-11
1.200819811e-09
-9.343929825e-11
1.231489389e-09
-9.943877928e-11
1.257797153e-09
-1.05030656e-10
1.279958195e-09
-1.101757688e-10
1.29817893e-09
-1.148410335e-10
1.312656319e-09
-1.189986818e-10
1.323577419e-09
-1.226259385e-10
1.331118964e-09
-1.257046844e-10
1.335447091e-09
-1.282208789e-10
1.336717086e-09
-1.301643535e-10
1.335073006e-09
-1.315285886e-10
1.330647747e-09
-1.323100065e-10
1.323561878e-09
-1.325079637e-10
1.313923252e-09
-1.321244019e-10
1.301826012e-09
-1.311632684e-10
1.287348799e-09
-1.296299401e-10
1.270552281e-09
-1.275306911e-10
1.251476091e-09
-1.248714306e-10
1.230133844e-09
-1.216563531e-10
1.206506198e-09
-1.178857235e-10
1.180530708e-09
-1.135526147e-10
1.152086603e-09
-1.086385065e-10
1.120971979e-09
-1.031069019e-10
1.086869988e-09
-9.689575564e-11
1.049300589e-09
-8.991088892e-11
1.007554385e-09
-8.202553115e-11
9.606108372e-10
-7.309500784e-11
9.070506819e-10
-6.299739251e-11
8.449749854e-10
-5.170692773e-11
7.719412565e-10
-3.940441375e-11
6.849152905e-10
-2.662398589e-11
5.802311122e-10
-1.443447998e-11
4.535721284e-10
-4.645604006e-12
3.000316664e-10
1.143273134e-10
-6.104660606e-13
-2.388460781e-12
-5.240446299e-12
-9.062161409e-12
-1.374123973e-11
-1.9160741e-11
-2.520175133e-11
-3.174589113e-11
-3.867732961e-11
-4.588450587e-11
-5.32612674e-11
-6.070804943e-11
-6.813239895e-11
-7.544939957e-11
-8.258184616e-11
-8.946023138e-11
-9.60225096e-11
-1.022138704e-10
-1.079863529e-10
-1.13298336e-10
-1.181142354e-10
-1.224040079e-10
-1.261426892e-10
-1.293100887e-10
-1.318902555e-10
-1.338714722e-10
-1.352455435e-10
-1.360076128e-10
-1.361559212e-10
-1.35691364e-10
-1.346169168e-10
-1.329371528e-10
-1.306574216e-10
-1.277827228e-10
-1.24316254e-10
-1.202570031e-10
1.176471457e-09
-1.155966469e-10
1.147426247e-09
-1.103152063e-10
1.115690538e-09
-1.043753738e-10
1.080930156e-09
-9.771634534e-11
1.04264156e-09
-9.025018778e-11
1.000088227e-09
-8.186644411e-11
9.522270933e-10
-7.245230598e-11
8.976365437e-10
-6.193660737e-11
8.344592869e-10
-5.036031367e-11
7.603649629e-10
-3.797377781e-11
6.725287548e-10
-2.535860885e-11
5.676159433e-10
-1.357099654e-11
4.41784516e-10
-4.298447496e-12
2.907591173e-10
1.100288659e-10
-1.217504097e-10
-1.168139839e-10
-1.112232364e-10
-1.049410797e-10
-9.790962641e-11
-9.004937107e-11
-8.126797287e-11
-7.148442126e-11
-6.06736082e-11
-4.893194215e-11
-3.656184815e-11
-2.4172429e-11
-1.279360646e-11
-3.997095648e-12
)
;

boundaryField
{
    front_top
    {
        type            wedge;
        value           nonuniform List<scalar> 
502
(
1.858994681e-23
2.11406134e-23
2.411704976e-23
2.729162057e-23
3.062741089e-23
3.420093602e-23
3.792405698e-23
4.180964935e-23
4.590438876e-23
5.009095235e-23
5.437866898e-23
2.02258241e-22
2.306624043e-22
2.62144507e-22
2.963408323e-22
3.326841242e-22
3.713783479e-22
4.121082482e-22
4.547189914e-22
4.990391368e-22
5.445937266e-22
5.91422534e-22
-6.859501265e-22
-7.788463289e-22
-8.791959494e-22
-9.865733912e-22
-1.10122638e-21
-1.222727054e-21
-1.349595487e-21
-1.480980527e-21
-1.615983613e-21
-1.7534459e-21
5.564215517e-22
6.316665418e-22
7.136297156e-22
8.015628299e-22
8.94920958e-22
9.932052228e-22
1.095918157e-21
1.202623147e-21
1.312383755e-21
1.424140237e-21
-8.551800714e-22
-9.711321042e-22
-1.096462419e-21
-1.230910751e-21
-1.37405091e-21
-1.525250722e-21
-1.683290317e-21
-1.847172381e-21
-2.015526395e-21
-2.186756641e-21
-2.910468294e-22
-3.305375706e-22
-3.732212334e-22
-4.189929883e-22
-4.677178835e-22
-5.191259495e-22
-5.728738895e-22
-6.28659039e-22
-6.859099135e-22
-7.439526987e-22
6.20821707e-22
7.051731692e-22
7.964972079e-22
8.944704534e-22
9.986599846e-22
1.108450201e-21
1.223084672e-21
1.341714728e-21
1.4634087e-21
1.587078848e-21
5.863054308e-21
6.661016714e-21
7.524647043e-21
8.451001773e-21
9.435698512e-21
1.047293697e-20
1.155547138e-20
1.267520445e-20
1.382252819e-20
1.498680645e-20
-8.637430121e-21
-9.815318135e-21
-1.109013399e-20
-1.245737661e-20
-1.391020539e-20
-1.543963219e-20
-1.703484843e-20
-1.868355871e-20
-2.037103663e-20
-2.208105503e-20
1.329429384e-22
1.511331412e-22
1.707579451e-22
1.918583553e-22
2.142821565e-22
2.378868727e-22
2.62550668e-22
2.879828916e-22
3.138923051e-22
3.401373935e-22
5.492970086e-21
6.246040986e-21
7.06117637e-21
7.935250925e-21
8.86355953e-21
9.839836283e-21
1.085666055e-20
1.19056077e-20
1.297639655e-20
1.405805151e-20
-3.322915227e-21
-3.780114262e-21
-4.275076489e-21
-4.805754082e-21
-5.369145859e-21
-5.961350605e-21
-6.57769903e-21
-7.212898889e-21
-7.860386768e-21
-8.51327829e-21
1.234307238e-21
1.404836124e-21
1.58945108e-21
1.787415256e-21
1.997590474e-21
2.218479561e-21
2.448168227e-21
2.684622284e-21
2.925235948e-21
3.167388358e-21
8.908502516e-21
1.014508761e-20
1.148459123e-20
1.292110826e-20
1.444579849e-20
1.604705368e-20
1.771105891e-20
1.942215956e-20
2.116061568e-20
2.290705219e-20
-2.498442969e-21
-2.847163722e-21
-3.225101516e-21
-3.630502091e-21
-4.060730046e-21
-4.512376578e-21
-4.981373575e-21
-5.463093812e-21
-5.95165388e-21
-6.441505673e-21
-1.807200814e-20
-2.061014708e-20
-2.336265299e-20
-2.631628624e-20
-2.945112779e-20
-3.274103266e-20
-3.615486732e-20
-3.965718107e-20
-4.320276943e-20
-4.674986398e-20
-1.807034661e-21
-2.06262135e-21
-2.340023598e-21
-2.637836505e-21
-2.953966474e-21
-3.28565017e-21
-3.62959587e-21
-3.982033062e-21
-4.338167108e-21
-4.693647719e-21
2.868256417e-21
3.277140647e-21
3.721338151e-21
4.198595021e-21
4.705396489e-21
5.237071636e-21
5.788057145e-21
6.351973695e-21
6.920592162e-21
7.486891461e-21
3.038410797e-20
3.475376473e-20
3.950651932e-20
4.461722131e-20
5.004683297e-20
5.574304652e-20
6.164283556e-20
6.767386175e-20
7.374305852e-20
7.977243667e-20
-1.638297139e-20
-1.876201734e-20
-2.135332296e-20
-2.414282694e-20
-2.710836803e-20
-3.022002258e-20
-3.34414455e-20
-3.673063312e-20
-4.003359986e-20
-4.330649486e-20
4.859998036e-21
5.573254729e-21
6.351473104e-21
7.1903669e-21
8.083044103e-21
9.019997191e-21
9.989647586e-21
1.097857187e-20
1.19694791e-20
1.294869978e-20
7.024662266e-21
8.067674014e-21
9.207876135e-21
1.043897866e-20
1.175048947e-20
1.312782984e-20
1.455297147e-20
1.600482225e-20
1.745632584e-20
1.888661037e-20
-3.147140603e-21
-3.620351114e-21
-4.138824297e-21
-4.699686907e-21
-5.298041312e-21
-5.926955766e-21
-6.577652279e-21
-7.239882697e-21
-7.900443244e-21
-8.549350891e-21
-4.927052648e-21
-5.678018128e-21
-6.502961437e-21
-7.397421374e-21
-8.353372765e-21
-9.35919943e-21
-1.040008488e-20
-1.145842946e-20
-1.251162003e-20
-1.354287358e-20
1.143626226e-20
1.320501436e-20
1.515375607e-20
1.7272291e-20
1.954138211e-20
2.193233061e-20
2.440769518e-20
2.692249963e-20
2.941915347e-20
3.185535432e-20
-1.514192564e-20
-1.752055885e-20
-2.015003122e-20
-2.301748556e-20
-2.609668069e-20
-2.934703513e-20
-3.271456494e-20
-3.613360649e-20
-3.951987713e-20
-4.281173771e-20
-2.416100836e-20
-2.801983903e-20
-3.230171945e-20
-3.698769167e-20
-4.203511036e-20
-4.73751781e-20
-5.291377962e-20
-5.853468234e-20
-6.408848308e-20
-6.946566457e-20
8.662294468e-21
1.007022614e-20
1.163912318e-20
1.336302702e-20
1.522657013e-20
1.720366141e-20
1.925744345e-20
2.134140976e-20
2.339565728e-20
2.537591118e-20
1.429521764e-20
1.666186135e-20
1.931147762e-20
2.22363049e-20
2.541131356e-20
2.879115555e-20
3.230924886e-20
3.58797115e-20
3.939124596e-20
4.276028466e-20
6.456627794e-21
7.546327645e-21
8.772670205e-21
1.013342997e-20
1.161776855e-20
1.320429575e-20
1.486012837e-20
1.654165387e-20
1.819187517e-20
1.976702684e-20
1.581045628e-20
1.853272593e-20
2.161385836e-20
2.505268211e-20
2.882483657e-20
3.287621189e-20
3.711888375e-20
4.143237921e-20
4.565739544e-20
4.966778975e-20
-2.569004255e-21
-3.0205751e-21
-3.534841252e-21
-4.11256017e-21
-4.750339741e-21
-5.439228818e-21
-6.163721587e-21
-6.901664889e-21
-7.623297971e-21
-8.30416867e-21
-2.800054836e-20
-3.302791139e-20
-3.879226141e-20
-4.53144666e-20
-5.256721922e-20
-6.045434081e-20
-6.879316966e-20
-7.73100288e-20
-8.562903148e-20
-9.342745692e-20
-8.402416876e-21
-9.94399737e-21
-1.172443197e-20
-1.375496408e-20
-1.603152109e-20
-1.852671419e-20
-2.118201376e-20
-2.390431804e-20
-2.656206785e-20
-2.903636553e-20
1.785287107e-20
2.120074664e-20
2.50974725e-20
2.958013735e-20
3.465243867e-20
4.026275841e-20
4.628050439e-20
5.248188177e-20
5.853889847e-20
6.413711151e-20
-1.837141612e-20
-2.189291162e-20
-2.602541848e-20
-3.082404764e-20
-3.630977599e-20
-4.244128599e-20
-4.908116377e-20
-5.597024857e-20
-6.27105385e-20
-6.889392393e-20
-7.04165244e-21
-8.421161725e-21
-1.00539655e-20
-1.196910071e-20
-1.418336054e-20
-1.668810447e-20
-1.943167648e-20
-2.230338902e-20
-2.512282197e-20
-2.769016217e-20
2.60018855e-20
3.12064049e-20
3.742144791e-20
4.478925311e-20
5.341389349e-20
6.330330813e-20
7.428343553e-20
8.590623571e-20
9.738389531e-20
1.077627458e-19
-7.688503483e-21
-9.259887456e-21
-1.115343615e-20
-1.342342848e-20
-1.6116426e-20
-1.925167513e-20
-2.278859051e-20
-2.658588697e-20
-3.036912632e-20
-3.377010456e-20
7.651729179e-21
9.247380135e-21
1.118778951e-20
1.354095449e-20
1.637276765e-20
1.972580013e-20
2.357908278e-20
2.778940749e-20
3.203835116e-20
3.584334834e-20
4.966738993e-21
6.022435042e-21
7.317842329e-21
8.90734155e-21
1.084907263e-20
1.319107989e-20
1.59403923e-20
1.900992821e-20
2.216349902e-20
2.498628573e-20
8.115827258e-22
9.872169874e-22
1.204622429e-21
1.474525973e-21
1.809384848e-21
2.221393498e-21
2.716864909e-21
3.284656317e-21
3.882269661e-21
4.41977556e-21
2.334706381e-21
2.848276429e-21
3.489294652e-21
4.29420259e-21
5.308541781e-21
6.583055047e-21
8.15753766e-21
1.001877066e-20
1.204111017e-20
1.388296944e-20
-1.358966898e-22
-1.66208383e-22
-2.04335073e-22
-2.527256341e-22
-3.146544886e-22
-3.941705446e-22
-4.953107517e-22
-6.19293009e-22
-7.596487915e-22
-8.905176858e-22
-7.355471629e-21
-9.019372556e-21
-1.112686523e-20
-1.382855212e-20
-1.733641595e-20
-2.193855948e-20
-2.797856337e-20
-3.56975066e-20
-4.489791499e-20
-5.38149277e-20
-2.640167445e-22
-3.24397832e-22
-4.013453574e-22
-5.008605021e-22
-6.318027333e-22
-8.071645269e-22
-1.044758414e-21
-1.362829801e-21
-1.766827732e-21
-2.182147652e-21
3.444111719e-22
4.240036083e-22
5.259559333e-22
6.588060746e-22
8.356176016e-22
1.076896282e-21
1.414116516e-21
1.8886451e-21
2.539362393e-21
3.267650694e-21
-1.780049259e-21
-2.194389822e-21
-2.727388048e-21
-3.426236362e-21
-4.365296432e-21
-5.667218896e-21
-7.537964323e-21
-1.030441487e-20
-1.444881613e-20
-1.965767962e-20
2.369836411e-21
2.924128047e-21
3.639300004e-21
4.581174222e-21
5.85552962e-21
7.643101309e-21
1.0266984e-20
1.431292835e-20
2.093948286e-20
3.066992627e-20
-4.704039209e-22
-5.805503152e-22
-7.229151954e-22
-9.109411891e-22
-1.166436121e-21
-1.52759747e-21
-2.06537202e-21
-2.917922708e-21
-4.441629643e-21
-7.597405363e-21
)
;
    }
    front_middle
    {
        type            wedge;
        value           nonuniform List<scalar> 
665
(
-7.027071338e-22
2.706099643e-21
-7.435234467e-22
-9.550037247e-21
-7.347399117e-22
2.899150983e-21
-8.001926672e-22
-1.029518122e-20
-7.847473425e-22
3.153735331e-21
-8.712253055e-22
3.243193393e-21
-1.579222145e-20
2.986056874e-20
-1.173789316e-20
-3.333764709e-21
-1.201965932e-20
1.940531247e-20
-1.049083027e-22
-3.703746473e-21
-2.607217586e-20
-3.67771778e-21
2.544606808e-20
-4.049177381e-21
5.270194302e-23
-3.318613276e-20
3.544094295e-21
3.672091828e-21
-1.812166018e-20
1.551032431e-20
3.768640083e-21
1.623585015e-20
-3.189537677e-20
3.984104693e-21
-2.05813647e-20
4.435225603e-21
1.83499124e-20
-2.139453323e-20
-9.721815591e-21
-1.209134024e-20
1.02400398e-20
-3.367111771e-20
4.407606113e-20
-3.477477197e-20
3.377572107e-20
-3.609006695e-20
3.480554644e-20
-2.500039276e-20
-3.86465819e-20
3.728205976e-20
-2.654421145e-20
2.473977213e-20
3.602225466e-20
-9.4363463e-20
5.54798321e-21
4.93513395e-20
4.869273622e-21
3.785403412e-20
-1.0309647e-19
4.180996081e-20
1.846816793e-20
4.310026571e-21
-8.760025938e-20
2.110405673e-20
4.595535623e-20
-1.018379265e-20
-4.163205534e-20
-1.15695193e-20
-1.053679531e-20
1.029420229e-19
-1.056572547e-20
-1.28320853e-19
1.069153186e-19
-1.342546108e-20
-1.049226934e-20
-1.380084859e-20
-5.391655269e-20
-1.201451195e-20
-2.916570165e-20
4.603265754e-20
-3.005971535e-20
-3.170138027e-20
4.793346771e-20
-3.054209688e-20
-3.289386551e-20
8.478209476e-20
-3.232661973e-20
-3.544623443e-20
5.525593934e-20
-7.010554394e-20
-3.830257959e-20
8.29256839e-20
-1.976003708e-20
-4.89565547e-20
8.785825404e-20
-5.177988426e-20
-5.125956013e-20
9.229360773e-20
-5.413034808e-20
-1.858589082e-20
9.891699065e-20
-9.304402236e-20
-2.122050297e-20
6.853199049e-20
7.264326075e-20
9.264832097e-22
-1.61208015e-19
7.753702073e-20
4.164529393e-21
-5.999258773e-20
1.122240669e-19
-6.178227293e-20
-3.289178049e-20
1.180812716e-19
-6.671427697e-20
-3.651834168e-20
8.744505081e-20
-1.543520523e-20
-1.485827127e-20
-1.15657987e-19
5.457196921e-20
9.842421768e-21
-4.880278088e-20
-1.551031424e-20
9.273747063e-20
-5.163926834e-20
1.591381511e-20
-4.66796057e-20
1.022716013e-19
-1.847503265e-20
-2.783269731e-20
4.05392438e-20
-3.099250099e-20
4.097787833e-20
-2.852524731e-20
-5.881505746e-20
1.072093268e-20
7.241545025e-20
-6.260052801e-20
-3.276243715e-20
-6.677236042e-20
1.957900426e-19
-7.151998772e-20
-5.179904059e-21
8.931699015e-20
-5.179160107e-21
-1.018942096e-19
-3.20253884e-21
-5.10696013e-21
6.831779394e-20
-4.38542226e-21
-7.503499004e-21
-1.11331682e-20
-1.199895753e-19
1.115975144e-19
1.191900696e-21
2.514477172e-20
-2.682772269e-20
1.640381077e-21
-8.877184607e-22
-5.369087974e-21
-4.221965322e-21
-2.403888677e-21
1.525514042e-23
-2.521214788e-20
1.095581694e-19
-1.124156212e-19
-7.809997286e-21
-4.524213019e-21
4.091866036e-20
-9.96137206e-20
1.747417515e-20
1.116408369e-19
-7.087906763e-20
2.556923687e-20
2.331513677e-20
6.698651728e-21
-1.328017191e-20
1.176885317e-19
-8.304184654e-20
2.313430999e-20
-1.179314348e-20
6.643647211e-20
-2.26674304e-20
6.261162397e-20
-1.035100171e-19
-2.480528601e-20
6.250974363e-20
1.513707341e-19
-2.27358786e-19
7.703931905e-20
7.679417725e-20
6.330950453e-20
-1.745104919e-19
-9.919259189e-21
-1.358481243e-19
1.109525795e-19
1.128051371e-19
-1.41599087e-19
1.075922628e-19
-1.438052446e-19
1.386160473e-19
-1.345532088e-19
1.179326403e-19
1.154263133e-19
1.25867081e-19
-3.806263724e-19
8.013332302e-20
-3.129455751e-19
7.95346913e-20
1.659012321e-19
7.777271063e-20
-1.648359905e-19
-7.686976774e-20
6.87561056e-20
-1.825169628e-19
1.929458091e-19
1.043473313e-19
1.02387444e-19
-3.727742918e-19
9.695103926e-20
-1.359844386e-19
9.265807301e-20
9.070068025e-20
-1.378541854e-19
-2.198292974e-19
1.052670624e-19
1.181358163e-19
-2.31982015e-19
1.051562532e-19
2.243504703e-20
1.254507088e-19
-1.50558058e-19
1.587467718e-20
1.995926245e-19
5.397896251e-20
-2.235564787e-20
-2.601902557e-19
4.563565556e-20
-4.061058214e-20
-3.923181336e-20
-3.667020133e-20
-3.307493356e-20
-2.859885438e-20
-2.339425581e-20
6.792576206e-20
-2.682945501e-20
2.486133725e-19
2.982935756e-20
-1.930094334e-19
3.46790692e-20
1.128352959e-19
-1.942627156e-19
4.506790948e-20
3.493410061e-20
1.017362236e-19
-2.368697185e-19
1.656285003e-20
9.737080767e-20
-2.436658288e-19
1.303988183e-19
1.318496461e-19
-3.795152053e-19
1.374261774e-19
1.381647881e-19
-1.017545978e-19
-1.83626237e-19
1.475394568e-19
2.365382849e-19
-3.255403016e-19
8.001353398e-20
1.731368653e-19
-1.048592712e-19
1.781099328e-19
4.452585421e-20
-3.148621938e-19
1.833402994e-19
4.662804912e-20
1.957723711e-19
-3.37690423e-19
4.41301397e-20
2.012743645e-19
-2.721488088e-19
-3.773609841e-20
2.045171826e-19
-2.420672643e-20
1.084151459e-19
1.100615695e-19
-1.722756898e-19
3.71168087e-20
-9.148281715e-20
3.346888658e-19
-1.824754518e-19
-1.084890656e-19
5.319063637e-20
4.810131099e-20
-4.818226509e-20
3.520680098e-20
-1.897952845e-19
6.930097935e-20
6.984613511e-20
7.151085458e-20
-1.373126551e-19
-2.090751681e-19
3.598451437e-19
-1.268253771e-19
2.715805095e-21
-1.498545336e-19
2.910254111e-19
-6.874121915e-20
-2.141473278e-19
8.248301203e-20
1.453479593e-19
2.124456436e-20
2.179776047e-20
2.487194036e-20
-3.192333138e-19
2.283587911e-19
-1.732757613e-19
1.710301019e-19
2.118154907e-20
2.950423353e-20
3.896170643e-20
-2.776692477e-19
2.482369413e-19
6.290642056e-20
6.493603317e-20
-1.200508672e-19
7.395942812e-20
-1.217718377e-19
6.791406694e-20
-1.289346202e-19
7.349959234e-20
1.595083483e-19
6.761107341e-20
5.101234071e-20
-1.611509648e-19
5.584747145e-20
-1.864343027e-19
5.615471025e-20
-9.72982738e-21
-1.365466399e-20
1.123488726e-19
-2.052417285e-19
-7.026633059e-21
5.085429044e-20
4.490509086e-20
1.936664902e-19
6.924296301e-20
-2.032432597e-19
1.837397099e-20
-1.217795598e-19
-6.433892905e-20
5.259467826e-20
-8.70550449e-21
1.228355701e-19
-1.343006469e-19
3.347795497e-20
-7.659595698e-20
6.382853922e-20
5.97419207e-20
1.30515891e-19
-1.572051277e-19
-2.30150164e-19
5.356275035e-20
-1.145168161e-19
-5.626346488e-20
-1.295746044e-21
1.188053036e-19
5.636867738e-20
-1.086828133e-19
-4.612418024e-20
5.769526959e-20
6.229153778e-20
1.278032376e-19
-1.148592346e-19
-1.869714685e-19
1.319332766e-19
-3.25893955e-20
-1.99464596e-19
1.328123131e-19
2.350905211e-20
-2.480945918e-20
-9.545712049e-20
2.045389764e-20
1.397600506e-19
-4.418018896e-20
-1.808068302e-20
-2.683574195e-20
-5.024105993e-20
2.312815701e-19
-1.384572884e-19
-3.562341088e-20
7.69365037e-20
2.131982825e-20
-1.506572854e-19
1.837146312e-19
-1.603528316e-19
3.381379157e-20
9.954907314e-20
-2.214072239e-19
2.599050463e-19
-1.630358437e-19
1.654596254e-19
-3.933447858e-20
6.002825189e-20
1.153222824e-20
-4.051633944e-20
-9.152010877e-20
1.854850093e-19
-4.069524666e-20
-1.205277215e-19
1.007572196e-20
-4.035871658e-20
1.320880887e-19
-4.372882731e-20
-3.155304996e-20
1.156990305e-19
-8.381758949e-20
1.243458844e-19
-1.826489702e-19
6.759939643e-20
1.162509185e-19
-3.376992857e-20
7.628719398e-20
-2.024244185e-19
1.215149888e-19
-9.7406179e-20
1.365350278e-19
-9.158984838e-20
9.785513133e-20
-1.922857923e-19
5.128036678e-20
-4.542683465e-20
5.055864654e-20
1.135649321e-19
-4.455087565e-20
5.429698441e-20
-5.001294071e-20
5.046596088e-20
-5.678193689e-20
4.564015181e-20
3.442498568e-20
-5.363314519e-20
-5.343120843e-20
-1.807326341e-20
-5.828522186e-20
3.769016786e-20
8.197316857e-20
-5.794268517e-20
4.313230184e-20
8.720004699e-20
-1.1396358e-19
9.874493073e-20
-1.061000329e-19
-4.280239435e-20
-4.277162635e-20
8.943045393e-20
-8.912799614e-20
-4.25384505e-20
8.930341026e-20
9.167228618e-20
-1.900805719e-19
9.797538982e-20
1.017102024e-19
-1.88278361e-19
1.099644225e-19
-5.112535085e-20
-4.860041117e-20
-1.623050892e-19
8.789816849e-20
-3.929428325e-20
-8.455922219e-20
8.649287352e-20
-4.035747722e-20
1.019626259e-19
-1.716604446e-19
1.001957108e-19
9.854502887e-20
-1.85099567e-19
9.420686971e-20
9.168200537e-20
-2.009814925e-19
1.201577897e-20
-2.991654085e-20
-1.083473556e-19
9.285032215e-20
1.172130062e-20
-3.507330448e-20
6.895193966e-21
-1.200021822e-19
9.371175515e-20
1.676188756e-20
9.517868368e-21
1.647384673e-21
-2.246988678e-20
2.241609862e-20
1.126369327e-19
-1.582299891e-19
-1.993732937e-21
1.560590147e-19
-1.233697636e-19
8.049996243e-20
-3.370230323e-21
-1.300082186e-19
8.157121958e-20
-6.283922946e-21
4.399835892e-20
5.144447586e-21
-5.959851658e-20
-8.091413674e-21
8.072474521e-20
-1.383592152e-19
4.47508129e-20
1.263575089e-19
-1.797544063e-19
9.207402291e-20
9.053138967e-20
-1.873072562e-19
9.249921028e-20
5.115402545e-20
-1.031244623e-19
9.888134467e-20
5.645706114e-20
-1.488862083e-19
1.120218469e-19
-9.524852742e-20
-2.659465027e-20
1.203618622e-19
-1.381923847e-19
1.142826638e-19
-2.727595934e-20
-3.037584353e-20
2.500248467e-21
-2.474746919e-20
8.478720522e-21
5.003895374e-21
8.435989191e-20
-1.537076506e-19
9.631936923e-20
-3.431940057e-20
-1.001745902e-19
1.046741472e-19
5.987734833e-22
4.311233816e-21
-3.068011421e-20
1.057061725e-19
-1.027368857e-19
-3.357882293e-23
1.037702319e-19
-1.085473352e-19
1.147761433e-19
-7.609308509e-20
3.913465254e-20
9.348954469e-21
-5.302613789e-20
3.980932811e-20
4.357379992e-20
-8.780972173e-20
4.410100221e-20
4.908050841e-20
-5.33124331e-20
4.371147982e-20
4.895807101e-20
-5.533874347e-20
1.026388784e-20
1.548651416e-20
2.53821246e-20
-4.284943352e-21
2.593576221e-20
-4.875773589e-21
2.633496067e-20
-9.412276694e-21
-1.20119123e-20
1.972048636e-20
-6.809346291e-20
-1.038227452e-21
3.141893747e-20
2.898794158e-20
-3.851962453e-20
2.40435442e-20
3.303782131e-20
-7.206844816e-20
3.819303018e-20
9.287487802e-21
3.676695022e-20
3.738599768e-20
6.831462819e-21
-4.3394335e-20
-4.306148182e-20
3.784790167e-21
3.134283907e-20
3.171505976e-20
-7.694927636e-20
4.012115133e-20
-1.179039776e-22
-3.279333897e-21
-8.684613148e-21
-5.768134466e-21
-1.93117505e-21
2.189328621e-21
7.58171328e-20
-7.832550024e-20
-4.737154589e-21
-5.953944283e-22
7.237199641e-20
-1.942629463e-21
-7.561558387e-20
-3.198217038e-21
-3.868143193e-20
6.593004885e-20
2.477252479e-20
-6.215367694e-20
2.336674062e-20
1.716113006e-20
-2.011079137e-21
2.305216242e-20
-6.262470227e-20
2.119159258e-20
6.055415044e-20
-3.855112262e-20
6.425931241e-22
-3.931256555e-20
-5.992222269e-20
4.14547582e-20
4.111941046e-20
-6.416133867e-20
4.011322496e-20
4.146805023e-20
-6.043070198e-20
4.000426674e-20
-2.861132144e-20
5.606159606e-21
2.199417797e-20
-5.584188715e-20
3.814869433e-20
-1.044783159e-20
-2.496672773e-20
1.273170816e-20
5.071722459e-20
-2.708666732e-20
9.949582206e-21
-1.416823903e-21
-1.165012032e-20
-1.267832445e-21
1.088605401e-20
-1.052319814e-20
-8.396462754e-22
-2.116154669e-20
3.903710154e-20
8.662774646e-21
1.288126858e-22
-6.94997074e-21
1.752962093e-20
-4.351084223e-21
8.151405281e-22
-4.215618297e-21
5.3254763e-22
-4.028627933e-21
4.041068281e-22
4.13035441e-22
-3.718636254e-21
3.469687454e-22
7.662907976e-21
4.409793016e-22
)
;
    }
    front_bottom
    {
        type            wedge;
        value           nonuniform 0();
    }
    back_top
    {
        type            wedge;
        value           nonuniform List<scalar> 
502
(
1.850016114e-23
2.121764047e-23
2.399712937e-23
2.705925794e-23
3.042426356e-23
3.398886457e-23
3.780405155e-23
4.180974302e-23
4.590448242e-23
5.014091402e-23
5.444468387e-23
2.020091635e-22
2.308933618e-22
2.619718715e-22
2.955274228e-22
3.319382734e-22
3.706999462e-22
4.117149875e-22
4.546240128e-22
4.989947436e-22
5.446208838e-22
5.907914359e-22
-6.857733962e-22
-7.785487711e-22
-8.792112651e-22
-9.87610588e-22
-1.102586912e-21
-1.22333906e-21
-1.349822555e-21
-1.481131987e-21
-1.616197139e-21
-1.753853501e-21
5.567012088e-22
6.322853867e-22
7.136194091e-22
8.009776731e-22
8.941537698e-22
9.926441846e-22
1.095715496e-21
1.202384928e-21
1.311993512e-21
1.423778876e-21
-8.548121376e-22
-9.7072613e-22
-1.096406077e-21
-1.231354013e-21
-1.374820372e-21
-1.525870551e-21
-1.683798373e-21
-1.847389668e-21
-2.015489302e-21
-2.18683065e-21
-2.910726893e-22
-3.305851617e-22
-3.734194423e-22
-4.19412958e-22
-4.682887595e-22
-5.197716603e-22
-5.735326231e-22
-6.291102436e-22
-6.861835951e-22
-7.44428862e-22
6.205555477e-22
7.048881012e-22
7.961417228e-22
8.940490619e-22
9.981371217e-22
1.107820274e-21
1.222389269e-21
1.341014887e-21
1.462675223e-21
1.586267581e-21
5.86267345e-21
6.660578174e-21
7.524154952e-21
8.450540776e-21
9.435230402e-21
1.047227005e-20
1.155465961e-20
1.267426097e-20
1.382150842e-20
1.498568496e-20
-8.637844691e-21
-9.815780609e-21
-1.109062414e-20
-1.245790116e-20
-1.391081674e-20
-1.544040445e-20
-1.703581147e-20
-1.86846818e-20
-2.037225685e-20
-2.208232672e-20
1.325351196e-22
1.506343915e-22
1.702880945e-22
1.913084678e-22
2.136275564e-22
2.371040202e-22
2.615127704e-22
2.867513897e-22
3.12637828e-22
3.388008728e-22
5.492559745e-21
6.245648673e-21
7.060773261e-21
7.934771909e-21
8.86289126e-21
9.838991543e-21
1.085564988e-20
1.190445286e-20
1.297506245e-20
1.40565472e-20
-3.323340061e-21
-3.780559615e-21
-4.275522521e-21
-4.806274119e-21
-5.369812443e-21
-5.962198835e-21
-6.578733322e-21
-7.214087758e-21
-7.861668096e-21
-8.514720784e-21
1.233868206e-21
1.404318611e-21
1.588929933e-21
1.786879262e-21
1.996966352e-21
2.217634249e-21
2.44715266e-21
2.683429072e-21
2.923912263e-21
3.166003761e-21
8.908063703e-21
1.014459613e-20
1.148406842e-20
1.292054218e-20
1.444511587e-20
1.604621721e-20
1.771006791e-20
1.942102083e-20
2.115936891e-20
2.290570641e-20
-2.498884643e-21
-2.847654678e-21
-3.225636874e-21
-3.631089677e-21
-4.061426638e-21
-4.513197067e-21
-4.982328354e-21
-5.464176081e-21
-5.95289044e-21
-6.442803107e-21
-1.807244305e-20
-2.061064208e-20
-2.336318637e-20
-2.631688302e-20
-2.945182154e-20
-3.274184425e-20
-3.615580265e-20
-3.965823557e-20
-4.320393257e-20
-4.675113791e-20
-1.8074515e-21
-2.063090037e-21
-2.34053439e-21
-2.638417389e-21
-2.954641308e-21
-3.286439803e-21
-3.630501719e-21
-3.983060264e-21
-4.339266326e-21
-4.694847964e-21
2.867855647e-21
3.276700366e-21
3.720869213e-21
4.198044798e-21
4.704732927e-21
5.23630451e-21
5.787179814e-21
6.350978042e-21
6.919553609e-21
7.485762357e-21
3.038374057e-20
3.475333951e-20
3.950607998e-20
4.461673353e-20
5.004620498e-20
5.574229259e-20
6.164200276e-20
6.767291586e-20
7.374202797e-20
7.977136773e-20
-1.638329398e-20
-1.876236376e-20
-2.135369168e-20
-2.414327318e-20
-2.71089447e-20
-3.022071318e-20
-3.344220894e-20
-3.6731482e-20
-4.003456089e-20
-4.330754632e-20
4.859699579e-21
5.572966772e-21
6.351152743e-21
7.189978724e-21
8.082523281e-21
9.019383327e-21
9.988957901e-21
1.097779676e-20
1.196859856e-20
1.294772584e-20
7.024431548e-21
8.067425086e-21
9.207595215e-21
1.043861954e-20
1.175003284e-20
1.312729515e-20
1.455234912e-20
1.600413172e-20
1.745555529e-20
1.888574802e-20
-3.147327087e-21
-3.620562162e-21
-4.139065856e-21
-4.699993983e-21
-5.298432479e-21
-5.927402646e-21
-6.578193522e-21
-7.240500333e-21
-7.901117086e-21
-8.550103142e-21
-4.927180528e-21
-5.678194804e-21
-6.50317309e-21
-7.39765233e-21
-8.353656515e-21
-9.35956421e-21
-1.040052539e-20
-1.145892628e-20
-1.251218792e-20
-1.354353025e-20
1.14361898e-20
1.320489758e-20
1.515357826e-20
1.727209912e-20
1.954120892e-20
2.19320861e-20
2.44073452e-20
2.692209932e-20
2.941869327e-20
3.185478016e-20
-1.514197763e-20
-1.752064435e-20
-2.01501491e-20
-2.301761085e-20
-2.609679479e-20
-2.934720349e-20
-3.271482912e-20
-3.613393888e-20
-3.952028727e-20
-4.28122544e-20
-2.416101506e-20
-2.8019877e-20
-3.230179091e-20
-3.698776756e-20
-4.203516242e-20
-4.737524574e-20
-5.291395495e-20
-5.853495184e-20
-6.408882285e-20
-6.946609747e-20
8.662324807e-21
1.007024046e-20
1.163910958e-20
1.336301119e-20
1.522656916e-20
1.720364779e-20
1.925734815e-20
2.134122621e-20
2.339539156e-20
2.53755479e-20
1.429530062e-20
1.666193129e-20
1.93115215e-20
2.22363391e-20
2.54113678e-20
2.879120307e-20
3.23092407e-20
3.587960695e-20
3.939105335e-20
4.275999603e-20
6.456739016e-21
7.546437341e-21
8.772767963e-21
1.013352433e-20
1.161788069e-20
1.320439742e-20
1.486017657e-20
1.654161089e-20
1.819175229e-20
1.976680648e-20
1.581059899e-20
1.853287602e-20
2.16140028e-20
2.5052838e-20
2.882499904e-20
3.287633789e-20
3.711896665e-20
4.143238576e-20
4.565732505e-20
4.96676485e-20
-2.568836994e-21
-3.020379292e-21
-3.534658159e-21
-4.112367895e-21
-4.750137202e-21
-5.43906943e-21
-6.163617891e-21
-6.901637512e-21
-7.62334675e-21
-8.304279389e-21
-2.800036555e-20
-3.302770006e-20
-3.879204573e-20
-4.531425289e-20
-5.25670153e-20
-6.045417707e-20
-6.879305789e-20
-7.730998074e-20
-8.562905438e-20
-9.342754984e-20
-8.40222226e-21
-9.943772763e-21
-1.172421267e-20
-1.375474009e-20
-1.603131357e-20
-1.852654165e-20
-2.118188875e-20
-2.390424785e-20
-2.656206932e-20
-2.90364554e-20
1.785307043e-20
2.120096596e-20
2.509769133e-20
2.958036716e-20
3.465265942e-20
4.026293898e-20
4.628064484e-20
5.2481977e-20
5.853892869e-20
6.413704675e-20
-1.837121015e-20
-2.189269128e-20
-2.602519233e-20
-3.082381349e-20
-3.63095561e-20
-4.244109739e-20
-4.908100864e-20
-5.597011727e-20
-6.271047664e-20
-6.889394452e-20
-7.04143319e-21
-8.420931084e-21
-1.005373277e-20
-1.196886e-20
-1.418313337e-20
-1.668790712e-20
-1.943151039e-20
-2.23032372e-20
-2.512272853e-20
-2.769014455e-20
2.600211579e-20
3.120665065e-20
3.742168425e-20
4.47894963e-20
5.341413311e-20
6.330351349e-20
7.428360962e-20
8.59063933e-20
9.738399453e-20
1.077627839e-19
-7.68826271e-21
-9.259638099e-21
-1.115319473e-20
-1.342318392e-20
-1.611618318e-20
-1.925146842e-20
-2.278841361e-20
-2.658573173e-20
-3.03690206e-20
-3.377006062e-20
7.651980054e-21
9.247638471e-21
1.118803601e-20
1.354119598e-20
1.63730074e-20
1.972600745e-20
2.357925293e-20
2.778957289e-20
3.203846557e-20
3.584339661e-20
4.96699943e-21
6.022690335e-21
7.318092814e-21
8.90758626e-21
1.084931077e-20
1.319128819e-20
1.5940559e-20
1.901008867e-20
2.216363049e-20
2.498634743e-20
8.11837495e-22
9.87469393e-22
1.20487724e-21
1.474772786e-21
1.809621766e-21
2.221606468e-21
2.717050251e-21
3.284826543e-21
3.882406482e-21
4.419860162e-21
2.334956769e-21
2.848523908e-21
3.489547133e-21
4.29445225e-21
5.308781549e-21
6.583281916e-21
8.15774276e-21
1.001894519e-20
1.204125859e-20
1.388308022e-20
-1.356479254e-22
-1.659598574e-22
-2.040872931e-22
-2.524841966e-22
-3.144104229e-22
-3.939213817e-22
-4.950856465e-22
-6.191025902e-22
-7.594838361e-22
-8.903846377e-22
-7.355224798e-21
-9.019125133e-21
-1.112661754e-20
-1.382831299e-20
-1.733616628e-20
-2.193829537e-20
-2.79783131e-20
-3.569729111e-20
-4.489771962e-20
-5.381476293e-20
-2.637716591e-22
-3.241544658e-22
-4.011003402e-22
-5.006142714e-22
-6.315365942e-22
-8.068845541e-22
-1.04448886e-21
-1.362579765e-21
-1.766600561e-21
-2.181966513e-21
3.44654653e-22
4.24245786e-22
5.261997599e-22
6.590538763e-22
8.358904477e-22
1.077190643e-21
1.414408823e-21
1.888932561e-21
2.539621298e-21
3.267838017e-21
-1.779806686e-21
-2.19414906e-21
-2.727152512e-21
-3.425991501e-21
-4.365025709e-21
-5.666924106e-21
-7.537659708e-21
-1.030410406e-20
-1.444854079e-20
-1.965750166e-20
2.370079439e-21
2.924367834e-21
3.639530163e-21
4.581412418e-21
5.855791559e-21
7.643390118e-21
1.026728236e-20
1.431321929e-20
2.093975488e-20
3.067008628e-20
-4.701605051e-22
-5.803120543e-22
-7.226901761e-22
-9.107065524e-22
-1.166181686e-21
-1.527322447e-21
-2.065091747e-21
-2.917665343e-21
-4.441386618e-21
-7.597250408e-21
)
;
    }
    back_middle
    {
        type            wedge;
        value           nonuniform List<scalar> 
665
(
-7.038456808e-22
2.70500961e-21
-7.433556464e-22
-9.550533658e-21
-7.354323664e-22
2.898388807e-21
-8.00748933e-22
-1.029541289e-20
-7.840527876e-22
3.153734957e-21
-8.719113985e-22
3.243167249e-21
-1.579235343e-20
2.985923894e-20
-1.173873232e-20
-3.33436677e-21
-1.202083822e-20
1.940379235e-20
-1.064135043e-22
-3.70535662e-21
-2.607318782e-20
-3.677657191e-21
2.544660633e-20
-4.049186488e-21
5.280334869e-23
-3.318615956e-20
3.543737053e-21
3.671871187e-21
-1.81223516e-20
1.55090317e-20
3.767746517e-21
1.623472297e-20
-3.189676151e-20
3.983112823e-21
-2.058179485e-20
4.435134944e-21
1.834997561e-20
-2.139423644e-20
-9.721553036e-21
-1.209150131e-20
1.024029356e-20
-3.367116882e-20
4.40754706e-20
-3.477536968e-20
3.377521608e-20
-3.609084885e-20
3.480470178e-20
-2.500079231e-20
-3.864662154e-20
3.728217958e-20
-2.654402222e-20
2.473940519e-20
3.602207986e-20
-9.43636167e-20
5.547836939e-21
4.935124396e-20
4.869057938e-21
3.785370007e-20
-1.030969742e-19
4.18091301e-20
1.846746885e-20
4.309578262e-21
-8.760042367e-20
2.110371443e-20
4.595447839e-20
-1.018440635e-20
-4.163262455e-20
-1.157012285e-20
-1.053737657e-20
1.029414126e-19
-1.05666936e-20
-1.283219345e-19
1.069143586e-19
-1.342631721e-20
-1.049309183e-20
-1.380169266e-20
-5.391772606e-20
-1.201594626e-20
-2.916652503e-20
4.603172587e-20
-3.006082841e-20
-3.170269545e-20
4.793219962e-20
-3.054353295e-20
-3.28955647e-20
8.478048798e-20
-3.232814815e-20
-3.544756153e-20
5.525431334e-20
-7.010743381e-20
-3.830448266e-20
8.29246812e-20
-1.976106677e-20
-4.895779966e-20
8.785664596e-20
-5.178183298e-20
-5.126151827e-20
9.229178685e-20
-5.413222108e-20
-1.858770567e-20
9.891508595e-20
-9.304614698e-20
-2.122268893e-20
6.85297558e-20
7.264204439e-20
9.251925878e-22
-1.612095e-19
7.753526591e-20
4.162691336e-21
-5.999446467e-20
1.122221429e-19
-6.17842156e-20
-3.289363917e-20
1.18079362e-19
-6.671642653e-20
-3.652066476e-20
8.744251986e-20
-1.543662275e-20
-1.485975276e-20
-1.156595317e-19
5.457034782e-20
9.840637853e-21
-4.880456314e-20
-1.551203228e-20
9.273563905e-20
-5.164123449e-20
1.591181301e-20
-4.668153779e-20
1.022694053e-19
-1.847738943e-20
-2.783412274e-20
4.053780273e-20
-3.099403009e-20
4.097623091e-20
-2.852697244e-20
-5.88167168e-20
1.071923674e-20
7.241356464e-20
-6.260245884e-20
-3.276434171e-20
-6.677433318e-20
1.957880165e-19
-7.152205853e-20
-5.181382721e-21
8.931546535e-20
-5.180680633e-21
-1.018956733e-19
-3.20416693e-21
-5.108601027e-21
6.831605755e-20
-4.387463362e-21
-7.505544669e-21
-1.113499065e-20
-1.199915146e-19
1.115955386e-19
1.189999853e-21
2.514336222e-20
-2.68291916e-20
1.638828287e-21
-8.892617483e-22
-5.370617086e-21
-4.223550709e-21
-2.405608061e-21
1.329837679e-23
-2.52141307e-20
1.09556236e-19
-1.124175873e-19
-7.811969061e-21
-4.526132304e-21
4.091727398e-20
-9.961514796e-20
1.747272351e-20
1.116393374e-19
-7.088058007e-20
2.556766314e-20
2.331340663e-20
6.696679743e-21
-1.328218877e-20
1.176866267e-19
-8.304382099e-20
2.313226122e-20
-1.179510404e-20
6.643510039e-20
-2.266892549e-20
6.261014749e-20
-1.035115355e-19
-2.480680252e-20
6.250820666e-20
1.513690693e-19
-2.273606893e-19
7.70372721e-20
7.679217353e-20
6.330753079e-20
-1.745124741e-19
-9.921088963e-21
-1.358494839e-19
1.109510429e-19
1.128035239e-19
-1.416006594e-19
1.075907358e-19
-1.438067771e-19
1.3861446e-19
-1.345549306e-19
1.179307614e-19
1.154243584e-19
1.25865186e-19
-3.80628183e-19
8.013161148e-20
-3.129468472e-19
7.953320488e-20
1.658996047e-19
7.777109493e-20
-1.648375223e-19
-7.68712654e-20
6.875461281e-20
-1.825185191e-19
1.92944058e-19
1.043456137e-19
1.023857952e-19
-3.727759624e-19
9.694940945e-20
-1.35985641e-19
9.26567031e-20
9.069917771e-20
-1.378557086e-19
-2.198307993e-19
1.052655788e-19
1.181343834e-19
-2.319834605e-19
1.051546815e-19
2.243349801e-20
1.254492471e-19
-1.505595961e-19
1.587314631e-20
1.995915147e-19
5.397768669e-20
-2.235704761e-20
-2.601916304e-19
4.563422626e-20
-4.061203177e-20
-3.923319379e-20
-3.667154321e-20
-3.307629872e-20
-2.860019839e-20
-2.339560738e-20
6.792432934e-20
-2.683079936e-20
2.486123286e-19
2.982816592e-20
-1.930107025e-19
3.467778085e-20
1.12833983e-19
-1.942640512e-19
4.506660941e-20
3.493282003e-20
1.01734905e-19
-2.368709697e-19
1.656164778e-20
9.736947956e-20
-2.436671271e-19
1.303978802e-19
1.318485859e-19
-3.795163829e-19
1.374249621e-19
1.381635509e-19
-1.017558748e-19
-1.83627463e-19
1.475382636e-19
2.365370196e-19
-3.255415395e-19
8.001239406e-20
1.731356458e-19
-1.048604997e-19
1.781090739e-19
4.452487964e-20
-3.148632833e-19
1.833391525e-19
4.66268738e-20
1.957711684e-19
-3.376916041e-19
4.412895971e-20
2.01273152e-19
-2.721500003e-19
-3.773718643e-20
2.045161003e-19
-2.420783722e-20
1.084143648e-19
1.100606305e-19
-1.722767405e-19
3.711572135e-20
-9.14839361e-20
3.346877075e-19
-1.824766189e-19
-1.084902167e-19
5.318947195e-20
4.810016437e-20
-4.818331965e-20
3.520579458e-20
-1.897962876e-19
6.930028145e-20
6.984525444e-20
7.150982642e-20
-1.373137009e-19
-2.090762299e-19
3.59844044e-19
-1.268265436e-19
2.714631107e-21
-1.498556847e-19
2.910242911e-19
-6.874228529e-20
-2.141483301e-19
8.248207646e-20
1.453473383e-19
2.124377929e-20
2.179676503e-20
2.487091651e-20
-3.192343085e-19
2.283577372e-19
-1.73276872e-19
1.710289239e-19
2.118035296e-20
2.950309332e-20
3.896058852e-20
-2.776702788e-19
2.482360343e-19
6.290586431e-20
6.493532159e-20
-1.200518083e-19
7.395841631e-20
-1.217728186e-19
6.791305186e-20
-1.289356812e-19
7.349844778e-20
1.595071082e-19
6.760987722e-20
5.101121212e-20
-1.611520259e-19
5.584648501e-20
-1.864347968e-19
5.615405851e-20
-9.730691365e-21
-1.365562411e-20
1.123478896e-19
-2.052427209e-19
-7.027633329e-21
5.08531727e-20
4.490386833e-20
1.936652677e-19
6.924181148e-20
-2.03244334e-19
1.837295077e-20
-1.217799997e-19
-6.433950824e-20
5.259393484e-20
-8.706355177e-21
1.228346778e-19
-1.343015731e-19
3.347699025e-20
-7.659702439e-20
6.382738877e-20
5.97407379e-20
1.30514752e-19
-1.572062009e-19
-2.301512086e-19
5.356237243e-20
-1.145173214e-19
-5.626411316e-20
-1.296486513e-21
1.188045137e-19
5.636783394e-20
-1.086837192e-19
-4.612516983e-20
5.769417586e-20
6.229039818e-20
1.278021422e-19
-1.148602964e-19
-1.869725052e-19
1.319329558e-19
-3.25898364e-20
-1.994651546e-19
1.328116643e-19
2.350830033e-20
-2.481027226e-20
-9.545797125e-20
2.045297623e-20
1.39759042e-19
-4.418124839e-20
-1.808172794e-20
-2.68367731e-20
-5.02420728e-20
2.312813079e-19
-1.384576816e-19
-3.562390793e-20
7.693591966e-20
2.13191453e-20
-1.506580353e-19
1.837138161e-19
-1.60353705e-19
3.381284375e-20
9.954809219e-20
-2.214082157e-19
2.599040302e-19
-1.630368326e-19
1.654594119e-19
-3.933483379e-20
6.002779958e-20
1.153170775e-20
-4.051693641e-20
-9.152078738e-20
1.854842539e-19
-4.0696075e-20
-1.205286085e-19
1.007479301e-20
-4.035967785e-20
1.320871174e-19
-4.37297683e-20
-3.155323912e-20
1.156987118e-19
-8.381802315e-20
1.24345404e-19
-1.826494969e-19
6.759878154e-20
1.162502282e-19
-3.377067866e-20
7.628636665e-20
-2.024252951e-19
1.215140825e-19
-9.740711096e-20
1.365341243e-19
-9.159001266e-20
9.785487158e-20
-1.922861745e-19
5.127991973e-20
-4.542731147e-20
5.055809511e-20
1.135643068e-19
-4.455157589e-20
5.4296209e-20
-5.001378069e-20
5.04651105e-20
-5.678282258e-20
4.563927561e-20
3.442485645e-20
-5.363334547e-20
-5.343151708e-20
-1.807364481e-20
-5.828564941e-20
3.768965354e-20
8.197257908e-20
-5.794333681e-20
4.313156025e-20
8.719924962e-20
-1.139643929e-19
9.874407626e-20
-1.061009045e-19
-4.280248115e-20
-4.277178365e-20
8.943022024e-20
-8.912830723e-20
-4.253882333e-20
8.930293006e-20
9.167172073e-20
-1.90081191e-19
9.797469517e-20
1.017094682e-19
-1.882791194e-19
1.099636216e-19
-5.112617427e-20
-4.860120368e-20
-1.623051413e-19
8.789805565e-20
-3.929444694e-20
-8.455947232e-20
8.649256212e-20
-4.035789454e-20
1.019621056e-19
-1.716610176e-19
1.001950812e-19
9.85443683e-20
-1.851002611e-19
9.420614703e-20
9.168126483e-20
-2.009822394e-19
1.201575583e-20
-2.991661189e-20
-1.083474669e-19
9.285013316e-20
1.172104262e-20
-3.507366526e-20
6.89472334e-21
-1.200027133e-19
9.371118891e-20
1.676131618e-20
9.51726935e-21
1.646746162e-21
-2.247050803e-20
2.241543142e-20
1.12636921e-19
-1.58230044e-19
-1.99380971e-21
1.560588766e-19
-1.233699755e-19
8.049964709e-20
-3.370649685e-21
-1.30008703e-19
8.15707205e-20
-6.284411302e-21
4.399787198e-20
5.143906513e-21
-5.959904358e-20
-8.092015142e-21
8.072473052e-20
-1.38359263e-19
4.475075284e-20
1.263573997e-19
-1.797545715e-19
9.207376677e-20
9.053103072e-20
-1.873076777e-19
9.249877784e-20
5.115359848e-20
-1.031248627e-19
9.888085605e-20
5.645655781e-20
-1.488867562e-19
1.120218481e-19
-9.524856861e-20
-2.659470402e-20
1.203617675e-19
-1.381925134e-19
1.14282466e-19
-2.727624615e-20
-3.037617689e-20
2.499897126e-21
-2.474784762e-20
8.478357132e-21
5.003452149e-21
8.43593957e-20
-1.537082092e-19
9.631939734e-20
-3.431943431e-20
-1.00174644e-19
1.046740583e-19
5.986650253e-22
4.311076851e-21
-3.068032072e-20
1.057059487e-19
-1.027371552e-19
-3.39057951e-23
1.037698875e-19
-1.085477522e-19
1.147756373e-19
-7.609364277e-20
3.913470357e-20
9.348933119e-21
-5.302619685e-20
3.980922594e-20
4.357368066e-20
-8.780985102e-20
4.410085793e-20
4.908037033e-20
-5.331262147e-20
4.371118903e-20
4.895776159e-20
-5.533915542e-20
1.026340349e-20
1.54859673e-20
2.538219013e-20
-4.284956661e-21
2.59357054e-20
-4.875887574e-21
2.633482051e-20
-9.41240398e-21
-1.201202489e-20
1.972040942e-20
-6.809361012e-20
-1.038502327e-21
3.141865062e-20
2.89875575e-20
-3.85201149e-20
2.404305225e-20
3.303789012e-20
-7.206844707e-20
3.819297534e-20
9.287363448e-21
3.676678975e-20
3.738587285e-20
6.831343048e-21
-4.33944142e-20
-4.306159265e-20
3.784515481e-21
3.134255697e-20
3.171469375e-20
-7.694975055e-20
4.012071095e-20
-1.17822573e-22
-3.279327349e-21
-8.684656544e-21
-5.768245663e-21
-1.931324853e-21
2.18920422e-21
7.581699934e-20
-7.832560075e-20
-4.737231308e-21
-5.956455573e-22
7.237168938e-20
-1.942954131e-21
-7.561601015e-20
-3.198617508e-21
-3.868135702e-20
6.593006737e-20
2.477250087e-20
-6.215375275e-20
2.336662225e-20
1.716104479e-20
-2.011191981e-21
2.305205474e-20
-6.262474112e-20
2.119142657e-20
6.055385855e-20
-3.855142034e-20
6.422026983e-22
-3.931292391e-20
-5.992218031e-20
4.145477611e-20
4.111939166e-20
-6.416140517e-20
4.011315945e-20
4.146802546e-20
-6.043073115e-20
4.000417124e-20
-2.861132886e-20
5.606114509e-21
2.199393519e-20
-5.584216003e-20
3.814833691e-20
-1.044813261e-20
-2.496670458e-20
1.273170514e-20
5.071719714e-20
-2.708671623e-20
9.949532675e-21
-1.416844496e-21
-1.16500917e-20
-1.267878649e-21
1.088605151e-20
-1.052318668e-20
-8.397852786e-22
-2.116175686e-20
3.903681563e-20
8.662539141e-21
1.28821049e-22
-6.949975679e-21
1.752960916e-20
-4.351125246e-21
8.151101421e-22
-4.215629109e-21
5.325762304e-22
-4.028637879e-21
4.040951937e-22
4.130588619e-22
-3.718685491e-21
3.468903125e-22
7.66276404e-21
4.408776116e-22
)
;
    }
    back_bottom
    {
        type            wedge;
        value           nonuniform 0();
    }
    axis_top
    {
        type            symmetryPlane;
        value           nonuniform 0();
    }
    axis_middle
    {
        type            symmetryPlane;
        value           nonuniform 0();
    }
    axis_bottom
    {
        type            symmetryPlane;
        value           nonuniform 0();
    }
    wall_top
    {
        type            calculated;
        value           uniform 0;
    }
    wall_middle
    {
        type            calculated;
        value           uniform 0;
    }
    wall_bottom
    {
        type            calculated;
        value           nonuniform 0();
    }
    inlet
    {
        type            calculated;
        value           nonuniform 0();
    }
    outlet
    {
        type            calculated;
        value           nonuniform 0();
    }
    procBoundary5to4
    {
        type            processor;
        value           nonuniform List<scalar> 
51
(
6.419611541e-11
1.87701067e-10
3.038636805e-10
4.127108759e-10
5.143383979e-10
6.088741548e-10
6.964731379e-10
7.773172933e-10
8.516097628e-10
9.195696674e-10
9.81428342e-10
1.037425456e-09
1.087805435e-09
1.132814534e-09
1.172698094e-09
1.207698196e-09
1.238051667e-09
1.263988514e-09
1.285730678e-09
1.303490913e-09
1.317472218e-09
1.327867191e-09
1.334857646e-09
1.33861449e-09
1.339297253e-09
1.337054223e-09
1.332021818e-09
1.324323948e-09
1.314071561e-09
1.301361455e-09
1.286274352e-09
1.268872517e-09
1.249196359e-09
1.227259145e-09
1.203039729e-09
1.260533565e-10
1.172168511e-09
1.142489822e-09
1.110099791e-09
1.074647999e-09
1.035610107e-09
9.922279718e-10
9.434456953e-10
8.878529921e-10
8.236484738e-10
7.486232968e-10
6.601586608e-10
5.552265242e-10
4.304056935e-10
2.819626064e-10
1.060317702e-10
)
;
    }
    procBoundary5to6
    {
        type            processor;
        value           nonuniform List<scalar> 
51
(
-4.84765699e-11
-1.418292065e-10
-1.990192593e-12
-2.323399785e-10
-3.162469925e-10
-3.952183775e-10
-4.694328944e-10
-5.390616187e-10
-6.042697392e-10
-6.652166418e-10
-7.22056294e-10
-7.749379647e-10
-8.2400655e-10
-8.694032281e-10
-9.112662754e-10
-9.497309935e-10
-9.849305787e-10
-1.016996274e-09
-1.046057432e-09
-1.072242169e-09
-1.09567689e-09
-1.116487077e-09
-1.134796686e-09
-1.150728807e-09
-1.164405149e-09
-1.175946552e-09
-1.185472548e-09
-1.19310181e-09
-1.198951781e-09
-1.203139064e-09
-1.205779067e-09
-1.206986332e-09
-1.206874206e-09
-1.205554862e-09
-1.203139042e-09
-1.199735742e-09
-1.195451779e-09
-1.190391283e-09
-1.184654913e-09
-1.178339296e-09
-1.171536061e-09
-1.164331436e-09
-1.156805321e-09
-1.149031187e-09
-1.141075556e-09
-1.13299819e-09
-1.124851953e-09
-1.116683449e-09
-1.108533198e-09
-1.100435713e-09
-1.092418231e-09
)
;
    }
}


// ************************************************************************* //
