/*--------------------------------*- C++ -*----------------------------------*\
  =========                 |
  \\      /  F ield         | OpenFOAM: The Open Source CFD Toolbox
   \\    /   O peration     | Website:  https://openfoam.org
    \\  /    A nd           | Version:  7
     \\/     M anipulation  |
\*---------------------------------------------------------------------------*/
FoamFile
{
    version     2.0;
    format      ascii;
    class       surfaceScalarField;
    location    "0.0027";
    object      phi;
}
// * * * * * * * * * * * * * * * * * * * * * * * * * * * * * * * * * * * * * //

dimensions      [1 0 -1 0 0 0 0];

internalField   nonuniform List<scalar> 
2259
(
7.470014475e-11
2.688055855e-12
7.20120889e-11
1.052002075e-11
2.105816974e-10
2.310694246e-11
3.409676931e-10
4.001617528e-11
4.632483873e-10
6.078232429e-11
5.775345406e-10
8.491575204e-11
6.839627296e-10
1.119092771e-10
7.826876332e-10
1.412439981e-10
8.738781737e-10
1.723945696e-10
9.577134418e-10
2.048337295e-10
1.03437895e-09
2.380364256e-10
1.104063734e-09
2.714836215e-10
1.166957809e-09
3.04665952e-10
1.223250429e-09
3.370872096e-10
1.273128195e-09
3.682680837e-10
1.316774092e-09
3.977495878e-10
1.354366981e-09
4.250974928e-10
1.386080624e-09
4.499057498e-10
1.41208447e-09
4.718016453e-10
1.432543142e-09
4.904499291e-10
1.447617011e-09
5.055576912e-10
1.457463219e-09
5.168795093e-10
1.462236171e-09
5.242223076e-10
1.462088144e-09
5.274496728e-10
1.45717103e-09
5.264867471e-10
1.447636245e-09
5.213236276e-10
1.433636221e-09
5.120180066e-10
1.415324774e-09
4.986970293e-10
1.39285713e-09
4.815575011e-10
1.366390321e-09
4.608641304e-10
1.336082034e-09
4.369462892e-10
1.302089523e-09
4.101928521e-10
1.264566943e-09
3.810442722e-10
1.223662274e-09
3.499836811e-10
1.179512002e-09
3.175257893e-10
1.13223503e-09
2.842057878e-10
1.081924416e-09
2.505681319e-10
1.0286386e-09
2.171574105e-10
9.723922405e-10
1.845132879e-10
9.131492546e-10
1.531689648e-10
8.508222761e-10
1.236530389e-10
7.85281085e-10
9.649043379e-11
7.163737932e-10
7.219687547e-11
6.439602139e-10
5.125856393e-11
5.679536281e-10
3.408739786e-11
4.883656774e-10
2.093794953e-11
4.05350244e-10
1.176600313e-11
3.192504422e-10
6.004856611e-12
2.306608579e-10
2.252628925e-12
1.404946878e-10
4.862284647e-11
3.258160635e-12
6.875392829e-11
1.276404836e-11
2.010758097e-10
2.807145939e-11
3.256602821e-10
4.86952548e-11
4.42624592e-10
7.412162015e-11
5.521081753e-10
1.038158513e-10
6.542684984e-10
1.372279583e-10
7.492755262e-10
1.737978138e-10
8.373083184e-10
2.129594695e-10
9.185517861e-10
2.541447538e-10
9.93193665e-10
2.967863831e-10
1.061422105e-09
3.403206323e-10
1.12342356e-09
3.841898343e-10
1.179381227e-09
4.278443466e-10
1.229473682e-09
4.707449651e-10
1.273873474e-09
5.123649017e-10
1.312747044e-09
5.521921188e-10
1.346253407e-09
5.897318166e-10
1.374544772e-09
6.245092803e-10
1.397765679e-09
6.560729041e-10
1.416053388e-09
6.839980667e-10
1.429538056e-09
7.078911429e-10
1.438343095e-09
7.273941376e-10
1.442585149e-09
7.421900051e-10
1.442375163e-09
7.520080637e-10
1.437818187e-09
7.566303261e-10
1.429013958e-09
7.558973558e-10
1.416057744e-09
7.49714483e-10
1.399040003e-09
7.380581456e-10
1.378046657e-09
7.209805752e-10
1.353159604e-09
6.986149736e-10
1.324455124e-09
6.711780171e-10
1.292003899e-09
6.389717905e-10
1.2558685e-09
6.023830294e-10
1.216100762e-09
5.618805286e-10
1.17273753e-09
5.180103892e-10
1.125794555e-09
4.713898557e-10
1.075259133e-09
4.227006806e-10
1.021081416e-09
3.726841878e-10
9.631657476e-10
3.221400872e-10
9.013663774e-10
2.719290169e-10
8.354921562e-10
2.229763018e-10
7.653265092e-10
1.762682455e-10
6.906682715e-10
1.32831599e-10
6.113902762e-10
9.369405072e-11
5.275032271e-10
5.984961277e-11
4.391946834e-10
3.229533201e-11
3.468047243e-10
1.22374007e-11
2.507187902e-10
1.550161159e-12
1.51181928e-10
5.017300817e-11
3.792390061e-12
6.496153824e-11
1.485916569e-11
1.900090341e-10
3.2704932e-11
3.078145158e-10
5.680353664e-11
4.185259873e-10
8.660557166e-11
5.223061403e-10
1.215453588e-10
6.193287114e-10
1.610456226e-10
7.097752623e-10
2.045218742e-10
7.938320667e-10
2.513859582e-10
8.716877022e-10
3.010488329e-10
9.435307907e-10
3.529228484e-10
1.009548089e-09
4.064235741e-10
1.069922834e-09
4.609713673e-10
1.124833434e-09
5.159924403e-10
1.174452609e-09
5.70919762e-10
1.218946152e-09
6.251942549e-10
1.258472551e-09
6.782650398e-10
1.293182622e-09
7.295905317e-10
1.32321928e-09
7.786389636e-10
1.348717247e-09
8.248890761e-10
1.369803275e-09
8.678315661e-10
1.386595566e-09
9.069699457e-10
1.399204715e-09
9.418224138e-10
1.407732682e-09
9.719244096e-10
1.412273167e-09
9.968312185e-10
1.412911377e-09
1.016122057e-09
1.409723119e-09
1.029404875e-09
1.402774927e-09
1.036322057e-09
1.392122821e-09
1.036557306e-09
1.377811408e-09
1.029843602e-09
1.359873307e-09
1.01597175e-09
1.338326975e-09
9.947998251e-10
1.313175824e-09
9.662634504e-10
1.284404875e-09
9.303860612e-10
1.251978152e-09
8.872894382e-10
1.215834154e-09
8.37204849e-10
1.175879144e-09
7.804847727e-10
1.131979209e-09
7.176172734e-10
1.083948916e-09
6.492458463e-10
1.031537176e-09
5.762003884e-10
9.744118363e-10
4.995475308e-10
9.121450148e-10
4.206656284e-10
8.442084128e-10
3.41343968e-10
7.699899331e-10
2.638864037e-10
6.888478417e-10
1.911733262e-10
6.002163057e-10
1.266009293e-10
5.037670813e-10
7.372869358e-11
3.996769605e-10
3.524091673e-11
2.892065669e-10
1.073899536e-11
1.756838485e-10
6.091200151e-11
4.25197255e-12
6.070956572e-11
1.667402455e-11
1.775869821e-10
3.673512984e-11
2.877534105e-10
6.388279919e-11
3.913783179e-10
9.755013798e-11
4.886388015e-10
1.371610219e-10
5.797178275e-10
1.821343288e-10
6.648019554e-10
2.318872475e-10
7.440791478e-10
2.858382421e-10
8.177367076e-10
3.434092037e-10
8.859598289e-10
4.040271798e-10
9.489301131e-10
4.671256252e-10
1.006824389e-09
5.321452869e-10
1.059813772e-09
5.985347872e-10
1.108063109e-09
6.657505335e-10
1.151730406e-09
7.332566569e-10
1.190966428e-09
8.005244771e-10
1.225914801e-09
8.670318586e-10
1.256711899e-09
9.322619449e-10
1.283487161e-09
9.95701929e-10
1.306363291e-09
1.056841638e-09
1.325455856e-09
1.115171981e-09
1.340874372e-09
1.170183274e-09
1.352721388e-09
1.221363531e-09
1.361092909e-09
1.268197442e-09
1.366077466e-09
1.310164623e-09
1.367755938e-09
1.346739442e-09
1.366200109e-09
1.377390349e-09
1.361471912e-09
1.401580134e-09
1.353621623e-09
1.41876691e-09
1.342686532e-09
1.42840572e-09
1.328688166e-09
1.429951019e-09
1.311630525e-09
1.422859812e-09
1.29149608e-09
1.406595895e-09
1.26824207e-09
1.38063596e-09
1.241794089e-09
1.34447644e-09
1.212038665e-09
1.297644311e-09
1.178811339e-09
1.239711133e-09
1.141882094e-09
1.170315084e-09
1.100933226e-09
1.089195557e-09
1.055531364e-09
9.962523819e-10
1.00508819e-09
8.916470395e-10
9.48813756e-10
7.759725701e-10
8.856644029e-10
6.505223994e-10
8.142980125e-10
5.176879426e-10
7.330507629e-10
3.815044731e-10
6.399505507e-10
2.483567372e-10
5.328246959e-10
1.281289335e-10
4.094343697e-10
3.766193362e-11
2.661508472e-10
9.857393331e-11
4.585948308e-12
5.612361741e-11
1.798553858e-11
1.641873918e-10
3.96447983e-11
2.660941508e-10
6.899803988e-11
3.620250763e-10
1.054722103e-10
4.52164631e-10
1.484909137e-10
5.36699124e-10
1.974778399e-10
6.158150291e-10
2.518590397e-10
6.896979482e-10
3.11064946e-10
7.585308013e-10
3.745318711e-10
8.224929038e-10
4.417029773e-10
8.817590071e-10
5.120288865e-10
9.364984792e-10
5.849679417e-10
9.868747172e-10
6.599862606e-10
1.03304479e-09
7.365575628e-10
1.075159104e-09
8.14162736e-10
1.113361255e-09
8.922897955e-10
1.147787742e-09
9.704338403e-10
1.178567854e-09
1.048097019e-09
1.205823983e-09
1.124789266e-09
1.229671044e-09
1.200028854e-09
1.250216268e-09
1.273343389e-09
1.267559838e-09
1.344270728e-09
1.281794048e-09
1.412359073e-09
1.293004566e-09
1.477166653e-09
1.301269885e-09
1.53825991e-09
1.306662682e-09
1.595210275e-09
1.309249744e-09
1.647589123e-09
1.309093064e-09
1.694961153e-09
1.306249594e-09
1.73687546e-09
1.300772225e-09
1.772855275e-09
1.29270835e-09
1.802385182e-09
1.282100618e-09
1.824896498e-09
1.268984764e-09
1.839749831e-09
1.253388738e-09
1.846215079e-09
1.235328842e-09
1.843448238e-09
1.214805506e-09
1.830463556e-09
1.191796021e-09
1.806100838e-09
1.166244812e-09
1.768983796e-09
1.138050269e-09
1.717466971e-09
1.107048189e-09
1.649566766e-09
1.072988395e-09
1.562879714e-09
1.035500809e-09
1.454507716e-09
9.940364001e-10
1.32105622e-09
9.477495084e-10
1.158838365e-09
8.952686172e-10
9.645058532e-10
8.342830626e-10
7.364556317e-10
7.608749168e-10
4.779330847e-10
6.679569162e-10
2.053101997e-10
5.387737318e-10
3.038841326e-10
-4.60098714e-13
5.658371612e-11
-1.809501481e-12
1.655367946e-10
-4.01266785e-12
2.682973172e-10
-7.044954918e-12
3.650573633e-10
-1.088921989e-11
4.56008896e-10
-1.553469977e-11
5.413446038e-10
-2.097596001e-11
6.212562893e-10
-2.721152025e-11
6.959335084e-10
-3.424279047e-11
7.655620716e-10
-4.207285356e-11
8.303229669e-10
-5.070547743e-11
8.90391631e-10
-6.014415365e-11
9.459371554e-10
-7.039120445e-11
9.97121768e-10
-8.144688663e-11
1.044100472e-09
-9.330846271e-11
1.08702068e-09
-1.059690289e-10
1.126021821e-09
-1.194163284e-10
1.161235041e-09
-1.336314855e-10
1.192783011e-09
-1.485875671e-10
1.220780065e-09
-1.642479988e-10
1.245331476e-09
-1.805658497e-10
1.266534119e-09
-1.974830212e-10
1.284477009e-09
-2.149307684e-10
1.299241796e-09
-2.32830525e-10
1.310904322e-09
-2.510957451e-10
1.319535106e-09
-2.69633792e-10
1.325200729e-09
-2.883477929e-10
1.327963745e-09
-3.071375448e-10
1.327882816e-09
-3.258995032e-10
1.325011552e-09
-3.445252358e-10
1.319397958e-09
-3.628990765e-10
1.311082191e-09
-3.808949233e-10
1.300096465e-09
-3.983733505e-10
1.286463192e-09
-4.151785297e-10
1.270193917e-09
-4.311352664e-10
1.251285579e-09
-4.460440243e-10
1.229714264e-09
-4.596727911e-10
1.205424788e-09
-4.717427232e-10
1.178314744e-09
-4.8190571e-10
1.148213255e-09
-4.897090423e-10
1.114851521e-09
-4.945385892e-10
1.077817942e-09
-4.955210288e-10
1.036483248e-09
-4.913484473e-10
9.898638186e-10
-4.799803325e-10
9.363813934e-10
-4.581930798e-10
8.734813645e-10
-4.210000082e-10
7.970899909e-10
-3.610446865e-10
7.009195952e-10
-2.686306832e-10
5.755429128e-10
-1.355498469e-10
4.056928955e-10
1.683342857e-10
-3.568682564e-13
5.694058438e-11
-1.40614536e-12
1.665860717e-10
-3.123078489e-12
2.700142503e-10
-5.491691429e-12
3.674259763e-10
-8.503205635e-12
4.590204102e-10
-1.215443443e-11
5.449958326e-10
-1.6446548e-11
6.255484029e-10
-2.138344396e-11
7.008704044e-10
-2.697054315e-11
7.711491708e-10
-3.321351469e-11
8.365659384e-10
-4.011691807e-11
8.972950344e-10
-4.768286987e-11
9.535031072e-10
-5.590963342e-11
1.005348532e-09
-6.479008293e-11
1.052980922e-09
-7.430990355e-11
1.096540501e-09
-8.444586238e-11
1.13615778e-09
-9.516436961e-11
1.171953549e-09
-1.064207151e-10
1.204039356e-09
-1.181588038e-10
1.232518153e-09
-1.303125433e-10
1.257485215e-09
-1.428087646e-10
1.279030341e-09
-1.55570491e-10
1.297238736e-09
-1.685219467e-10
1.312193251e-09
-1.815922259e-10
1.323974601e-09
-1.947191958e-10
1.332662076e-09
-2.078509344e-10
1.338332467e-09
-2.209461584e-10
1.341058969e-09
-2.33971817e-10
1.340908475e-09
-2.468998537e-10
1.337939589e-09
-2.597014297e-10
1.332199534e-09
-2.723409477e-10
1.323721709e-09
-2.847682927e-10
1.312523811e-09
-2.969118061e-10
1.298606705e-09
-3.086703003e-10
1.281952411e-09
-3.199058112e-10
1.26252109e-09
-3.304341564e-10
1.240242609e-09
-3.400123418e-10
1.215002973e-09
-3.483183532e-10
1.186620756e-09
-3.54919072e-10
1.154813974e-09
-3.592183399e-10
1.119150789e-09
-3.603761428e-10
1.078975745e-09
-3.571913977e-10
1.033298503e-09
-3.479565494e-10
9.806289703e-10
-3.303324738e-10
9.187573179e-10
-3.013655001e-10
8.445143908e-10
-2.578784271e-10
7.536029178e-10
-1.976381908e-10
6.406793591e-10
-1.222216133e-10
5.001263354e-10
-4.494206283e-11
3.284133451e-10
1.233922229e-10
-2.663076224e-13
5.7206892e-11
-1.04891817e-12
1.673686823e-10
-2.332060364e-12
2.712973925e-10
-4.107218118e-12
3.69201134e-10
-6.371889862e-12
4.612850819e-10
-9.12786911e-12
5.477518119e-10
-1.237980216e-11
6.288003359e-10
-1.613341011e-11
7.046240123e-10
-2.039386719e-11
7.754096279e-10
-2.516421118e-11
8.413362824e-10
-3.044355063e-11
9.025743738e-10
-3.622527241e-11
9.59284829e-10
-4.249534332e-11
1.011618602e-09
-4.92309056e-11
1.059716484e-09
-5.639947768e-11
1.103709073e-09
-6.395936022e-11
1.143717662e-09
-7.18613457e-11
1.179855534e-09
-8.005172016e-11
1.212229731e-09
-8.847602503e-11
1.240942458e-09
-9.708379083e-11
1.266092981e-09
-1.058317964e-10
1.287778346e-09
-1.146865584e-10
1.306093498e-09
-1.236248839e-10
1.321131577e-09
-1.326323957e-10
1.332982113e-09
-1.417012084e-10
1.341730889e-09
-1.508260056e-10
1.347457264e-09
-1.60000389e-10
1.350233352e-09
-1.692125718e-10
1.350120658e-09
-1.784416674e-10
1.347168684e-09
-1.876539677e-10
1.341411834e-09
-1.967991926e-10
1.332866934e-09
-2.058061986e-10
1.321530817e-09
-2.145771301e-10
1.307377636e-09
-2.229800175e-10
1.290355298e-09
-2.308384969e-10
1.270379569e-09
-2.379193667e-10
1.247323479e-09
-2.439157645e-10
1.220999371e-09
-2.484258337e-10
1.191130825e-09
-2.509233485e-10
1.157311489e-09
-2.507204297e-10
1.11894787e-09
-2.469268299e-10
1.075182145e-09
-2.384284973e-10
1.02480017e-09
-2.239358747e-10
9.661363478e-10
-2.021860997e-10
8.970075428e-10
-1.723989947e-10
8.147272858e-10
-1.350450788e-10
7.16249002e-10
-9.28272124e-11
5.984614928e-10
-5.128483787e-11
4.585839609e-10
-1.731869696e-11
2.944472042e-10
1.06073526e-10
-1.893048527e-13
5.739619685e-11
-7.467001021e-13
1.679260775e-10
-1.663424406e-12
2.722141168e-10
-2.936851245e-12
3.704745609e-10
-4.569072965e-12
4.629173036e-10
-6.565116553e-12
5.497478555e-10
-8.930938991e-12
6.311661584e-10
-1.167156234e-11
7.073646357e-10
-1.478899438e-11
7.785270599e-10
-1.828037231e-11
8.448276603e-10
-2.213641896e-11
9.064304205e-10
-2.634048323e-11
9.634888933e-10
-3.086859193e-11
1.016146711e-09
-3.569073853e-11
1.06453863e-09
-4.077361916e-11
1.108791953e-09
-4.608432354e-11
1.149028367e-09
-5.15942946e-11
1.185365505e-09
-5.728256889e-11
1.217918005e-09
-6.313813445e-11
1.246798024e-09
-6.916033131e-11
1.272115178e-09
-7.535719246e-11
1.293975207e-09
-8.17432764e-11
1.312479582e-09
-8.833530748e-11
1.327723608e-09
-9.514887866e-11
1.339795684e-09
-1.02194234e-10
1.348776244e-09
-1.094737982e-10
1.354736829e-09
-1.16979261e-10
1.357738815e-09
-1.246903798e-10
1.357831777e-09
-1.325723549e-10
1.355050659e-09
-1.405745076e-10
1.349413987e-09
-1.486271061e-10
1.340919532e-09
-1.56638348e-10
1.329542059e-09
-1.644889983e-10
1.315228287e-09
-1.720254826e-10
1.297891783e-09
-1.790499e-10
1.277403986e-09
-1.853071984e-10
1.253580777e-09
-1.904692098e-10
1.226161383e-09
-1.941160604e-10
1.194777675e-09
-1.957172874e-10
1.158912716e-09
-1.946189837e-10
1.117849566e-09
-1.900511088e-10
1.07061427e-09
-1.811786228e-10
1.015927684e-09
-1.672245879e-10
9.521823129e-10
-1.476875357e-10
8.774704906e-10
-1.226458793e-10
7.896856294e-10
-9.310791947e-11
6.867110422e-10
-6.135022764e-11
5.66703801e-10
-3.12358253e-11
4.284695586e-10
-8.678079425e-12
2.718894584e-10
9.739544655e-11
-1.268814713e-13
5.752307832e-11
-5.011365901e-13
1.683003326e-10
-1.119351377e-12
2.728323316e-10
-1.98289778e-12
3.713381073e-10
-3.09617678e-12
4.640305826e-10
-4.464617301e-12
5.51116296e-10
-6.092207467e-12
6.327937485e-10
-7.979791604e-12
7.092522198e-10
-1.012348214e-11
7.806707504e-10
-1.251408334e-11
8.472182615e-10
-1.513765421e-11
9.090539913e-10
-1.797732388e-11
9.66328563e-10
-2.101610211e-11
1.019185489e-09
-2.424008256e-11
1.067762611e-09
-2.764136053e-11
1.112193231e-09
-3.122001386e-11
1.15260702e-09
-3.498435005e-11
1.189129841e-09
-3.895006415e-11
1.221883719e-09
-4.313826652e-11
1.250986226e-09
-4.757228477e-11
1.276549196e-09
-5.227514238e-11
1.298678065e-09
-5.726691148e-11
1.317471351e-09
-6.256246886e-11
1.333019165e-09
-6.816986654e-11
1.345403082e-09
-7.408829742e-11
1.354694675e-09
-8.030651335e-11
1.360955044e-09
-8.680094782e-11
1.36423325e-09
-9.35343131e-11
1.364565142e-09
-1.004540555e-10
1.361970402e-09
-1.074905267e-10
1.356450458e-09
-1.14555097e-10
1.347984103e-09
-1.215365365e-10
1.336523498e-09
-1.282970093e-10
1.32198876e-09
-1.346649888e-10
1.304259762e-09
-1.404274163e-10
1.283166414e-09
-1.453186627e-10
1.258472023e-09
-1.490100249e-10
1.229852745e-09
-1.511000891e-10
1.19686774e-09
-1.511135295e-10
1.158926156e-09
-1.485152725e-10
1.115251309e-09
-1.427549061e-10
1.064853904e-09
-1.33351631e-10
1.006524409e-09
-1.200282557e-10
9.388589376e-10
-1.028844789e-10
8.603267137e-10
-8.257988857e-11
7.693810391e-10
-6.047230212e-11
6.646034557e-10
-3.862982057e-11
5.448613195e-10
-1.961067484e-11
4.094504128e-10
-5.884145478e-12
2.58162929e-10
9.151130107e-11
-7.834866135e-14
5.760142698e-11
-3.10013189e-13
1.685319972e-10
-6.949779637e-13
2.732172963e-10
-1.236262815e-12
3.718793921e-10
-1.93797811e-12
4.647322979e-10
-2.803315585e-12
5.519816335e-10
-3.832888272e-12
6.338233212e-10
-5.024279171e-12
7.104436107e-10
-6.37277124e-12
7.820192425e-10
-7.872874155e-12
8.487183644e-10
-9.520657145e-12
9.107017743e-10
-1.131610413e-11
9.6812401e-10
-1.326490082e-11
1.021134286e-09
-1.537919215e-11
1.069876902e-09
-1.767729545e-11
1.114491334e-09
-2.018219257e-11
1.155111917e-09
-2.291960862e-11
1.191867257e-09
-2.591611322e-11
1.224880224e-09
-2.919710288e-11
1.254267216e-09
-3.278499222e-11
1.280137085e-09
-3.669821824e-11
1.302591291e-09
-4.094934187e-11
1.321722474e-09
-4.554445835e-11
1.337614282e-09
-5.048163019e-11
1.350340254e-09
-5.575041502e-11
1.35996346e-09
-6.133016813e-11
1.366534797e-09
-6.718938426e-11
1.370092466e-09
-7.328364402e-11
1.370659402e-09
-7.955470388e-11
1.368241461e-09
-8.592785e-11
1.362823604e-09
-9.231000369e-11
1.354366256e-09
-9.858605906e-11
1.342799554e-09
-1.046146162e-10
1.328017317e-09
-1.10222297e-10
1.309867443e-09
-1.151968363e-10
1.288140953e-09
-1.192802663e-10
1.262555453e-09
-1.221635062e-10
1.232735985e-09
-1.234871507e-10
1.198191384e-09
-1.228526252e-10
1.15829163e-09
-1.198515476e-10
1.112250232e-09
-1.141180258e-10
1.059120382e-09
-1.054054927e-10
9.97811876e-10
-9.368188085e-11
9.271353257e-10
-7.922669845e-11
8.458715313e-10
-6.270929321e-11
7.528636339e-10
-4.522648314e-11
6.471206457e-10
-2.828624647e-11
5.279210828e-10
-1.373767189e-11
3.949018383e-10
-3.688240477e-12
2.481134976e-10
8.782306059e-11
-4.229486165e-14
5.764372185e-11
-1.677670557e-13
1.686574693e-10
-3.777922165e-13
2.734273215e-10
-6.750764219e-13
3.721766763e-10
-1.062451686e-12
4.651196732e-10
-1.541927004e-12
5.524611088e-10
-2.114968844e-12
6.343963631e-10
-2.783464262e-12
7.111121061e-10
-3.551414162e-12
7.827871924e-10
-4.426421959e-12
8.495933722e-10
-5.420578936e-12
9.116959313e-10
-6.550712705e-12
9.692541437e-10
-7.837810247e-12
1.022421384e-09
-9.30593271e-12
1.071345025e-09
-1.098087076e-11
1.116166273e-09
-1.28888034e-11
1.15701985e-09
-1.505522235e-11
1.194033676e-09
-1.750372546e-11
1.227328727e-09
-2.025449937e-11
1.25701799e-09
-2.332370493e-11
1.283206291e-09
-2.672255654e-11
1.305990143e-09
-3.045644975e-11
1.325456367e-09
-3.452459661e-11
1.341682429e-09
-3.891883394e-11
1.354734491e-09
-4.362329431e-11
1.36466792e-09
-4.861285421e-11
1.371524357e-09
-5.385226536e-11
1.375331877e-09
-5.929440502e-11
1.376101541e-09
-6.487857484e-11
1.373825631e-09
-7.052841174e-11
1.368473441e-09
-7.614904653e-11
1.359986891e-09
-8.162438872e-11
1.348274896e-09
-8.681263434e-11
1.333205562e-09
-9.154266962e-11
1.314597478e-09
-9.56091792e-11
1.292207463e-09
-9.877042053e-11
1.265716695e-09
-1.007489604e-10
1.234714525e-09
-1.012406711e-10
1.198683095e-09
-9.993419106e-11
1.15698515e-09
-9.654573691e-11
1.108861778e-09
-9.086781399e-11
1.053442459e-09
-8.282982342e-11
9.897738854e-10
-7.256030747e-11
9.168658098e-10
-6.043887793e-11
8.337501017e-10
-4.712387002e-11
7.39548626e-10
-3.354233766e-11
6.335391133e-10
-2.083230923e-11
5.152110544e-10
-1.023200008e-11
3.843015291e-10
-2.911937221e-12
2.407934347e-10
8.491112337e-11
-1.691251759e-14
5.766063436e-11
-6.782223412e-14
1.687083791e-10
-1.548511676e-13
2.735143504e-10
-2.81045972e-13
3.723028711e-10
-4.504521807e-13
4.652890794e-10
-6.681955009e-13
5.526788521e-10
-9.415078724e-13
6.346696754e-10
-1.280401974e-12
7.114510002e-10
-1.698204975e-12
7.832049954e-10
-2.211647658e-12
8.501068149e-10
-2.840453919e-12
9.123247376e-10
-3.606792606e-12
9.700204824e-10
-4.53457144e-12
1.023349162e-09
-5.648544595e-12
1.072458998e-09
-6.973275301e-12
1.117491003e-09
-8.532291816e-12
1.158578866e-09
-1.034733425e-11
1.195848719e-09
-1.243749334e-11
1.229418886e-09
-1.481850513e-11
1.259399001e-09
-1.750247334e-11
1.285890259e-09
-2.049681934e-11
1.308984489e-09
-2.380413041e-11
1.328763679e-09
-2.742116146e-11
1.34529946e-09
-3.133833783e-11
1.358651667e-09
-3.553865314e-11
1.368868236e-09
-3.999680112e-11
1.375982505e-09
-4.467749119e-11
1.380012567e-09
-4.953431323e-11
1.380958364e-09
-5.450728083e-11
1.378798599e-09
-5.952132403e-11
1.373487484e-09
-6.448314194e-11
1.364948709e-09
-6.92789169e-11
1.353070671e-09
-7.377100639e-11
1.337697652e-09
-7.779535727e-11
1.318621829e-09
-8.115995088e-11
1.295572057e-09
-8.364561936e-11
1.268202363e-09
-8.501209031e-11
1.236080996e-09
-8.501071971e-11
1.198681724e-09
-8.340679048e-11
1.155381221e-09
-8.001098756e-11
1.105465975e-09
-7.471809953e-11
1.048149571e-09
-6.754828212e-11
9.82604068e-10
-5.868283532e-11
9.08000363e-10
-4.848784303e-11
8.235551095e-10
-3.751880785e-11
7.285795908e-10
-2.6503394e-11
6.225236994e-10
-1.63027216e-11
5.05010382e-10
-7.857272596e-12
3.758560801e-10
-2.134288536e-12
2.350704507e-10
8.277683483e-11
-1.871799602e-15
5.766250616e-11
-8.354186922e-15
1.687148614e-10
-2.280303942e-14
2.735287993e-10
-5.015043361e-14
3.723302185e-10
-9.722189857e-14
4.653361509e-10
-1.729567522e-13
5.52754587e-10
-2.887075003e-13
6.347854262e-10
-4.584097821e-13
7.116207025e-10
-6.985494095e-13
7.83445135e-10
-1.027936283e-12
8.504362018e-10
-1.46728728e-12
9.127640886e-10
-2.038533034e-12
9.705917282e-10
-2.764140394e-12
1.02407477e-09
-3.666442127e-12
1.0733613e-09
-4.767123367e-12
1.118591684e-09
-6.086598446e-12
1.159898341e-09
-7.643583699e-12
1.197405704e-09
-9.454221337e-12
1.231229524e-09
-1.153193651e-11
1.261476717e-09
-1.38868236e-11
1.288245146e-09
-1.652484614e-11
1.311622511e-09
-1.944771076e-11
1.331686543e-09
-2.2651527e-11
1.348503276e-09
-2.612667169e-11
1.362126812e-09
-2.985613397e-11
1.372597698e-09
-3.381504749e-11
1.379941419e-09
-3.796865188e-11
1.384166171e-09
-4.227124004e-11
1.385260952e-09
-4.6663955e-11
1.383191314e-09
-5.107294719e-11
1.377896476e-09
-5.540719926e-11
1.369282961e-09
-5.955612889e-11
1.3572196e-09
-6.33880869e-11
1.34152961e-09
-6.674879951e-11
1.321982541e-09
-6.946283318e-11
1.29828609e-09
-7.133690923e-11
1.270076439e-09
-7.216922802e-11
1.236913314e-09
-7.17635798e-11
1.198276076e-09
-6.995095129e-11
1.153568592e-09
-6.661538456e-11
1.102130408e-09
-6.172293086e-11
1.043257118e-09
-5.534844201e-11
9.762295792e-10
-4.769528532e-11
9.003472063e-10
-3.910436828e-11
8.149641924e-10
-3.004887743e-11
7.195240999e-10
-2.111386316e-11
6.135886852e-10
-1.296137281e-11
4.968578916e-10
-6.284030142e-12
3.691787374e-10
-1.750151724e-12
2.305365723e-10
8.102668311e-11
4.166204146e-15
5.765833996e-11
1.578963389e-14
1.68703238e-10
3.105490362e-14
2.73513534e-10
4.421033259e-14
3.723170631e-10
4.75725426e-14
4.653327887e-10
3.112630843e-14
5.527710332e-10
-1.734794955e-14
6.348339005e-10
-1.123572524e-13
7.117157118e-10
-2.702439572e-13
7.836030217e-10
-5.089217087e-13
8.506748795e-10
-8.475123784e-13
9.131026792e-10
-1.305902703e-12
9.710501185e-10
-1.90424336e-12
1.024673111e-09
-2.662478669e-12
1.074119535e-09
-3.599917072e-12
1.119529123e-09
-4.734843042e-12
1.161033267e-09
-6.08393295e-12
1.198754794e-09
-7.661826557e-12
1.232807417e-09
-9.480869901e-12
1.26329576e-09
-1.155022775e-11
1.290314504e-09
-1.387559576e-11
1.313947879e-09
-1.645845389e-11
1.334269401e-09
-1.929521477e-11
1.351340037e-09
-2.237656724e-11
1.365208164e-09
-2.568624279e-11
1.375907373e-09
-2.920001017e-11
1.383455186e-09
-3.288428098e-11
1.387850442e-09
-3.669443834e-11
1.389071109e-09
-4.0573451e-11
1.387070326e-09
-4.444960143e-11
1.381772627e-09
-4.823534387e-11
1.373068704e-09
-5.18251986e-11
1.360809455e-09
-5.509548417e-11
1.344799895e-09
-5.790439569e-11
1.324791453e-09
-6.009495443e-11
1.300476649e-09
-6.150060161e-11
1.271482086e-09
-6.195519531e-11
1.237367908e-09
-6.130704549e-11
1.197627926e-09
-5.943733018e-11
1.151698877e-09
-5.628010396e-11
1.098973182e-09
-5.18426303e-11
1.038819644e-09
-4.622180212e-11
9.70608751e-10
-3.961427161e-11
8.937396758e-10
-3.231813765e-11
8.076680584e-10
-2.472516991e-11
7.119311322e-10
-1.730403138e-11
6.061675466e-10
-1.057655144e-11
4.901304117e-10
-5.090319418e-12
3.636925054e-10
-1.393748971e-12
2.268400018e-10
7.963293413e-11
5.18704058e-15
5.765315292e-11
1.975000981e-14
1.686886751e-10
4.037837171e-14
2.734929057e-10
6.188055886e-14
3.722955609e-10
7.713778521e-14
4.653175314e-10
7.68388785e-14
5.527713321e-10
4.970933752e-14
6.3486103e-10
-1.744246305e-14
7.117828636e-10
-1.394441555e-13
7.837250234e-10
-3.323750663e-13
8.508678104e-10
-6.132958663e-13
9.133836e-10
-9.999165653e-13
9.714367392e-10
-1.510217884e-12
1.025183412e-09
-2.16208701e-12
1.074771404e-09
-2.973009694e-12
1.120340046e-09
-3.959607909e-12
1.162019866e-09
-5.137148533e-12
1.199932335e-09
-6.519300725e-12
1.234189569e-09
-8.11761445e-12
1.264894074e-09
-9.940702333e-12
1.292137592e-09
-1.199413615e-11
1.316001313e-09
-1.427920786e-11
1.336554473e-09
-1.679267577e-11
1.353853505e-09
-1.952543058e-11
1.367940919e-09
-2.246189962e-11
1.378843843e-09
-2.557839712e-11
1.386571684e-09
-2.884243802e-11
1.391114483e-09
-3.22106215e-11
1.392439293e-09
-3.562778443e-11
1.390487489e-09
-3.902497352e-11
1.385169816e-09
-4.231857096e-11
1.376362301e-09
-4.540937017e-11
1.363900254e-09
-4.818275531e-11
1.347573281e-09
-5.051060475e-11
1.327119302e-09
-5.225485055e-11
1.302220895e-09
-5.32745607e-11
1.272501796e-09
-5.343536583e-11
1.237528713e-09
-5.262252911e-11
1.19681509e-09
-5.075555153e-11
1.149831899e-09
-4.78034155e-11
1.096021046e-09
-4.37984062e-11
1.034814635e-09
-3.884585674e-11
9.656562015e-10
-3.31289507e-11
8.880227697e-10
-2.69070141e-11
8.014461218e-10
-2.050740761e-11
7.055315257e-10
-1.431140434e-11
5.999715433e-10
-8.735762965e-12
4.845547703e-10
-4.211640242e-12
3.591683827e-10
-1.162986926e-12
2.237913485e-10
7.846994721e-11
4.153637078e-15
5.764899928e-11
1.569858977e-14
1.686771301e-10
3.204706216e-14
2.734765572e-10
4.898226672e-14
3.722786257e-10
6.041201737e-14
4.653061017e-10
5.836680768e-14
5.527733773e-10
3.305339722e-14
6.348863434e-10
-2.689752549e-14
7.118428145e-10
-1.34379174e-13
7.838325051e-10
-3.034609381e-13
8.510368922e-10
-5.491369994e-13
9.136292761e-10
-8.870842892e-13
9.717746865e-10
-1.333347483e-12
1.025629675e-09
-1.904061615e-12
1.075342118e-09
-2.615104467e-12
1.121051088e-09
-3.4816253e-12
1.162886386e-09
-4.517786503e-12
1.200968496e-09
-5.736398802e-12
1.235408182e-09
-7.148158532e-12
1.266305833e-09
-8.761301299e-12
1.293750735e-09
-1.058109386e-11
1.317821106e-09
-1.260875347e-11
1.338582133e-09
-1.484120897e-11
1.35608596e-09
-1.726962187e-11
1.370369332e-09
-1.9878968e-11
1.381453189e-09
-2.264635191e-11
1.389339068e-09
-2.554030582e-11
1.394008437e-09
-2.851910287e-11
1.39541809e-09
-3.152965511e-11
1.393498042e-09
-3.450645315e-11
1.388146614e-09
-3.737055198e-11
1.3792264e-09
-4.002991448e-11
1.366559617e-09
-4.237990778e-11
1.349923274e-09
-4.430642106e-11
1.329045816e-09
-4.568982485e-11
1.303604299e-09
-4.641233462e-11
1.273224306e-09
-4.636657504e-11
1.237482954e-09
-4.546686648e-11
1.195915381e-09
-4.366041483e-11
1.148025448e-09
-4.093869789e-11
1.093299329e-09
-3.734658955e-11
1.031222526e-09
-3.298798902e-11
9.61297601e-10
-2.802758788e-11
8.830623686e-10
-2.268791543e-11
7.961064494e-10
-1.724210684e-11
7.000857171e-10
-1.200290479e-11
5.947323413e-10
-7.309396582e-12
4.798612621e-10
-3.512836662e-12
3.553718227e-10
-9.638993762e-13
2.212424112e-10
7.750604783e-11
2.464733235e-15
5.764653455e-11
9.251371681e-15
1.686703435e-10
1.847658487e-14
2.73467332e-10
2.682998437e-14
3.722702723e-10
2.928731951e-14
4.653036443e-10
1.926546321e-14
5.527833992e-10
-1.150899059e-14
6.349171179e-10
-7.270663726e-14
7.119040122e-10
-1.753190783e-13
7.839351175e-10
-3.315198744e-13
8.51193093e-10
-5.54430062e-13
9.138521863e-10
-8.578777757e-13
9.720781342e-10
-1.256173095e-12
1.02602797e-09
-1.763808287e-12
1.075849753e-09
-2.395103744e-12
1.121682384e-09
-3.16392577e-12
1.163655208e-09
-4.083348468e-12
1.201887919e-09
-5.165215691e-12
1.236490049e-09
-6.419405159e-12
1.267560023e-09
-7.853719733e-12
1.295185049e-09
-9.472899992e-12
1.319440286e-09
-1.127813519e-11
1.340387368e-09
-1.326621387e-11
1.358074039e-09
-1.542866794e-11
1.372531786e-09
-1.775076416e-11
1.383775285e-09
-2.021050208e-11
1.391798805e-09
-2.277737035e-11
1.396575305e-09
-2.541148976e-11
1.398052209e-09
-2.806211616e-11
1.396148668e-09
-3.066748527e-11
1.390751983e-09
-3.315391628e-11
1.381712831e-09
-3.543685989e-11
1.36884256e-09
-3.742203846e-11
1.351908452e-09
-3.900888724e-11
1.330632664e-09
-4.009497801e-11
1.304690389e-09
-4.05827827e-11
1.273712111e-09
-4.038737271e-11
1.237287544e-09
-3.944566135e-11
1.19497367e-09
-3.77249816e-11
1.146304768e-09
-3.523138021e-11
1.090805727e-09
-3.201555967e-11
1.028006706e-09
-2.817606665e-11
9.574581079e-10
-2.385941163e-11
8.787457136e-10
-1.92568272e-11
7.915038649e-10
-1.459797456e-11
6.954268644e-10
-1.014223252e-11
5.902765993e-10
-6.168472268e-12
4.758875018e-10
-2.964185244e-12
3.521675357e-10
-8.150830231e-13
2.19093309e-10
7.66909648e-11
6.26952785e-16
5.764590759e-11
2.190510231e-15
1.686687799e-10
3.518288726e-15
2.734660042e-10
2.20761939e-15
3.72271583e-10
-5.687269237e-15
4.653115392e-10
-2.554938531e-14
5.528032613e-10
-6.428166085e-14
6.349558501e-10
-1.300950188e-13
7.119698255e-10
-2.323769277e-13
7.840373994e-10
-3.816204501e-13
8.513423365e-10
-5.892682062e-13
9.14059834e-10
-8.67504046e-13
9.7235637e-10
-1.229029952e-12
1.026389496e-09
-1.686796985e-12
1.07630752e-09
-2.253723456e-12
1.12224931e-09
-2.942433753e-12
1.164343919e-09
-3.764945585e-12
1.20271043e-09
-4.731994058e-12
1.237457097e-09
-5.852731796e-12
1.268680761e-09
-7.134375361e-12
1.296466693e-09
-8.581110725e-12
1.320887021e-09
-1.01939923e-11
1.342000249e-09
-1.196958011e-11
1.359849627e-09
-1.389971804e-11
1.374461924e-09
-1.596994184e-11
1.385845509e-09
-1.81591221e-11
1.393987986e-09
-2.043787067e-11
1.398854054e-09
-2.276819903e-11
1.400382537e-09
-2.510214819e-11
1.398482617e-09
-2.738184099e-11
1.393031676e-09
-2.953932093e-11
1.383870311e-09
-3.149757655e-11
1.370800816e-09
-3.317261074e-11
1.353583487e-09
-3.447655929e-11
1.331936613e-09
-3.532250289e-11
1.305536333e-09
-3.563015688e-11
1.274019765e-09
-3.533281293e-11
1.2369902e-09
-3.438453163e-11
1.194025388e-09
-3.276678862e-11
1.144687025e-09
-3.049444173e-11
1.08853338e-09
-2.761947482e-11
1.025131739e-09
-2.423279624e-11
9.540714294e-10
-2.046349487e-11
8.749764122e-10
-1.647576415e-11
7.875161342e-10
-1.246357353e-11
6.914146738e-10
-8.643884522e-12
5.864569102e-10
-5.248882358e-12
4.724924997e-10
-2.517970769e-12
3.494366241e-10
-6.905040961e-13
2.172658423e-10
7.60004607e-11
-1.228779654e-15
5.764713637e-11
-4.95855964e-15
1.686725097e-10
-1.169860368e-14
2.734727442e-10
-2.296335737e-14
3.722828477e-10
-4.158825288e-14
4.653301641e-10
-7.189510124e-14
5.528335681e-10
-1.195394757e-13
6.350034945e-10
-1.915081537e-13
7.120417942e-10
-2.958607556e-13
7.84141752e-10
-4.416793101e-13
8.514881551e-10
-6.389375053e-13
9.142570922e-10
-8.983576327e-13
9.726157902e-10
-1.231178228e-12
1.026722317e-09
-1.648979492e-12
1.076725322e-09
-2.163385492e-12
1.122763716e-09
-2.785859837e-12
1.164966393e-09
-3.527259865e-12
1.20345183e-09
-4.397317773e-12
1.238327155e-09
-5.404476695e-12
1.269687919e-09
-6.555127566e-12
1.297617344e-09
-7.853038903e-12
1.322184932e-09
-9.298886074e-12
1.343446097e-09
-1.088911242e-11
1.361439853e-09
-1.261564065e-11
1.376188452e-09
-1.446443185e-11
1.3876943e-09
-1.641506371e-11
1.395938618e-09
-1.843951847e-11
1.400878509e-09
-2.050163437e-11
1.402444653e-09
-2.255650086e-11
1.400537484e-09
-2.455022597e-11
1.395025401e-09
-2.642068728e-11
1.385740772e-09
-2.809832217e-11
1.372478451e-09
-2.950886722e-11
1.354994032e-09
-3.057613143e-11
1.333003877e-09
-3.122675626e-11
1.306186958e-09
-3.139497933e-11
1.274187988e-09
-3.102870352e-11
1.236623924e-09
-3.009493898e-11
1.193091624e-09
-2.858507009e-11
1.143177156e-09
-2.651905783e-11
1.086467368e-09
-2.394779176e-11
1.022560473e-09
-2.095401073e-11
9.510776483e-10
-1.765118941e-11
8.716735909e-10
-1.418075507e-11
7.840456999e-10
-1.070764038e-11
6.879415591e-10
-7.414866897e-12
5.831641367e-10
-4.497440324e-12
4.695750731e-10
-2.156068716e-12
3.470952525e-10
-5.912962681e-13
2.157010698e-10
7.540916443e-11
-3.010370173e-15
5.765014674e-11
-1.185769857e-14
1.68681357e-10
-2.650675798e-14
2.734873933e-10
-4.766195104e-14
3.723040029e-10
-7.711007773e-14
4.653596123e-10
-1.181231689e-13
5.528745812e-10
-1.752331788e-13
6.350606045e-10
-2.543086904e-13
7.121208697e-10
-3.622893764e-13
7.842497327e-10
-5.070610922e-13
8.516329268e-10
-6.973633711e-13
9.144473945e-10
-9.42635741e-13
9.728610625e-10
-1.252853638e-12
1.027032535e-09
-1.638349606e-12
1.077110818e-09
-2.109563313e-12
1.12323493e-09
-2.676855569e-12
1.165533685e-09
-3.349914341e-12
1.204124889e-09
-4.137592468e-12
1.239114834e-09
-5.047567319e-12
1.270597894e-09
-6.085385559e-12
1.298655162e-09
-7.254424233e-12
1.323353971e-09
-8.554825377e-12
1.344746498e-09
-9.983018757e-12
1.362868046e-09
-1.153083114e-11
1.377736265e-09
-1.318476797e-11
1.389348237e-09
-1.492505393e-11
1.397678904e-09
-1.672515377e-11
1.402678608e-09
-1.855081332e-11
1.404270313e-09
-2.036023506e-11
1.402346905e-09
-2.210365389e-11
1.39676882e-09
-2.372460895e-11
1.387361727e-09
-2.516080198e-11
1.373914644e-09
-2.634691639e-11
1.356180146e-09
-2.721727019e-11
1.333874231e-09
-2.771014433e-11
1.306679832e-09
-2.777185387e-11
1.274249697e-09
-2.736183615e-11
1.236213906e-09
-2.645682582e-11
1.192186614e-09
-2.505497166e-11
1.141775302e-09
-2.317880746e-11
1.084591204e-09
-2.087671479e-11
1.02025838e-09
-1.822329204e-11
9.484242256e-10
-1.53181394e-11
8.687684382e-10
-1.228340677e-11
7.810109672e-10
-9.260108823e-12
6.849182612e-10
-6.403785154e-12
5.803078131e-10
-3.879689804e-12
4.670509777e-10
-1.857898191e-12
3.450734608e-10
-5.088227957e-13
2.143519944e-10
7.490034164e-11
-4.654941093e-15
5.765480169e-11
-1.825760639e-14
1.686949597e-10
-4.037560891e-14
2.735095113e-10
-7.102813644e-14
3.723346555e-10
-1.111325028e-13
4.653997166e-10
-1.629016519e-13
5.529263504e-10
-2.298543406e-13
6.351275572e-10
-3.167464004e-13
7.122077618e-10
-4.295378757e-13
7.843625242e-10
-5.750843438e-13
8.517784733e-10
-7.610621541e-13
9.146333723e-10
-9.95815088e-13
9.730958155e-10
-1.288206511e-12
1.027324926e-09
-1.647460016e-12
1.077470071e-09
-2.082980721e-12
1.123670451e-09
-2.60397474e-12
1.166054679e-09
-3.219166856e-12
1.204740081e-09
-3.936584092e-12
1.239832251e-09
-4.762970728e-12
1.271424281e-09
-5.703233695e-12
1.299595425e-09
-6.760241592e-12
1.324410979e-09
-7.933633495e-12
1.34591989e-09
-9.21977628e-12
1.364154189e-09
-1.061041567e-11
1.379126904e-09
-1.209256885e-11
1.39083039e-09
-1.364719067e-11
1.399233525e-09
-1.524917131e-11
1.404280589e-09
-1.686635344e-11
1.405887495e-09
-1.845995327e-11
1.403940505e-09
-1.99844004e-11
1.398293267e-09
-2.13885771e-11
1.388765904e-09
-2.261708969e-11
1.375143157e-09
-2.36126551e-11
1.357175712e-09
-2.431893305e-11
1.334580509e-09
-2.468405365e-11
1.307044953e-09
-2.466428794e-11
1.274229932e-09
-2.422814557e-11
1.235777764e-09
-2.335964951e-11
1.191318117e-09
-2.206152893e-11
1.140477181e-09
-2.035727267e-11
1.082886948e-09
-1.829210212e-11
1.01819321e-09
-1.593297366e-11
9.460650971e-10
-1.336741736e-11
8.662028819e-10
-1.07013391e-11
7.78344889e-10
-8.056024687e-12
6.822729467e-10
-5.564598588e-12
5.77816387e-10
-3.368162003e-12
4.648545411e-10
-1.611863906e-12
3.433171627e-10
-4.412638837e-13
2.131813944e-10
7.445907775e-11
-6.130496439e-15
-2.402661708e-14
-5.295334723e-14
-9.243707782e-14
-1.427203285e-13
-2.050349452e-13
-2.819411956e-13
-3.771868506e-13
-4.957151352e-13
-6.434859828e-13
-8.27242646e-13
-1.054375084e-12
-1.332781387e-12
-1.670735859e-12
-2.076609732e-12
-2.558616984e-12
-3.124613363e-12
-3.781833283e-12
-4.536101709e-12
-5.391787099e-12
-6.351089453e-12
-7.413335844e-12
-8.574660438e-12
-9.826918496e-12
-1.115748528e-11
-1.254822841e-11
-1.397535466e-11
-1.540894173e-11
-1.681306084e-11
-1.814628726e-11
-1.936249973e-11
-2.04126961e-11
-2.124676843e-11
-2.181653213e-11
-2.207839533e-11
1.307306816e-09
-2.199680119e-11
1.274148338e-09
-2.154733811e-11
1.235328301e-09
-2.071945171e-11
1.190490231e-09
-1.951889335e-11
1.139276623e-09
-1.796906864e-11
1.081337123e-09
-1.611177702e-11
1.016335918e-09
-1.40069644e-11
9.439602845e-10
-1.173167857e-11
8.639275961e-10
-9.378104271e-12
7.759913147e-10
-7.051139885e-12
6.799459824e-10
-4.865486395e-12
5.756307335e-10
-2.942528677e-12
4.629315834e-10
-1.407172819e-12
3.417818069e-10
-3.849423056e-13
2.121591639e-10
7.407413545e-11
-1.983153927e-11
-1.970317281e-11
-1.924925382e-11
-1.846325587e-11
-1.735282927e-11
-1.594071804e-11
-1.42652945e-11
-1.238020335e-11
-1.035342256e-11
-8.265567179e-12
-6.207877e-12
-4.27982154e-12
-2.586551293e-12
-1.236315216e-12
-3.380836618e-13
)
;

boundaryField
{
    front_top
    {
        type            wedge;
        value           nonuniform 0();
    }
    front_middle
    {
        type            wedge;
        value           nonuniform List<scalar> 
251
(
-1.303629083e-20
-3.725844812e-21
-1.313286116e-20
-3.69311473e-21
-1.281158066e-20
1.346090152e-21
1.395455142e-20
-4.517598151e-20
1.286128907e-20
5.243846378e-21
-2.942792986e-20
-2.694466226e-20
-2.754222477e-20
8.709629672e-21
2.043265741e-20
-2.258505837e-20
-3.000144718e-20
-1.518355469e-20
1.821953674e-20
-1.009945234e-21
3.053884621e-20
1.890543527e-20
-9.527259617e-21
-1.090647335e-20
-2.420060758e-21
3.087683353e-20
-1.192850037e-20
3.262436645e-20
-5.068350599e-20
-2.84395564e-21
4.442016124e-20
-1.069522991e-19
4.692807041e-20
1.397468415e-22
7.596926884e-21
4.886147771e-20
-3.407777298e-20
-6.354514303e-20
4.385605961e-20
1.058650095e-19
-6.893264363e-20
4.934870357e-20
-2.459061512e-20
-8.316002579e-21
2.431306019e-20
-4.244501733e-20
-6.276668562e-20
1.301050275e-19
-1.512065896e-19
7.120807824e-20
-2.649750326e-20
3.795344299e-21
-1.974552296e-20
-8.635083896e-20
7.431170165e-20
-6.993620098e-20
-2.516017856e-20
-2.381903524e-20
8.150508284e-20
4.146868713e-20
7.390728319e-20
4.709450502e-20
5.878057412e-20
-8.653609456e-21
-2.75489524e-20
3.87947506e-20
4.839077694e-20
1.86400351e-20
6.358794332e-20
5.277156316e-20
3.512144094e-20
-6.069238954e-20
-7.19686375e-21
-9.162504213e-20
1.189174643e-20
-1.448689432e-19
5.853133617e-20
6.364882526e-20
-3.262434297e-20
3.338042787e-20
-1.280114238e-19
-9.195298015e-20
4.957173787e-20
4.170941778e-20
3.675227494e-20
1.153576347e-20
-1.970856238e-19
7.444738699e-20
3.49961303e-20
-5.1728128e-20
1.753919176e-20
-4.857416514e-20
-1.471227763e-19
-5.857201936e-20
-2.796984418e-19
4.990033859e-21
-4.891728754e-20
-5.649191066e-20
-6.926883872e-20
-1.131639743e-19
7.136905683e-20
1.849027331e-20
1.753619786e-20
1.156991927e-19
4.203555414e-19
2.913649405e-20
3.764657604e-19
1.697274631e-20
-1.194465668e-19
6.377827262e-20
-4.037161102e-19
2.499019092e-19
-1.96609318e-19
-2.376779618e-19
4.283578346e-19
-2.723857295e-20
6.014073522e-20
-3.069514532e-19
1.082939816e-19
4.279285166e-19
-5.606995185e-19
9.667356995e-21
-2.757738134e-19
1.870378108e-19
1.894783124e-20
-8.821212906e-21
-7.150400777e-20
2.532624078e-19
1.463539663e-19
-8.371046063e-21
-2.684264221e-19
1.345210444e-20
1.565198496e-19
-4.152180842e-19
-3.864059335e-20
-6.695693938e-20
-1.086018995e-19
-5.321686822e-20
6.819642189e-20
3.424369087e-19
1.02538115e-19
2.291141786e-20
6.681636482e-21
5.923465068e-20
-1.205789157e-19
-3.473060323e-19
-2.121659391e-19
-1.07784514e-20
2.083022477e-19
-3.07794179e-19
-6.601574835e-20
-2.733060183e-20
1.161036681e-19
-9.890602894e-20
1.154640994e-19
3.083130063e-19
1.56759252e-19
1.408440241e-20
-1.972771552e-19
1.439959439e-19
-5.730695577e-20
2.153041502e-19
9.58373393e-20
-4.402447295e-20
3.604422311e-19
2.128030987e-19
-1.008608042e-19
-3.794683311e-20
-1.841223446e-19
-6.685607064e-20
-5.007588408e-19
-1.432188963e-19
6.370647785e-20
-9.195737291e-20
1.242869599e-19
3.015026704e-20
8.797058324e-21
4.601691256e-20
-2.308219203e-20
-3.700203734e-20
-2.001268022e-19
6.231348677e-21
1.967594163e-20
4.484336823e-20
9.473816126e-20
1.633522638e-19
3.627280689e-20
-1.170823687e-19
-4.953770146e-20
-1.605256465e-20
1.087505292e-19
3.07451008e-20
-6.466153417e-20
4.588070555e-20
-2.995269117e-20
-2.342693397e-19
3.057523537e-20
-8.877851902e-20
-5.205716619e-21
2.215711374e-19
5.484006251e-20
-7.599691451e-21
-4.705301613e-20
7.448153417e-20
-1.725342631e-20
-1.350597736e-19
-1.174358925e-19
-9.019957762e-21
8.998671223e-21
-5.082023429e-20
-6.111064807e-20
-3.660349805e-20
-4.430913927e-20
1.006615775e-20
9.059089643e-21
1.044926368e-19
3.061891088e-20
-1.044368387e-19
3.490185525e-20
1.463314579e-19
2.401419383e-20
2.58019542e-20
-2.193338772e-20
-1.108866862e-20
-5.494754052e-20
-2.188304892e-19
6.976594707e-21
-1.092518457e-20
-5.158906958e-20
8.367961512e-21
-3.893261923e-22
2.487784973e-20
-2.061562838e-20
2.058259537e-20
-2.125601679e-20
1.202065174e-19
2.574798257e-20
-2.315995703e-20
9.281908343e-21
1.083629128e-20
9.520564878e-20
1.563398654e-20
-1.454478239e-20
8.094047422e-21
2.594290247e-23
-9.386438682e-21
3.357468202e-21
-2.956089984e-21
2.433638251e-21
-2.103968014e-21
9.125544487e-21
)
;
    }
    front_bottom
    {
        type            wedge;
        value           nonuniform List<scalar> 
916
(
-1.932706393e-23
-1.479218282e-23
-1.103516196e-23
-7.968512288e-24
-5.200349954e-24
-4.19577475e-24
-1.663050546e-24
-1.849278136e-25
4.419391272e-26
3.392385504e-25
3.608096561e-25
2.68268879e-25
9.748470113e-27
1.945223916e-25
3.534062871e-25
1.055608673e-25
1.290158549e-26
-1.50681156e-25
2.925365271e-22
2.273431915e-22
1.695765687e-22
1.203677078e-22
8.128547304e-23
5.009095522e-23
2.747560051e-23
1.163698109e-23
2.049900204e-24
-1.903448403e-24
-2.831163354e-24
-2.429423308e-24
-2.074015197e-24
-1.771736433e-25
1.721029387e-24
2.311731163e-24
3.304480192e-24
3.94229594e-24
-6.633100598e-22
-5.154635965e-22
-3.850715041e-22
-2.747885075e-22
-1.845438195e-22
-1.152273312e-22
-6.282443179e-23
-2.656157198e-23
-4.54907812e-24
5.213044113e-24
7.022638509e-24
5.700346496e-24
3.37063716e-24
1.298137853e-24
-1.143173318e-24
-3.403997069e-24
-5.710151596e-24
-8.474601043e-24
-3.021104446e-22
-2.350610243e-22
-1.759016601e-22
-1.257762518e-22
-8.47465221e-23
-5.301921283e-23
-2.8977982e-23
-1.228245943e-23
-2.271803948e-24
2.290191871e-24
3.210099672e-24
2.545447817e-24
1.550917657e-24
6.783592592e-25
-3.436167507e-25
-1.308033253e-24
-2.29956202e-24
-3.561095368e-24
-9.806641658e-23
-7.650279104e-23
-5.725115657e-23
-4.103632975e-23
-2.766542959e-23
-1.731807467e-23
-9.381325331e-24
-3.830008502e-24
-3.919209838e-25
9.527045892e-25
1.063441906e-24
9.73596856e-25
6.761022046e-25
4.666036128e-25
2.076907412e-25
-3.682932358e-26
-2.926551887e-25
-8.21122496e-25
-5.723292513e-22
-4.470141311e-22
-3.356121922e-22
-2.413331051e-22
-1.639614477e-22
-1.030685996e-22
-5.713334375e-23
-2.5067491e-23
-6.102093794e-24
1.934052697e-24
3.629669248e-24
2.998745614e-24
1.487222222e-24
-8.020549637e-26
-1.720952046e-24
-3.424715003e-24
-5.039414778e-24
-6.8461786e-24
1.146060533e-21
8.970025635e-22
6.752952861e-22
4.871173418e-22
3.325143351e-22
2.100439878e-22
1.174249124e-22
5.325231192e-23
1.660052907e-23
7.979291442e-25
-3.395221422e-24
-2.394464242e-24
1.560717287e-25
3.16849048e-24
6.325782813e-24
9.616439071e-24
1.284809389e-23
1.55396351e-23
3.072122049e-21
2.409779331e-21
1.818164365e-21
1.31505911e-21
9.001156984e-22
5.696220438e-22
3.19228576e-22
1.480067464e-22
5.1456272e-23
1.010258885e-23
-1.193174865e-24
9.029226533e-26
5.659159184e-24
1.25332838e-23
1.988516878e-23
2.748121167e-23
3.490879424e-23
4.187579318e-23
-4.043704551e-21
-3.178773555e-21
-2.403684857e-21
-1.742818037e-21
-1.194936138e-21
-7.56574406e-22
-4.254013869e-22
-2.025509053e-22
-7.901986936e-23
-2.581643132e-23
-1.003970189e-23
-9.941861872e-24
-1.539701983e-23
-2.278757011e-23
-3.084090081e-23
-3.909338796e-23
-4.761682694e-23
-5.597354394e-23
6.865806141e-21
5.409755536e-21
4.099605346e-21
2.978955415e-21
2.044809866e-21
1.295252691e-21
7.330107978e-22
3.625625501e-22
1.606493841e-22
7.232364975e-23
4.332846868e-23
3.967905465e-23
4.558740234e-23
5.497127125e-23
6.600488823e-23
7.783008872e-23
8.988997654e-23
1.018691674e-22
-4.348586751e-21
-3.433873241e-21
-2.606804352e-21
-1.896628737e-21
-1.301636516e-21
-8.239481887e-22
-4.700666345e-22
-2.417881501e-22
-1.185719958e-22
-6.371154585e-23
-4.386763391e-23
-3.912305926e-23
-4.045737402e-23
-4.434793539e-23
-4.938072852e-23
-5.503352393e-23
-6.113948855e-23
-6.742063441e-23
-6.54878971e-21
-5.182136354e-21
-3.939603585e-21
-2.868227424e-21
-1.966203071e-21
-1.24477816e-21
-7.190894175e-22
-3.870792979e-22
-2.090706919e-22
-1.273337458e-22
-9.464782956e-23
-8.374763203e-23
-8.213503653e-23
-8.454416676e-23
-8.911193786e-23
-9.511085986e-23
-1.019584656e-22
-1.092712117e-22
-1.188572783e-21
-9.422535891e-22
-7.168542568e-22
-5.216245083e-22
-3.567811724e-22
-2.260198539e-22
-1.324950525e-22
-7.448957829e-23
-4.34691502e-23
-2.871010213e-23
-2.220149952e-23
-1.950976032e-23
-1.850638618e-23
-1.82185247e-23
-1.8421535e-23
-1.903751094e-23
-1.986879069e-23
-2.077179912e-23
3.655181385e-22
2.903100337e-22
2.210379489e-22
1.608263262e-22
1.100032265e-22
7.013235539e-23
4.226983484e-23
2.534545578e-23
1.608948418e-23
1.154570342e-23
9.453842608e-24
8.325961702e-24
7.799262567e-24
7.707358502e-24
7.70469512e-24
7.667604575e-24
7.699436199e-24
7.93442476e-24
1.60323216e-20
1.274806479e-20
9.696921073e-21
7.034245865e-21
4.792460034e-21
3.063925517e-21
1.87983097e-21
1.16559003e-21
7.758143117e-22
5.742237391e-22
4.697854292e-22
4.127593837e-22
3.794826949e-22
3.59440656e-22
3.476931046e-22
3.416979199e-22
3.400084827e-22
3.415825685e-22
5.850694782e-22
4.656795748e-22
3.538223452e-22
2.560052003e-22
1.743323082e-22
1.126399893e-22
7.108641998e-23
4.616860171e-23
3.238502238e-23
2.500438864e-23
2.092392864e-23
1.842503266e-23
1.682980561e-23
1.585871731e-23
1.521267412e-23
1.47123639e-23
1.437910485e-23
1.428835731e-23
-7.727220012e-21
-6.151205642e-21
-4.661611421e-21
-3.36067491e-21
-2.285038394e-21
-1.488435458e-21
-9.626235605e-22
-6.480851097e-22
-4.698383868e-22
-3.691172927e-22
-3.096525865e-22
-2.719729687e-22
-2.461843114e-22
-2.275630417e-22
-2.139625127e-22
-2.041865552e-22
-1.972705466e-22
-1.924142435e-22
-1.013799494e-20
-8.067707871e-21
-6.094778538e-21
-4.37882011e-21
-2.980957183e-21
-1.967973746e-21
-1.308517182e-21
-9.128808565e-22
-6.832229515e-22
-5.480251485e-22
-4.639457275e-22
-4.076889018e-22
-3.674066008e-22
-3.372405355e-22
-3.142882159e-22
-2.968111318e-22
-2.835684931e-22
-2.735839042e-22
1.595753974e-20
1.268590161e-20
9.546196502e-21
6.836975132e-21
4.669137379e-21
3.131119058e-21
2.13972269e-21
1.540711275e-21
1.184060788e-21
9.658821669e-22
8.238818546e-22
7.247025258e-22
6.512386329e-22
5.948434746e-22
5.507007117e-22
5.160007301e-22
4.886905984e-22
4.672153116e-22
3.422916518e-20
2.716183729e-20
2.034618323e-20
1.453503425e-20
9.975772106e-21
6.8041451e-21
4.772318822e-21
3.531660189e-21
2.772876484e-21
2.291333615e-21
1.9656087e-21
1.730481692e-21
1.551665245e-21
1.411287101e-21
1.29919001e-21
1.209136706e-21
1.136558168e-21
1.077946292e-21
-1.809613782e-20
-1.432180324e-20
-1.067448539e-20
-7.613858918e-21
-5.261360271e-21
-3.653282532e-21
-2.625399232e-21
-1.98939574e-21
-1.589633121e-21
-1.327274659e-21
-1.143937811e-21
-1.007957846e-21
-9.023385998e-22
-8.179666063e-22
-7.495592597e-22
-6.936495937e-22
-6.478262145e-22
-6.102142704e-22
-1.53473392e-20
-1.210429643e-20
-8.975157745e-21
-6.400056623e-21
-4.460522021e-21
-3.154394294e-21
-2.318225823e-21
-1.792896742e-21
-1.453797631e-21
-1.224471088e-21
-1.059621623e-21
-9.345728587e-22
-8.357651702e-22
-7.557546782e-22
-6.900758831e-22
-6.357445446e-22
-5.906473952e-22
-5.531327294e-22
-2.024657995e-20
-1.590068392e-20
-1.173030426e-20
-8.374505392e-21
-5.894794724e-21
-4.245067461e-21
-3.183671864e-21
-2.505728373e-21
-2.05683308e-21
-1.744983426e-21
-1.515301084e-21
-1.337762929e-21
-1.195470779e-21
-1.078949078e-21
-9.823367638e-22
-9.016433734e-22
-8.339943735e-22
-7.771410774e-22
6.24828126e-20
4.88298901e-20
3.585225103e-20
2.566391143e-20
1.82635985e-20
1.338568847e-20
1.022261671e-20
8.167290078e-21
6.7732454e-21
5.781468451e-21
5.035403282e-21
4.449566584e-21
3.974383984e-21
3.58159643e-21
3.253144984e-21
2.976784627e-21
2.74324105e-21
2.54520745e-21
-7.825388094e-20
-6.082008985e-20
-4.446711389e-20
-3.195981504e-20
-2.300768852e-20
-1.714497839e-20
-1.330421618e-20
-1.076509487e-20
-9.003163529e-21
-7.722960232e-21
-6.742326809e-21
-5.961870799e-21
-5.322282129e-21
-4.789279589e-21
-4.340360512e-21
-3.960138609e-21
-3.636743063e-21
-3.360791752e-21
6.338164962e-20
4.897277498e-20
3.567849379e-20
2.57803522e-20
1.877952896e-20
1.421261775e-20
1.118411722e-20
9.147974476e-21
7.704808753e-21
6.636588852e-21
5.805394726e-21
5.136239454e-21
4.583006958e-21
4.11879896e-21
3.725487703e-21
3.390477051e-21
3.104016504e-21
2.858337849e-21
-1.612208353e-20
-1.238148084e-20
-8.995003004e-21
-6.541036072e-21
-4.820706117e-21
-3.700352436e-21
-2.9471607e-21
-2.432505528e-21
-2.060486795e-21
-1.780646171e-21
-1.559878673e-21
-1.380359927e-21
-1.230812807e-21
-1.104574571e-21
-9.970564785e-22
-9.050637549e-22
-8.260615811e-22
-7.580878772e-22
-5.975725952e-20
-4.561483036e-20
-3.307105914e-20
-2.422267991e-20
-1.805526441e-20
-1.403824315e-20
-1.12974186e-20
-9.396144358e-21
-7.996847544e-21
-6.929175352e-21
-6.07674232e-21
-5.37783424e-21
-4.791793538e-21
-4.294686921e-21
-3.869544432e-21
-3.504436704e-21
-3.189858874e-21
-2.918237765e-21
7.810534251e-20
5.927087855e-20
4.291345799e-20
3.167590242e-20
2.386370668e-20
1.876780861e-20
1.52362324e-20
1.275215265e-20
1.089349527e-20
9.457743631e-21
8.299357764e-21
7.342949915e-21
6.536535172e-21
5.849810976e-21
5.260541158e-21
4.753085072e-21
4.314741448e-21
3.935350367e-21
-1.98099061e-20
-1.494995849e-20
-1.081545174e-20
-8.047302821e-21
-6.121932628e-21
-4.863058813e-21
-3.976475782e-21
-3.344962327e-21
-2.865176728e-21
-2.490655321e-21
-2.185769022e-21
-1.932534113e-21
-1.718074572e-21
-1.534833265e-21
-1.377204301e-21
-1.24116916e-21
-1.12352132e-21
-1.021614268e-21
-2.39977373e-20
-1.801939625e-20
-1.303126495e-20
-9.774006183e-21
-7.500487236e-21
-6.009833137e-21
-4.94271437e-21
-4.174122491e-21
-3.58209528e-21
-3.115859397e-21
-2.733360902e-21
-2.414213192e-21
-2.142972802e-21
-1.910747332e-21
-1.710664136e-21
-1.537799825e-21
-1.388192902e-21
-1.258529635e-21
-4.795113307e-20
-3.584535713e-20
-2.59197337e-20
-1.959266415e-20
-1.514814463e-20
-1.222589319e-20
-1.009940602e-20
-8.553183785e-21
-7.347299705e-21
-6.390805394e-21
-5.601017402e-21
-4.939886859e-21
-4.376623613e-21
-3.893897444e-21
-3.47769678e-21
-3.118110878e-21
-2.806864169e-21
-2.537150666e-21
-6.680787849e-21
-4.974916329e-21
-3.597077209e-21
-2.738866447e-21
-2.130454539e-21
-1.729502696e-21
-1.432964866e-21
-1.215624627e-21
-1.044205646e-21
-9.075045229e-22
-7.940850522e-22
-6.989503135e-22
-6.177917388e-22
-5.482156414e-22
-4.882445616e-22
-4.364412621e-22
-3.916971993e-22
-3.529730607e-22
1.155419105e-19
8.576019906e-20
6.199605366e-20
4.751863685e-20
3.71349223e-20
3.02803135e-20
2.513035529e-20
2.133380053e-20
1.831140315e-20
1.589232071e-20
1.38776901e-20
1.218714654e-20
1.074492539e-20
9.510334564e-21
8.447505244e-21
7.531512976e-21
6.740430015e-21
6.056757795e-21
-8.169195642e-20
-6.046715313e-20
-4.368334405e-20
-3.367293569e-20
-2.63917945e-20
-2.158317583e-20
-1.791560991e-20
-1.520132203e-20
-1.302342104e-20
-1.127753215e-20
-9.820832839e-21
-8.599734252e-21
-7.559223467e-21
-6.670414565e-21
-5.906916382e-21
-5.250443909e-21
-4.684891584e-21
-4.197269535e-21
-3.776244234e-21
4.568228916e-20
3.37309636e-20
2.433440802e-20
1.88431404e-20
1.478463097e-20
1.210729481e-20
1.003655241e-20
8.501855083e-21
7.26318722e-21
6.270861684e-21
5.442729785e-21
4.750372878e-21
4.161825356e-21
3.660766967e-21
3.231643419e-21
2.863841762e-21
2.547829972e-21
2.276109583e-21
2.042135914e-21
-4.470650667e-20
-3.293325296e-20
-2.369790893e-20
-1.840705437e-20
-1.44276511e-20
-1.181092869e-20
-9.761907125e-21
-8.245318521e-21
-7.016673213e-21
-6.035367581e-21
-5.217752336e-21
-4.537079647e-21
-3.960507854e-21
-3.47169879e-21
-3.054616634e-21
-2.698439887e-21
-2.393485987e-21
-2.132103936e-21
-1.907644595e-21
-3.385325772e-20
-2.487488908e-20
-1.782290602e-20
-1.386227997e-20
-1.082854969e-20
-8.845588652e-21
-7.276956273e-21
-6.1213164e-21
-5.183886606e-21
-4.439325516e-21
-3.821011552e-21
-3.309209795e-21
-2.87765058e-21
-2.513635972e-21
-2.204367194e-21
-1.941348421e-21
-1.716973435e-21
-1.525304251e-21
-1.361205726e-21
9.959289342e-20
7.294860693e-20
5.191894985e-20
4.034870242e-20
3.132613842e-20
2.548546148e-20
2.083108398e-20
1.743107472e-20
1.467667183e-20
1.250658059e-20
1.071314835e-20
9.239142949e-21
8.002922535e-21
6.96610423e-21
6.089334144e-21
5.347030018e-21
4.716122957e-21
4.179034855e-21
3.720634183e-21
1.644403531e-21
1.199280426e-21
8.450738434e-22
6.545304956e-22
5.035396593e-22
4.072002354e-22
3.301058383e-22
2.745265766e-22
2.29703596e-22
1.947498405e-22
1.660270157e-22
1.426148616e-22
1.231034035e-22
1.068560188e-22
9.316620306e-23
8.163642669e-23
7.186711925e-23
6.357591967e-23
5.652354085e-23
-5.820881224e-20
-4.21771929e-20
-2.928553308e-20
-2.252997189e-20
-1.71093802e-20
-1.372174634e-20
-1.101169991e-20
-9.089812875e-21
-7.547834254e-21
-6.360784033e-21
-5.392617223e-21
-4.610356098e-21
-3.962098884e-21
-3.425049216e-21
-2.975301798e-21
-2.59796284e-21
-2.279681026e-21
-2.010592451e-21
-1.782289333e-21
2.448929699e-20
1.757240669e-20
1.194962491e-20
9.097721537e-21
6.793671216e-21
5.393728569e-21
4.278125365e-21
3.503715093e-21
2.887164203e-21
2.419254043e-21
2.040442523e-21
1.737207416e-21
1.487443961e-21
1.281849672e-21
1.11043013e-21
9.672422479e-22
8.46885816e-22
7.454549057e-22
6.596373608e-22
-1.58874533e-20
-1.123131983e-20
-7.41767837e-21
-5.564828772e-21
-4.068728894e-21
-3.192336424e-21
-2.499233734e-21
-2.029952215e-21
-1.659557233e-21
-1.382767066e-21
-1.160367954e-21
-9.839728503e-22
-8.394985617e-22
-7.212254746e-22
-6.230688512e-22
-5.414154402e-22
-4.730114502e-22
-4.155375048e-22
-3.670341917e-22
2.723987881e-20
1.882278405e-20
1.194070735e-20
8.786688093e-21
6.264185958e-21
4.850925875e-21
3.745350176e-21
3.017172535e-21
2.447930801e-21
2.029037349e-21
1.694859198e-21
1.43213795e-21
1.218103913e-21
1.043892462e-21
8.998502817e-22
7.804225386e-22
6.806796037e-22
5.970986016e-22
5.267198478e-22
1.811879312e-20
1.209093666e-20
7.265415678e-21
5.217620135e-21
3.614898122e-21
2.759808592e-21
2.101299616e-21
1.67916447e-21
1.352717007e-21
1.115864379e-21
9.282367081e-22
7.818551865e-22
6.631724033e-22
5.670227329e-22
4.87808581e-22
4.22312207e-22
3.677740141e-22
3.221774862e-22
2.838570228e-22
3.619908986e-21
2.287744339e-21
1.283441021e-21
8.93477514e-22
6.010953163e-22
4.517800656e-22
3.396331579e-22
2.692944445e-22
2.15657364e-22
1.771501524e-22
1.46859548e-22
1.233676683e-22
1.044160364e-22
8.912811489e-23
7.659059428e-23
6.620702468e-23
5.761151964e-23
5.043380137e-23
4.44029191e-23
-7.026979347e-20
-4.06092393e-20
-2.110213542e-20
-1.40871589e-20
-9.234005163e-21
-6.813889425e-21
-5.072203099e-21
-3.988107196e-21
-3.179409194e-21
-2.600539195e-21
-2.15036493e-21
-1.801721027e-21
-1.521770161e-21
-1.296113924e-21
-1.111306414e-21
-9.593124582e-22
-8.332179289e-22
-7.282047644e-22
-6.402793575e-22
1.2535228e-20
6.212913686e-21
3.011333041e-21
1.905857544e-21
1.223037805e-21
8.847908501e-22
6.541140345e-22
5.101687251e-22
4.056259322e-22
3.305834603e-22
2.728856779e-22
2.281605179e-22
1.924555374e-22
1.636955955e-22
1.402230001e-22
1.209016161e-22
1.049462127e-22
9.166176691e-23
8.054732705e-23
-6.48904674e-21
-2.511649513e-21
-1.154392385e-21
-6.989825813e-22
-4.356621155e-22
-3.114583071e-22
-2.281015855e-22
-1.770383245e-22
-1.403266513e-22
-1.140542874e-22
-9.400895805e-23
-7.847571576e-23
-6.610167477e-23
-5.614169441e-23
-4.801219836e-23
-4.136433769e-23
-3.584362537e-23
-3.126532173e-23
-2.744658745e-23
8.397767409e-21
1.923806536e-21
9.236427795e-22
4.848088982e-22
3.12555004e-22
2.099161241e-22
1.573506116e-22
1.190179986e-22
9.526790455e-23
7.669147179e-23
6.338711127e-23
5.269447027e-23
4.439973126e-23
3.763558278e-23
3.21857941e-23
2.768561386e-23
2.399696439e-23
2.092645875e-23
1.8366641e-23
)
;
    }
    back_top
    {
        type            wedge;
        value           nonuniform 0();
    }
    back_middle
    {
        type            wedge;
        value           nonuniform List<scalar> 
251
(
-1.303613177e-20
-3.727119194e-21
-1.313562247e-20
-3.69296577e-21
-1.281178237e-20
1.346637992e-21
1.395189316e-20
-4.517820138e-20
1.286077208e-20
5.243988575e-21
-2.942699641e-20
-2.694726615e-20
-2.754394315e-20
8.709368761e-21
2.043254713e-20
-2.258494591e-20
-3.000411333e-20
-1.518488852e-20
1.821893635e-20
-1.010675285e-21
3.05387396e-20
1.890257646e-20
-9.528267025e-21
-1.090724105e-20
-2.421415795e-21
3.087574934e-20
-1.193166618e-20
3.262278181e-20
-5.068431868e-20
-2.845434316e-21
4.441908915e-20
-1.069556027e-19
4.692594088e-20
1.391956017e-22
7.595836016e-21
4.88601955e-20
-3.408094477e-20
-6.354794381e-20
4.385540172e-20
1.058641774e-19
-6.893340029e-20
4.934589117e-20
-2.45932446e-20
-8.316979153e-21
2.431247405e-20
-4.244543857e-20
-6.276902432e-20
1.301025704e-19
-1.512078365e-19
7.120746221e-20
-2.649836383e-20
3.793098124e-21
-1.974801693e-20
-8.635232689e-20
7.431099588e-20
-6.993749621e-20
-2.516241146e-20
-2.382162575e-20
8.150332052e-20
4.146772438e-20
7.390591008e-20
4.709225033e-20
5.877816122e-20
-8.655593719e-21
-2.754998261e-20
3.879377579e-20
4.838861345e-20
1.863766178e-20
6.358592221e-20
5.277077291e-20
3.512060676e-20
-6.06944648e-20
-7.199225611e-21
-9.162708044e-20
1.189121608e-20
-1.448697655e-19
5.852905247e-20
6.36466014e-20
-3.262622934e-20
3.337989707e-20
-1.280122698e-19
-9.195543839e-20
4.956949838e-20
4.170760808e-20
3.675156354e-20
1.153486439e-20
-1.970882275e-19
7.444507534e-20
3.499419749e-20
-5.172908222e-20
1.753823514e-20
-4.857669726e-20
-1.471251346e-19
-5.857414555e-20
-2.796995651e-19
4.989004347e-21
-4.891993396e-20
-5.649435883e-20
-6.927106215e-20
-1.131652565e-19
7.136791963e-20
1.848751158e-20
1.753355797e-20
1.156968823e-19
4.203541781e-19
2.913520405e-20
3.764629132e-19
1.696990123e-20
-1.19448955e-19
6.377679009e-20
-4.037174923e-19
2.498990118e-19
-1.966122801e-19
-2.376804247e-19
4.283563177e-19
-2.723986377e-20
6.013790598e-20
-3.069543615e-19
1.08291569e-19
4.279270732e-19
-5.607008128e-19
9.664608057e-21
-2.75776602e-19
1.870355181e-19
1.894637874e-20
-8.822589028e-21
-7.150665431e-20
2.532598189e-19
1.463518733e-19
-8.372461623e-21
-2.684278131e-19
1.344954019e-20
1.565175118e-19
-4.152200161e-19
-3.864200971e-20
-6.695833307e-20
-1.086044463e-19
-5.321898607e-20
6.819459656e-20
3.424354848e-19
1.02536769e-19
2.290893422e-20
6.679708871e-21
5.923297012e-20
-1.205803227e-19
-3.473073311e-19
-2.12168365e-19
-1.078029098e-20
2.083006979e-19
-3.077955222e-19
-6.601694117e-20
-2.73328883e-20
1.161019446e-19
-9.890751811e-20
1.154628693e-19
3.083119074e-19
1.567571235e-19
1.408279052e-20
-1.972786318e-19
1.439948378e-19
-5.730803087e-20
2.153021574e-19
9.583582711e-20
-4.402589015e-20
3.604412206e-19
2.12802081e-19
-1.008626429e-19
-3.794826856e-20
-1.841236243e-19
-6.685699112e-20
-5.007597281e-19
-1.432205687e-19
6.370516869e-20
-9.195850538e-20
1.242860625e-19
3.014950837e-20
8.795506269e-21
4.601573169e-20
-2.308324007e-20
-3.700293379e-20
-2.001274127e-19
6.229865834e-21
1.967487723e-20
4.484237548e-20
9.473733101e-20
1.633517491e-19
3.627141708e-20
-1.170832872e-19
-4.953866312e-20
-1.605333311e-20
1.087500765e-19
3.074376088e-20
-6.466233603e-20
4.587980119e-20
-2.995339433e-20
-2.342697162e-19
3.057400576e-20
-8.877920525e-20
-5.206558168e-21
2.215705241e-19
5.483974316e-20
-7.60085673e-21
-4.705359977e-20
7.44807919e-20
-1.725399542e-20
-1.350600688e-19
-1.174369461e-19
-9.020457659e-21
8.998007813e-21
-5.082078529e-20
-6.111092725e-20
-3.660445778e-20
-4.430956028e-20
1.006553534e-20
9.05856635e-21
1.044923443e-19
3.061808841e-20
-1.044372002e-19
3.49012839e-20
1.46330968e-19
2.401388046e-20
2.580128036e-20
-2.19336775e-20
-1.108918419e-20
-5.494796484e-20
-2.188307939e-19
6.976081884e-21
-1.092542456e-20
-5.158947775e-20
8.367585645e-21
-3.895925602e-22
2.487747462e-20
-2.061583634e-20
2.05822825e-20
-2.12563296e-20
1.202062751e-19
2.574771168e-20
-2.316012416e-20
9.281705856e-21
1.083603236e-20
9.520540434e-20
1.563381919e-20
-1.454488325e-20
8.093922198e-21
2.57723298e-23
-9.386680412e-21
3.357408644e-21
-2.956126086e-21
2.433605226e-21
-2.104025366e-21
9.125407532e-21
)
;
    }
    back_bottom
    {
        type            wedge;
        value           nonuniform List<scalar> 
916
(
-1.896057087e-23
-1.493568335e-23
-1.113627737e-23
-7.803301238e-24
-5.374850618e-24
-2.33814041e-24
-1.872176005e-24
-1.255211942e-24
-2.348864058e-25
-1.038201547e-26
6.425532294e-26
7.830476495e-26
2.037286185e-25
-1.321867077e-25
-4.464319493e-25
-3.48467805e-25
-3.941124997e-25
-3.54498112e-25
2.925295843e-22
2.271027697e-22
1.69519444e-22
1.211360728e-22
8.090106248e-23
5.036552854e-23
2.715828165e-23
1.110080274e-23
1.593124387e-24
-2.640239748e-24
-3.399083845e-24
-2.712516811e-24
-1.12967482e-24
-7.94553229e-25
-3.726153385e-25
1.299007537e-24
2.409444124e-24
3.663549936e-24
-6.635412639e-22
-5.157949955e-22
-3.852117821e-22
-2.747278146e-22
-1.853862179e-22
-1.147274378e-22
-6.298003585e-23
-2.666411466e-23
-5.072812721e-24
4.042605882e-24
6.233341962e-24
5.214568186e-24
3.295432272e-24
5.171274404e-25
-2.085516848e-24
-4.788642859e-24
-7.147264039e-24
-8.613619507e-24
-3.024420113e-22
-2.355197301e-22
-1.761030114e-22
-1.259028196e-22
-8.520882611e-23
-5.307710972e-23
-2.94130718e-23
-1.280161289e-23
-2.828506651e-24
1.271388701e-24
2.213683121e-24
1.890840781e-24
1.041310825e-24
-1.79527061e-25
-1.32778835e-24
-2.512914245e-24
-3.564750629e-24
-4.177845321e-24
-9.826937029e-23
-7.657632207e-23
-5.746469195e-23
-4.120124532e-23
-2.806502116e-23
-1.762493981e-23
-9.955184288e-24
-4.602055575e-24
-1.550930782e-24
-9.45031442e-26
4.14387461e-25
2.241323489e-25
-3.452771624e-26
-4.585561242e-25
-8.554429672e-25
-1.263316268e-24
-1.634030174e-24
-1.687542742e-24
-5.724202401e-22
-4.471483774e-22
-3.358760264e-22
-2.414479048e-22
-1.644010391e-22
-1.036321434e-22
-5.778170198e-23
-2.586311592e-23
-7.293965299e-24
7.840790842e-25
2.832880593e-24
2.147582577e-24
7.403280416e-25
-1.062478571e-24
-2.91998395e-24
-4.712880841e-24
-6.487565163e-24
-7.867600694e-24
1.145877562e-21
8.968410208e-22
6.749045808e-22
4.865579655e-22
3.319768657e-22
2.095456956e-22
1.167475846e-22
5.25527916e-23
1.527508631e-23
-5.421579657e-25
-4.216678255e-24
-3.358234761e-24
-8.538033096e-25
2.124580371e-24
5.239633882e-24
8.264062007e-24
1.12131943e-23
1.440299028e-23
3.071856181e-21
2.409376611e-21
1.817669716e-21
1.314473111e-21
8.994824142e-22
5.689894902e-22
3.185103547e-22
1.471444117e-22
5.025833533e-23
8.851825216e-24
-2.235360283e-24
-9.669829808e-25
4.554007668e-24
1.14378432e-23
1.873851586e-23
2.606552472e-23
3.341275968e-23
4.068249362e-23
-4.044151783e-21
-3.179368798e-21
-2.404271155e-21
-1.743449381e-21
-1.195707378e-21
-7.573324874e-22
-4.261188007e-22
-2.034863246e-22
-8.015034297e-23
-2.704192073e-23
-1.124569729e-23
-1.106759045e-23
-1.655836119e-23
-2.392259938e-23
-3.20727868e-23
-4.063198821e-23
-4.901038044e-23
-5.717826463e-23
6.865289127e-21
5.409189348e-21
4.09896011e-21
2.97831803e-21
2.044195909e-21
1.294295774e-21
7.322055533e-22
3.61625491e-22
1.593252186e-22
7.110308781e-23
4.219651824e-23
3.852657978e-23
4.437845792e-23
5.385122176e-23
6.472683165e-23
7.63527047e-23
8.840298845e-23
1.004391788e-22
-4.349196428e-21
-3.434433417e-21
-2.607513962e-21
-1.89760258e-21
-1.30237919e-21
-8.247075771e-22
-4.709743426e-22
-2.428597546e-22
-1.199575415e-22
-6.492108272e-23
-4.49034032e-23
-4.028947233e-23
-4.174422492e-23
-4.560094067e-23
-5.069359698e-23
-5.651524999e-23
-6.264331737e-23
-6.887739707e-23
-6.54938347e-21
-5.182685439e-21
-3.940332394e-21
-2.86910017e-21
-1.967019979e-21
-1.245613554e-21
-7.200714015e-22
-3.88235289e-22
-2.104192728e-22
-1.285304815e-22
-9.571477415e-23
-8.491736779e-23
-8.329433648e-23
-8.588241898e-23
-9.063924194e-23
-9.662274994e-23
-1.034530953e-22
-1.107621227e-22
-1.189195186e-21
-9.429042559e-22
-7.175976018e-22
-5.224608745e-22
-3.576582725e-22
-2.268761312e-22
-1.335263197e-22
-7.573750443e-23
-4.469532498e-23
-2.988532497e-23
-2.339532779e-23
-2.069454111e-23
-1.970117238e-23
-1.963388127e-23
-2.00061161e-23
-2.057111209e-23
-2.133501995e-23
-2.22954386e-23
3.647081894e-22
2.895807826e-22
2.203031128e-22
1.600066376e-22
1.090418846e-22
6.914283427e-23
4.119850414e-23
2.407671827e-23
1.497320002e-23
1.041454076e-23
8.143348377e-24
7.151411209e-24
6.618387072e-24
6.201239214e-24
6.026866021e-24
6.112870958e-24
6.291450545e-24
6.379742017e-24
1.603145534e-20
1.274727917e-20
9.696124922e-21
7.033446715e-21
4.791539928e-21
3.06286354e-21
1.878752606e-21
1.164465781e-21
7.747084343e-22
5.730332937e-22
4.684701983e-22
4.115101836e-22
3.782333558e-22
3.579678338e-22
3.460610535e-22
3.401340379e-22
3.385405434e-22
3.399992504e-22
5.842245398e-22
4.648608455e-22
3.530004497e-22
2.552621994e-22
1.734569776e-22
1.115015887e-22
7.000676157e-23
4.515794091e-23
3.132199915e-23
2.377853719e-23
1.95690388e-23
1.71363036e-23
1.556548004e-23
1.44029302e-23
1.359832331e-23
1.314248464e-23
1.289183047e-23
1.267908441e-23
-7.728067862e-21
-6.152079413e-21
-4.662403586e-21
-3.361372479e-21
-2.285959234e-21
-1.489589047e-21
-9.636934312e-22
-6.490921879e-22
-4.708089031e-22
-3.703692388e-22
-3.111101629e-22
-2.732900185e-22
-2.47423813e-22
-2.290122544e-22
-2.155938531e-22
-2.057609985e-22
-1.987474223e-22
-1.940448543e-22
-1.013880277e-20
-8.068543801e-21
-6.095564831e-21
-4.379525455e-21
-2.981886685e-21
-1.969105457e-21
-1.309567178e-21
-9.138781949e-22
-6.842732887e-22
-5.492988941e-22
-4.653351296e-22
-4.090140807e-22
-3.68690933e-22
-3.386761335e-22
-3.158439002e-22
-2.983875586e-22
-2.851352897e-22
-2.752299599e-22
1.595675172e-20
1.268508952e-20
9.545402857e-21
6.836195891e-21
4.668209251e-21
3.130058368e-21
2.138699564e-21
1.53974052e-21
1.182969227e-21
9.645856166e-22
8.225275103e-22
7.233749595e-22
6.499225233e-22
5.934233831e-22
5.492394129e-22
5.144249595e-22
4.870326987e-22
4.655589293e-22
3.422837977e-20
2.716104247e-20
2.034538561e-20
1.453422359e-20
9.974855141e-21
6.80312834e-21
4.771325143e-21
3.530733723e-21
2.771772851e-21
2.290015762e-21
1.964281739e-21
1.729160492e-21
1.55033608e-21
1.409884127e-21
1.297771138e-21
1.207570075e-21
1.13487604e-21
1.076292278e-21
-1.809693709e-20
-1.43225819e-20
-1.067527632e-20
-7.614676385e-21
-5.262262189e-21
-3.65427336e-21
-2.626367e-21
-1.990328544e-21
-1.590730811e-21
-1.328542214e-21
-1.145232675e-21
-1.009263725e-21
-9.036666912e-22
-8.193554066e-22
-7.509888e-22
-6.951997657e-22
-6.494678514e-22
-6.118524011e-22
-1.534810333e-20
-1.21050586e-20
-8.975935462e-21
-6.400872712e-21
-4.461409698e-21
-3.155383016e-21
-2.319175635e-21
-1.793798355e-21
-1.454882889e-21
-1.225706433e-21
-1.060884981e-21
-9.358596677e-22
-8.370851553e-22
-7.571302987e-22
-6.914958039e-22
-6.37277413e-22
-5.922664909e-22
-5.547506042e-22
-2.024730901e-20
-1.590142524e-20
-1.173106367e-20
-8.37531043e-21
-5.895660154e-21
-4.246003939e-21
-3.184603195e-21
-2.506633243e-21
-2.057903091e-21
-1.746201183e-21
-1.516529613e-21
-1.339025178e-21
-1.196774437e-21
-1.080308885e-21
-9.837265805e-22
-9.031544905e-22
-8.356040331e-22
-7.787323442e-22
6.248207409e-20
4.882916995e-20
3.585151063e-20
2.566312726e-20
1.826275474e-20
1.338479048e-20
1.022170101e-20
8.166342284e-21
6.77219344e-21
5.780326863e-21
5.034215986e-21
4.448333817e-21
3.973102344e-21
3.580252785e-21
3.2517333e-21
2.97529878e-21
2.741697649e-21
2.543651278e-21
-7.825460485e-20
-6.082078595e-20
-4.446783606e-20
-3.196057745e-20
-2.300850774e-20
-1.714584369e-20
-1.330511419e-20
-1.076607239e-20
-9.004196374e-21
-7.724025573e-21
-6.743469811e-21
-5.96307018e-21
-5.323536423e-21
-4.790602458e-21
-4.341787553e-21
-3.961598361e-21
-3.638222849e-21
-3.362308917e-21
6.338096712e-20
4.897211264e-20
3.567779889e-20
2.577961528e-20
1.877873821e-20
1.421178516e-20
1.118324797e-20
9.147032792e-21
7.703796098e-21
6.635547555e-21
5.804299823e-21
5.135078018e-21
4.581787536e-21
4.11750754e-21
3.724106104e-21
3.389045261e-21
3.10254392e-21
2.856862987e-21
-1.612273917e-20
-1.238210472e-20
-8.995673579e-21
-6.541747533e-21
-4.821472265e-21
-3.701154569e-21
-2.947997183e-21
-2.433410835e-21
-2.06148831e-21
-1.781663599e-21
-1.560921855e-21
-1.381484856e-21
-1.231994488e-21
-1.105830899e-21
-9.983974094e-22
-9.064708743e-22
-8.275330195e-22
-7.595220868e-22
-5.975790857e-20
-4.561544988e-20
-3.307170718e-20
-2.422336409e-20
-1.805600813e-20
-1.403901612e-20
-1.129821964e-20
-9.397008901e-21
-7.997820437e-21
-6.930169225e-21
-6.077755631e-21
-5.378926004e-21
-4.792933578e-21
-4.295906293e-21
-3.870846382e-21
-3.505818816e-21
-3.191290173e-21
-2.919627925e-21
7.810469631e-20
5.927027382e-20
4.291283491e-20
3.167525049e-20
2.386298604e-20
1.876706835e-20
1.523547215e-20
1.27513372e-20
1.089254651e-20
9.456765129e-21
8.298386901e-21
7.341892399e-21
6.535444805e-21
5.84863285e-21
5.259283793e-21
4.751729758e-21
4.313345402e-21
3.93400705e-21
-1.981056466e-20
-1.495057309e-20
-1.081605967e-20
-8.047923649e-21
-6.122633683e-21
-4.863771325e-21
-3.97720066e-21
-3.345725802e-21
-2.866061262e-21
-2.491624452e-21
-2.186744084e-21
-1.933567355e-21
-1.719117994e-21
-1.535969782e-21
-1.378418491e-21
-1.242499499e-21
-1.124866336e-21
-1.022900977e-21
-2.399838188e-20
-1.801999726e-20
-1.303186001e-20
-9.774620631e-21
-7.501176213e-21
-6.010507706e-21
-4.943389365e-21
-4.174850138e-21
-3.582956051e-21
-3.116810183e-21
-2.734312286e-21
-2.415207889e-21
-2.143988461e-21
-1.911848591e-21
-1.711831664e-21
-1.539104732e-21
-1.389496911e-21
-1.2597713e-21
-4.79517534e-20
-3.584593972e-20
-2.592031469e-20
-1.959326814e-20
-1.514881006e-20
-1.222653936e-20
-1.010005606e-20
-8.553892291e-21
-7.348135064e-21
-6.391722741e-21
-5.601948255e-21
-4.940850704e-21
-4.37761675e-21
-3.894967891e-21
-3.478836773e-21
-3.119375224e-21
-2.808117036e-21
-2.53835997e-21
-6.681360592e-21
-4.975473046e-21
-3.597642801e-21
-2.739452471e-21
-2.131102314e-21
-1.730123476e-21
-1.433584819e-21
-1.216305065e-21
-1.045010915e-21
-9.083916979e-22
-7.949880683e-22
-6.99881698e-22
-6.187542845e-22
-5.492538032e-22
-4.893493673e-22
-4.376687246e-22
-3.929019026e-22
-3.541367775e-22
1.155413872e-19
8.575967081e-20
6.199551042e-20
4.751807356e-20
3.713428561e-20
3.027970936e-20
2.512977287e-20
2.133315841e-20
1.831063309e-20
1.589145792e-20
1.387681985e-20
1.218625002e-20
1.074400115e-20
9.50933001e-21
8.446441935e-21
7.530324337e-21
6.739268421e-21
6.055652835e-21
-8.169243069e-20
-6.046765393e-20
-4.368386488e-20
-3.367346863e-20
-2.639239141e-20
-2.158377173e-20
-1.791617872e-20
-1.520194724e-20
-1.302415483e-20
-1.127834418e-20
-9.821666088e-21
-8.600593849e-21
-7.560101231e-21
-6.671378282e-21
-5.907951974e-21
-5.251564761e-21
-4.685991631e-21
-4.198339888e-21
-3.777343311e-21
4.568185739e-20
3.373048984e-20
2.433391137e-20
1.884261941e-20
1.478407197e-20
1.210673088e-20
1.003600655e-20
8.501257178e-21
7.262495225e-21
6.270097535e-21
5.441936252e-21
4.749552116e-21
4.16097476e-21
3.659850163e-21
3.230669081e-21
2.862795302e-21
2.546787942e-21
2.275082754e-21
2.041087831e-21
-4.470690302e-20
-3.29336963e-20
-2.369838232e-20
-1.840755783e-20
-1.442816863e-20
-1.181145942e-20
-9.762421067e-21
-8.245879252e-21
-7.01732301e-21
-6.036083544e-21
-5.218501793e-21
-4.537856674e-21
-3.961322994e-21
-3.472557875e-21
-3.055528677e-21
-2.699415291e-21
-2.394467605e-21
-2.133079751e-21
-1.908637213e-21
-3.385362134e-20
-2.487530395e-20
-1.782335344e-20
-1.38627603e-20
-1.08290353e-20
-8.846084752e-21
-7.277426284e-21
-6.121833882e-21
-5.184494777e-21
-4.439995225e-21
-3.821713296e-21
-3.309939899e-21
-2.878425807e-21
-2.514445026e-21
-2.205215003e-21
-1.942256449e-21
-1.717893596e-21
-1.526224673e-21
-1.362139874e-21
9.959256247e-20
7.294822011e-20
5.191852907e-20
4.034825665e-20
3.132568181e-20
2.548498666e-20
2.083065135e-20
1.743060613e-20
1.467610635e-20
1.250595623e-20
1.071249627e-20
9.238464409e-21
8.002203473e-21
6.965342006e-21
6.088537177e-21
5.346186759e-21
4.71526553e-21
4.178174115e-21
3.719762161e-21
1.644098008e-21
1.198919081e-21
8.446807201e-22
6.541199205e-22
5.031039166e-22
4.06758477e-22
3.297089007e-22
2.740982659e-22
2.291806337e-22
1.941706309e-22
1.65427268e-22
1.419925164e-22
1.22444457e-22
1.061316181e-22
9.242054886e-23
8.085677067e-23
7.107379192e-23
6.277824609e-23
5.571675684e-23
-5.82090974e-20
-4.217752881e-20
-2.92858961e-20
-2.253034448e-20
-1.710978438e-20
-1.372215512e-20
-1.101206704e-20
-9.090204389e-21
-7.548316136e-21
-6.361318274e-21
-5.393161442e-21
-4.610918209e-21
-3.962690241e-21
-3.425726938e-21
-2.97599531e-21
-2.598679292e-21
-2.280408887e-21
-2.01132379e-21
-1.783027726e-21
2.448903509e-20
1.757210014e-20
1.194929486e-20
9.097390836e-21
6.793308217e-21
5.393355961e-21
4.277807031e-21
3.503363546e-21
2.886723964e-21
2.418777514e-21
2.039958293e-21
1.736710882e-21
1.486918241e-21
1.281233676e-21
1.109802346e-21
9.665911326e-22
8.462257931e-22
7.447934762e-22
6.589711754e-22
-1.58877043e-20
-1.123158718e-20
-7.417973869e-21
-5.56512099e-21
-4.069038923e-21
-3.192663557e-21
-2.499509502e-21
-2.030274827e-21
-1.659956097e-21
-1.383186346e-21
-1.160783821e-21
-9.844012822e-22
-8.399527668e-22
-7.217587063e-22
-6.236365981e-22
-5.419945672e-22
-4.735966482e-22
-4.161279714e-22
-3.676267708e-22
2.723964094e-20
1.882254872e-20
1.194045085e-20
8.786442141e-21
6.263932895e-21
4.850646956e-21
3.745121133e-21
3.016875445e-21
2.447587702e-21
2.028681641e-21
1.69451068e-21
1.431782731e-21
1.217725229e-21
1.043449564e-21
8.993485013e-22
7.799320717e-22
6.801727875e-22
5.965824799e-22
5.262044286e-22
1.811857257e-20
1.209073967e-20
7.265197871e-21
5.217425154e-21
3.614694508e-21
2.759573873e-21
2.101115658e-21
1.678906324e-21
1.352427187e-21
1.115558078e-21
9.279581701e-22
7.815760516e-22
6.628744283e-22
5.666693887e-22
4.873827307e-22
4.219138275e-22
3.673464197e-22
3.217365583e-22
2.834197663e-22
3.61970577e-21
2.287579323e-21
1.283260541e-21
8.933250281e-22
6.009389267e-22
4.515883773e-22
3.394854259e-22
2.690763737e-22
2.154261902e-22
1.768911839e-22
1.466391396e-22
1.231508492e-22
1.041853337e-22
8.885469419e-23
7.624104944e-23
6.589607937e-23
5.726331228e-23
5.0068263e-23
4.404423047e-23
-7.026998545e-20
-4.060937247e-20
-2.110228068e-20
-1.408727058e-20
-9.234127387e-21
-6.814036112e-21
-5.072313232e-21
-3.988272935e-21
-3.17957971e-21
-2.600757984e-21
-2.150531046e-21
-1.80187961e-21
-1.521940796e-21
-1.29632479e-21
-1.111570304e-21
-9.595371067e-22
-8.334877156e-22
-7.284897705e-22
-6.405594089e-22
1.253505612e-20
6.212806246e-21
3.011225438e-21
1.905774669e-21
1.222953957e-21
8.846872668e-22
6.54031437e-22
5.100526113e-22
4.055195226e-22
3.304179977e-22
2.727620858e-22
2.280452065e-22
1.923307929e-22
1.635492776e-22
1.400398631e-22
1.207540873e-22
1.047545397e-22
9.145753083e-23
8.034624863e-23
-6.489185745e-21
-2.511716782e-21
-1.154460137e-21
-6.990332038e-22
-4.357034296e-22
-3.115198771e-22
-2.281527485e-22
-1.771070832e-22
-1.403829714e-22
-1.141614349e-22
-9.408513275e-23
-7.854595703e-23
-6.617697098e-23
-5.622137369e-23
-4.812032866e-23
-4.144652976e-23
-3.595757037e-23
-3.138845087e-23
-2.756802251e-23
8.39769895e-21
1.923783784e-21
9.236184195e-22
4.847918853e-22
3.125444391e-22
2.098958072e-22
1.573330471e-22
1.189950311e-22
9.525496775e-23
7.665570221e-23
6.336106931e-23
5.267059165e-23
4.437450994e-23
3.761173272e-23
3.215003018e-23
2.766346697e-23
2.395862226e-23
2.088489158e-23
1.832560136e-23
)
;
    }
    axis_top
    {
        type            symmetryPlane;
        value           nonuniform 0();
    }
    axis_middle
    {
        type            symmetryPlane;
        value           nonuniform 0();
    }
    axis_bottom
    {
        type            symmetryPlane;
        value           nonuniform 0();
    }
    wall_top
    {
        type            calculated;
        value           nonuniform 0();
    }
    wall_middle
    {
        type            calculated;
        value           uniform 0;
    }
    wall_bottom
    {
        type            calculated;
        value           uniform 0;
    }
    inlet
    {
        type            calculated;
        value           nonuniform 0();
    }
    outlet
    {
        type            calculated;
        value           nonuniform 0();
    }
    procBoundary2to1
    {
        type            processor;
        value           nonuniform List<scalar> 
51
(
5.766093218e-11
1.687128558e-10
2.73538438e-10
3.723741392e-10
4.654499999e-10
5.52988665e-10
6.352044635e-10
7.123030074e-10
7.844810525e-10
8.519262441e-10
9.14817129e-10
9.733229479e-10
1.027603332e-09
1.077808026e-09
1.124076325e-09
1.166536687e-09
1.205306078e-09
1.240489471e-09
1.272178549e-09
1.30045111e-09
1.325370281e-09
1.346982136e-09
1.365315514e-09
1.380379162e-09
1.392160957e-09
1.400624268e-09
1.405707715e-09
1.407321082e-09
1.405344624e-09
1.399626493e-09
1.389982116e-09
1.376193353e-09
1.358009784e-09
1.335150272e-09
1.965325394e-11
1.307485101e-09
1.274019971e-09
1.234874382e-09
1.189704233e-09
1.138166196e-09
1.079925012e-09
1.014660494e-09
9.420751933e-10
8.619008153e-10
7.739034593e-10
6.778882922e-10
5.73702678e-10
4.612383132e-10
3.404315708e-10
2.112609323e-10
7.373605179e-11
)
;
    }
    procBoundary2to3
    {
        type            processor;
        value           nonuniform List<scalar> 
51
(
-7.682133533e-11
2.1211906e-12
-2.184136623e-10
-3.535546147e-10
-4.801576201e-10
-5.983006897e-10
-7.080961574e-10
-8.096811581e-10
-9.032128946e-10
-9.888640134e-10
-1.066818109e-09
-1.13726643e-09
-1.200405005e-09
-1.25643276e-09
-1.305549452e-09
-1.347954966e-09
-1.383848485e-09
-1.413428529e-09
-1.436892726e-09
-1.454439038e-09
-1.466265295e-09
-1.472570981e-09
-1.47355799e-09
-1.469430943e-09
-1.460398395e-09
-1.446673319e-09
-1.428473101e-09
-1.406019153e-09
-1.379536153e-09
-1.349250793e-09
-1.315388663e-09
-1.278171682e-09
-1.237813507e-09
-1.194513696e-09
-1.148451412e-09
-1.099777139e-09
-1.048604416e-09
-9.950009448e-10
-9.389815201e-10
-8.805051328e-10
-8.194779538e-10
-7.557651595e-10
-6.89211188e-10
-6.196666553e-10
-5.470153162e-10
-4.711945107e-10
-3.922007948e-10
-3.100784946e-10
-2.248997096e-10
-1.367424578e-10
-4.637021361e-11
)
;
    }
}


// ************************************************************************* //
