/*--------------------------------*- C++ -*----------------------------------*\
  =========                 |
  \\      /  F ield         | OpenFOAM: The Open Source CFD Toolbox
   \\    /   O peration     | Website:  https://openfoam.org
    \\  /    A nd           | Version:  7
     \\/     M anipulation  |
\*---------------------------------------------------------------------------*/
FoamFile
{
    version     2.0;
    format      ascii;
    class       surfaceScalarField;
    location    "0.0021";
    object      phi;
}
// * * * * * * * * * * * * * * * * * * * * * * * * * * * * * * * * * * * * * //

dimensions      [1 0 -1 0 0 0 0];

internalField   nonuniform List<scalar> 
2258
(
-3.322231532e-14
4.528078111e-11
-1.310141965e-13
1.325029631e-10
-2.921862504e-13
2.148790379e-10
-5.168575523e-13
2.926186493e-10
-8.061689946e-13
3.659229427e-10
-1.161997612e-12
4.349848754e-10
-1.586689858e-12
4.999895402e-10
-2.082833581e-12
5.611144865e-10
-2.653059645e-12
6.185300435e-10
-3.299866671e-12
6.72399579e-10
-4.025467576e-12
7.228798205e-10
-4.831653798e-12
7.701210965e-10
-5.719674157e-12
8.142675852e-10
-6.690125493e-12
8.55457572e-10
-7.742852614e-12
8.938236757e-10
-8.876853247e-12
9.294930545e-10
-1.009025431e-11
9.625877144e-10
-1.138027381e-11
9.932246391e-10
-1.274291174e-11
1.021515772e-09
-1.417300308e-11
1.0475685e-09
-1.566414396e-11
1.071485748e-09
-1.720879269e-11
1.093366318e-09
-1.879815531e-11
1.113304801e-09
-2.042176191e-11
1.131391474e-09
-2.206786926e-11
1.147713221e-09
-2.372335035e-11
1.162353241e-09
-2.537320284e-11
1.175390718e-09
-2.700129005e-11
1.186902278e-09
-2.85894004e-11
1.196960351e-09
-3.011792551e-11
1.205634977e-09
-3.156567437e-11
1.212993045e-09
-3.290923723e-11
1.219097941e-09
-3.412334469e-11
1.224010676e-09
-3.518086856e-11
1.227789611e-09
-3.605289389e-11
1.230490668e-09
-3.670785562e-11
1.232166451e-09
-3.711228347e-11
1.232867995e-09
-3.722999802e-11
1.232643246e-09
-3.70230213e-11
1.23153894e-09
-3.645018975e-11
1.229598321e-09
-3.546828528e-11
1.226863801e-09
-3.403155719e-11
1.223375377e-09
-3.209194698e-11
1.219171409e-09
-2.959938332e-11
1.214288865e-09
-2.650155774e-11
1.208762696e-09
-2.274436963e-11
1.202626758e-09
-1.827255251e-11
1.195913867e-09
-1.302968437e-11
1.188655474e-09
-6.958564514e-12
1.180881842e-09
1.172620718e-09
-8.395618261e-14
4.536473729e-11
-3.301075955e-13
1.327491145e-10
-7.297572217e-13
2.152786875e-10
-1.274608264e-12
2.931635004e-10
-1.956714227e-12
3.666050486e-10
-2.768299608e-12
4.357964608e-10
-3.701615528e-12
5.009228561e-10
-4.748796067e-12
5.62161667e-10
-5.901824148e-12
6.196830716e-10
-7.152239046e-12
6.736499939e-10
-8.491101167e-12
7.242186827e-10
-9.908900674e-12
7.71538896e-10
-1.139547959e-11
8.157541641e-10
-1.29400283e-11
8.570021207e-10
-1.453120926e-11
8.954148566e-10
-1.615669766e-11
9.311185429e-10
-1.780338359e-11
9.642344004e-10
-1.945781178e-11
9.948790673e-10
-2.110547709e-11
1.023163437e-09
-2.273138343e-11
1.049194406e-09
-2.431999854e-11
1.073074363e-09
-2.585525391e-11
1.094901573e-09
-2.732063127e-11
1.114770178e-09
-2.869961846e-11
1.132770462e-09
-2.997525314e-11
1.148988855e-09
-3.113064561e-11
1.163508633e-09
-3.214914726e-11
1.17640922e-09
-3.301450012e-11
1.187767631e-09
-3.371084303e-11
1.197656694e-09
-3.422288633e-11
1.20614702e-09
-3.45363364e-11
1.213306495e-09
-3.463817507e-11
1.219199779e-09
-3.451674906e-11
1.22388925e-09
-3.41619543e-11
1.227434816e-09
-3.356571628e-11
1.22989443e-09
-3.272238269e-11
1.231323118e-09
-3.162880726e-11
1.23177442e-09
-3.02848593e-11
1.231299298e-09
-2.869364761e-11
1.229947728e-09
-2.686212455e-11
1.227766798e-09
-2.4801047e-11
1.224802723e-09
-2.25253138e-11
1.221099644e-09
-2.005449476e-11
1.21670059e-09
-1.741282432e-11
1.211647194e-09
-1.462973956e-11
1.205979611e-09
-1.173997666e-11
1.199736996e-09
-8.78344392e-12
1.192957334e-09
-5.805786556e-12
1.185677816e-09
-2.858409022e-12
1.177934464e-09
1.169762309e-09
-9.824785483e-14
4.546298515e-11
-3.846276781e-13
1.330354943e-10
-8.46333141e-13
2.157403929e-10
-1.469964353e-12
2.937871316e-10
-2.241506749e-12
3.67376591e-10
-3.146468397e-12
4.367014224e-10
-4.170051837e-12
5.019464396e-10
-5.297185143e-12
5.632888003e-10
-6.512521134e-12
6.208984076e-10
-7.800522585e-12
6.749379954e-10
-9.145576585e-12
7.255637367e-10
-1.053215136e-11
7.729254708e-10
-1.194445485e-11
8.171664676e-10
-1.336689003e-11
8.584245559e-10
-1.478398821e-11
8.968319548e-10
-1.618034535e-11
9.325149001e-10
-1.754095121e-11
9.655950062e-10
-1.885094802e-11
9.961890641e-10
-2.009598241e-11
1.024408472e-09
-2.126265013e-11
1.050361074e-09
-2.233793083e-11
1.074149643e-09
-2.330950889e-11
1.095873151e-09
-2.416592737e-11
1.115626596e-09
-2.489704663e-11
1.133501581e-09
-2.549368559e-11
1.149585494e-09
-2.594777037e-11
1.163962718e-09
-2.625285594e-11
1.176714306e-09
-2.64034099e-11
1.187918185e-09
-2.639575727e-11
1.197649041e-09
-2.622770156e-11
1.205978964e-09
-2.589852731e-11
1.212977321e-09
-2.540917754e-11
1.218710429e-09
-2.476256084e-11
1.223242634e-09
-2.396287997e-11
1.226635135e-09
-2.301643873e-11
1.228947989e-09
-2.193098244e-11
1.230237662e-09
-2.071612804e-11
1.230559566e-09
-1.938338227e-11
1.229966552e-09
-1.794543413e-11
1.22850978e-09
-1.641692701e-11
1.226238291e-09
-1.481366159e-11
1.223199458e-09
-1.315297717e-11
1.21943896e-09
-1.145300335e-11
1.215000616e-09
-9.732453686e-12
1.209926645e-09
-8.010417901e-12
1.204257575e-09
-6.30576642e-12
1.198032344e-09
-4.636635081e-12
1.191288203e-09
-3.019770211e-12
1.184060951e-09
-1.469972546e-12
1.176384667e-09
1.168292337e-09
-8.596523895e-14
4.554895038e-11
-3.369365844e-13
1.332864656e-10
-7.406632262e-13
2.161441196e-10
-1.28353594e-12
2.943300043e-10
-1.951012561e-12
3.680440677e-10
-2.727863934e-12
4.374782738e-10
-3.598387354e-12
5.02816963e-10
-4.546724654e-12
5.642371376e-10
-5.556795605e-12
6.219084785e-10
-6.612531968e-12
6.759937317e-10
-7.698327289e-12
7.26649532e-10
-8.798652793e-12
7.740257963e-10
-9.898665991e-12
8.182664808e-10
-1.098378759e-11
8.595096775e-10
-1.204028223e-11
8.978884494e-10
-1.305509463e-11
9.335297125e-10
-1.40161074e-11
9.66556019e-10
-1.491192851e-11
9.970848852e-10
-1.57324508e-11
1.025228994e-09
-1.646844173e-11
1.051097065e-09
-1.711177719e-11
1.074792979e-09
-1.765556405e-11
1.096416938e-09
-1.80941745e-11
1.116065207e-09
-1.842293049e-11
1.133830337e-09
-1.863879795e-11
1.149801362e-09
-1.873992884e-11
1.164063849e-09
-1.872554281e-11
1.176699919e-09
-1.859605976e-11
1.187788701e-09
-1.835348119e-11
1.197406463e-09
-1.80007248e-11
1.205626208e-09
-1.754209711e-11
1.212518693e-09
-1.698277669e-11
1.218151109e-09
-1.632946215e-11
1.222589319e-09
-1.558963552e-11
1.225895308e-09
-1.477148695e-11
1.22812984e-09
-1.388446078e-11
1.229350635e-09
-1.293826496e-11
1.22961337e-09
-1.194340247e-11
1.228971689e-09
-1.091060067e-11
1.227476978e-09
-9.850870699e-12
1.225178561e-09
-8.775225338e-12
1.222123812e-09
-7.694501847e-12
1.218358236e-09
-6.619198534e-12
1.213925313e-09
-5.559423557e-12
1.20886687e-09
-4.524644406e-12
1.203222796e-09
-3.523555021e-12
1.197031255e-09
-2.564016056e-12
1.190328664e-09
-1.653029792e-12
1.183149965e-09
-7.968550721e-13
1.175528492e-09
1.167495482e-09
-6.648582724e-14
4.561543621e-11
-2.597983867e-13
1.334797782e-10
-5.698194016e-13
2.164541406e-10
-9.852475196e-13
2.947454324e-10
-1.493803699e-12
3.685526238e-10
-2.082517305e-12
4.380669874e-10
-2.738025373e-12
5.03472471e-10
-3.446735572e-12
5.649458478e-10
-4.195028811e-12
6.226567718e-10
-4.969707053e-12
6.7676841e-10
-5.75764737e-12
7.274374723e-10
-6.546241974e-12
7.748143909e-10
-7.323684803e-12
8.190439237e-10
-8.078661174e-12
8.602646539e-10
-8.800698618e-12
8.986104869e-10
-9.480480449e-12
9.342094943e-10
-1.010932398e-11
9.671848625e-10
-1.067968091e-11
9.976552422e-10
-1.118515127e-11
1.025734464e-09
-1.162003774e-11
1.051531951e-09
-1.198002986e-11
1.075152971e-09
-1.226192772e-11
1.096698836e-09
-1.246356012e-11
1.116266839e-09
-1.258368555e-11
1.133950462e-09
-1.262206277e-11
1.149839739e-09
-1.257966412e-11
1.16402145e-09
-1.245817681e-11
1.176578432e-09
-1.226031057e-11
1.187590835e-09
-1.198963888e-11
1.197135791e-09
-1.165036801e-11
1.205286937e-09
-1.1247354e-11
1.212115679e-09
-1.078635367e-11
1.217690109e-09
-1.027312052e-11
1.222076086e-09
-9.714394078e-12
1.225336582e-09
-9.116743445e-12
1.227532189e-09
-8.487194664e-12
1.228721087e-09
-7.832881251e-12
1.228959056e-09
-7.160891695e-12
1.2282997e-09
-6.478290744e-12
1.226794377e-09
-5.791957749e-12
1.224492228e-09
-5.10861816e-12
1.221440473e-09
-4.434678189e-12
1.217684296e-09
-3.776106039e-12
1.213266741e-09
-3.138476958e-12
1.208229241e-09
-2.526961556e-12
1.20261128e-09
-1.94644234e-12
1.196450735e-09
-1.40087239e-12
1.189783094e-09
-8.931121782e-13
1.182642205e-09
-4.251558191e-13
1.175060536e-09
1.167070326e-09
-4.868287643e-14
4.566411909e-11
-1.905228151e-13
1.336216181e-10
-4.177601723e-13
2.16681378e-10
-7.214353294e-13
2.950491076e-10
-1.091833069e-12
3.689230216e-10
-1.518711492e-12
4.384938658e-10
-1.991456479e-12
5.03945216e-10
-2.499448762e-12
5.654538401e-10
-3.031962107e-12
6.231892851e-10
-3.578932768e-12
6.773153807e-10
-4.13021505e-12
7.279887546e-10
-4.676469391e-12
7.753606453e-10
-5.208942482e-12
8.195763967e-10
-5.719708769e-12
8.607754202e-10
-6.2012613e-12
8.990920394e-10
-6.647250322e-12
9.346554833e-10
-7.052150612e-12
9.675897628e-10
-7.411161038e-12
9.980142526e-10
-7.720444372e-12
1.026043748e-09
-7.977083328e-12
1.05178859e-09
-8.179152165e-12
1.07535504e-09
-8.325484133e-12
1.096845168e-09
-8.415672952e-12
1.116357028e-09
-8.450193674e-12
1.133984983e-09
-8.430221147e-12
1.149819766e-09
-8.357433142e-12
1.163948662e-09
-8.234554759e-12
1.176455554e-09
-8.064539093e-12
1.18742082e-09
-7.850946088e-12
1.196922198e-09
-7.597801983e-12
1.205033793e-09
-7.309368917e-12
1.211827246e-09
-6.990466774e-12
1.217371207e-09
-6.645676642e-12
1.221731296e-09
-6.280240025e-12
1.224971145e-09
-5.899236786e-12
1.227151186e-09
-5.50763613e-12
1.228329486e-09
-5.110670909e-12
1.228562091e-09
-4.713413826e-12
1.227902443e-09
-4.320600534e-12
1.226401564e-09
-3.936899169e-12
1.224108527e-09
-3.566923977e-12
1.221070498e-09
-3.214819061e-12
1.217332191e-09
-2.88443925e-12
1.212936361e-09
-2.579428727e-12
1.20792423e-09
-2.302408482e-12
1.20233426e-09
-2.055180993e-12
1.196203508e-09
-1.839623487e-12
1.189567537e-09
-1.576866129e-12
1.182379448e-09
-9.570207971e-13
1.17444069e-09
1.166113305e-09
-3.49070858e-14
4.569902617e-11
-1.362300769e-13
1.337229411e-10
-2.981766184e-13
2.168433245e-10
-5.140946824e-13
2.952650256e-10
-7.767030463e-13
3.691856299e-10
-1.078384967e-12
4.387955477e-10
-1.411104919e-12
5.04277936e-10
-1.767031486e-12
5.658097667e-10
-2.138357761e-12
6.235606114e-10
-2.517447915e-12
6.776944708e-10
-2.897309158e-12
7.283686158e-10
-3.271184918e-12
7.75734521e-10
-3.632949381e-12
8.199381612e-10
-3.977199016e-12
8.611196698e-10
-4.29915615e-12
8.994139965e-10
-4.594610752e-12
9.349509379e-10
-4.86020565e-12
9.678553577e-10
-5.093275592e-12
9.982473225e-10
-5.291845943e-12
1.026242318e-09
-5.454638308e-12
1.051951382e-09
-5.581207877e-12
1.075481609e-09
-5.671491886e-12
1.096935452e-09
-5.726043464e-12
1.11641158e-09
-5.746274792e-12
1.134005214e-09
-5.733875623e-12
1.149807367e-09
-5.691036027e-12
1.163905823e-09
-5.620353062e-12
1.176384871e-09
-5.524945652e-12
1.187325412e-09
-5.407963562e-12
1.196805216e-09
-5.273111584e-12
1.204898941e-09
-5.12408433e-12
1.211678219e-09
-4.964714269e-12
1.217211836e-09
-4.799197271e-12
1.221565779e-09
-4.631402517e-12
1.224803351e-09
-4.465457028e-12
1.226985241e-09
-4.305502981e-12
1.228169532e-09
-4.155388514e-12
1.228411977e-09
-4.018968832e-12
1.227766023e-09
-3.900002976e-12
1.226282598e-09
-3.801932531e-12
1.224010456e-09
-3.728134529e-12
1.2209967e-09
-3.681327485e-12
1.217285384e-09
-3.663638024e-12
1.212918672e-09
-3.676685695e-12
1.207937278e-09
-3.722290596e-12
1.202379865e-09
-3.615603061e-12
1.19609682e-09
-3.164769376e-12
1.189116703e-09
-2.391684911e-12
1.181606363e-09
-1.327442739e-12
1.173376448e-09
1.164785862e-09
-2.51032245e-14
4.57241294e-11
-9.816264094e-14
1.337960005e-10
-2.149491518e-13
2.16960111e-10
-3.705071211e-13
2.954205836e-10
-5.594157855e-13
3.693745386e-10
-7.759284119e-13
4.390120603e-10
-1.014272679e-12
5.045162802e-10
-1.268512115e-12
5.660640061e-10
-1.533147873e-12
6.238252471e-10
-1.802578226e-12
6.779639012e-10
-2.071806102e-12
7.286378437e-10
-2.336269387e-12
7.759989843e-10
-2.591712861e-12
8.201936047e-10
-2.834505144e-12
8.613624621e-10
-3.061557564e-12
8.99641049e-10
-3.270365857e-12
9.351597462e-10
-3.459009095e-12
9.680440009e-10
-3.626089951e-12
9.984144034e-10
-3.770755957e-12
1.026386984e-09
-3.892681195e-12
1.052073308e-09
-3.992115454e-12
1.075581044e-09
-4.069687853e-12
1.097013024e-09
-4.126557864e-12
1.11646845e-09
-4.164347714e-12
1.134043004e-09
-4.184786911e-12
1.149827806e-09
-4.19038812e-12
1.163911424e-09
-4.183355812e-12
1.176377839e-09
-4.16673262e-12
1.187308789e-09
-4.143196597e-12
1.19678168e-09
-4.116026603e-12
1.204871771e-09
-4.088363209e-12
1.211650555e-09
-4.063396556e-12
1.21718687e-09
-4.044678415e-12
1.221547061e-09
-4.035273376e-12
1.224793946e-09
-4.038552614e-12
1.22698852e-09
-4.057780883e-12
1.22818876e-09
-4.095824037e-12
1.22845002e-09
-4.155783831e-12
1.227825983e-09
-4.240246416e-12
1.226367061e-09
-4.351543555e-12
1.224121754e-09
-4.491153326e-12
1.221136309e-09
-4.660135197e-12
1.217454366e-09
-4.860436176e-12
1.213118973e-09
-4.855549794e-12
1.207932391e-09
-4.51357838e-12
1.202037894e-09
-3.856773709e-12
1.195440016e-09
-2.91331633e-12
1.188173245e-09
-1.78892221e-12
1.180481969e-09
-8.159616923e-13
1.172403488e-09
1.163969901e-09
-1.879125774e-14
4.574292066e-11
-7.330640545e-14
1.338505157e-10
-1.603616061e-13
2.170471662e-10
-2.763267653e-13
2.955365488e-10
-4.172232406e-13
3.695154351e-10
-5.787584573e-13
4.391735956e-10
-7.568200487e-13
5.046943418e-10
-9.470164488e-13
5.662542025e-10
-1.145334049e-12
6.240235647e-10
-1.347958043e-12
6.781665252e-10
-1.551261368e-12
7.28841147e-10
-1.752059522e-12
7.761997825e-10
-1.947542663e-12
8.203890878e-10
-2.135307845e-12
8.615502273e-10
-2.313381881e-12
8.99819123e-10
-2.480228706e-12
9.353265931e-10
-2.634747929e-12
9.681985202e-10
-2.776377735e-12
9.985560332e-10
-2.904945366e-12
1.026515552e-09
-3.020621711e-12
1.052188984e-09
-3.123861884e-12
1.075684284e-09
-3.215723194e-12
1.097104886e-09
-3.297416221e-12
1.116550143e-09
-3.37046846e-12
1.134116056e-09
-3.436687253e-12
1.149894025e-09
-3.498035448e-12
1.163972772e-09
-3.556737493e-12
1.176436541e-09
-3.615090975e-12
1.187367142e-09
-3.675552156e-12
1.196842141e-09
-3.740662807e-12
1.204936882e-09
-3.812906371e-12
1.211722799e-09
-3.895016609e-12
1.21726898e-09
-3.989351942e-12
1.221641396e-09
-4.098534864e-12
1.224903128e-09
-4.224920188e-12
1.227114905e-09
-4.370663022e-12
1.228334503e-09
-4.537995043e-12
1.228617352e-09
-4.728308578e-12
1.228016296e-09
-4.942801334e-12
1.226581554e-09
-5.181963568e-12
1.224360916e-09
-5.44732605e-12
1.221401672e-09
-5.480045093e-12
1.217487085e-09
-5.175664666e-12
1.212814592e-09
-4.555292244e-12
1.207312019e-09
-3.644378441e-12
1.20112698e-09
-2.651146849e-12
1.194446784e-09
-1.790370865e-12
1.187312469e-09
-1.066582962e-12
1.179758181e-09
-4.739480904e-13
1.171810853e-09
1.163495953e-09
-1.492127914e-14
4.575784194e-11
-5.83716575e-14
1.338939661e-10
-1.279491869e-13
2.171167437e-10
-2.208925465e-13
2.956294921e-10
-3.341334075e-13
3.696286759e-10
-4.645966145e-13
4.393040588e-10
-6.0908169e-13
5.048388269e-10
-7.645862305e-13
5.66409707e-10
-9.280854257e-13
6.241870639e-10
-1.096850227e-12
6.7833529e-10
-1.26839312e-12
7.290126899e-10
-1.44048933e-12
7.763718787e-10
-1.611232015e-12
8.205598305e-10
-1.779084366e-12
8.617180796e-10
-1.942855939e-12
8.999828946e-10
-2.101665295e-12
9.354854024e-10
-2.254940886e-12
9.683517958e-10
-2.402469647e-12
9.98703562e-10
-2.544405607e-12
1.026657488e-09
-2.681315239e-12
1.052325894e-09
-2.813699632e-12
1.075816668e-09
-2.942571999e-12
1.097233758e-09
-3.069191097e-12
1.116676762e-09
-3.194704353e-12
1.13424157e-09
-3.320919381e-12
1.15002024e-09
-3.449175472e-12
1.164101028e-09
-3.581527201e-12
1.176568892e-09
-3.719507765e-12
1.187505123e-09
-3.865269102e-12
1.196987902e-09
-4.020426206e-12
1.205092039e-09
-4.187064137e-12
1.211889437e-09
-4.366866857e-12
1.217448783e-09
-4.561607348e-12
1.221836136e-09
-4.772850925e-12
1.225114372e-09
-5.002025627e-12
1.22734408e-09
-5.250004196e-12
1.228582482e-09
-5.517515421e-12
1.228884863e-09
-5.804263448e-12
1.228303045e-09
-6.11176413e-12
1.226889054e-09
-6.166767573e-12
1.224415919e-09
-5.88114272e-12
1.221116047e-09
-5.274561513e-12
1.216880504e-09
-4.369863282e-12
1.211909894e-09
-3.424246347e-12
1.206366402e-09
-2.59201184e-12
1.200294745e-09
-1.877511287e-12
1.193732284e-09
-1.274790601e-12
1.186709749e-09
-7.720940629e-13
1.179255485e-09
-3.536680668e-13
1.171392427e-09
1.163142285e-09
-1.273947002e-14
4.577058141e-11
-4.978733861e-14
1.339310139e-10
-1.092345751e-13
2.17176191e-10
-1.889413512e-13
2.957091989e-10
-2.866548688e-13
3.697263895e-10
-4.001027332e-13
4.394175066e-10
-5.269278563e-13
5.04965652e-10
-6.649154593e-13
5.665476947e-10
-8.120433316e-13
6.243341918e-10
-9.663197735e-13
6.784895664e-10
-1.126041912e-12
7.29172412e-10
-1.289736598e-12
7.765355734e-10
-1.456178839e-12
8.207262728e-10
-1.62440536e-12
8.618863061e-10
-1.793713856e-12
9.001522031e-10
-1.963666436e-12
9.35655355e-10
-2.134106405e-12
9.685222357e-10
-2.305122858e-12
9.988745784e-10
-2.476966695e-12
1.026829331e-09
-2.650136566e-12
1.052499064e-09
-2.825397983e-12
1.07599193e-09
-3.00353019e-12
1.09741189e-09
-3.185553681e-12
1.116858785e-09
-3.372599156e-12
1.134428615e-09
-3.565827782e-12
1.150213469e-09
-3.766543606e-12
1.164301744e-09
-3.976027841e-12
1.176778377e-09
-4.195560439e-12
1.187724656e-09
-4.426496387e-12
1.197218838e-09
-4.669972626e-12
1.205335515e-09
-4.927281717e-12
1.212146746e-09
-5.199364679e-12
1.217720866e-09
-5.487115067e-12
1.222123887e-09
-5.790979509e-12
1.225418236e-09
-6.111024995e-12
1.227664125e-09
-6.446852221e-12
1.228918309e-09
-6.799487179e-12
1.229237498e-09
-6.885264292e-12
1.228388822e-09
-6.627709788e-12
1.2266315e-09
-6.04492502e-12
1.223833135e-09
-5.157604968e-12
1.220228727e-09
-4.243364527e-12
1.215966263e-09
-3.427959659e-12
1.211094489e-09
-2.716100075e-12
1.205654542e-09
-2.102289565e-12
1.199680935e-09
-1.575353648e-12
1.193205348e-09
-1.120030795e-12
1.186254426e-09
-7.173175825e-13
1.178852771e-09
-3.492556471e-13
1.171024365e-09
1.162793029e-09
-1.168129815e-14
4.57822627e-11
-4.57917764e-14
1.339651244e-10
-1.007302406e-13
2.172311294e-10
-1.747941091e-13
2.957832628e-10
-2.662639992e-13
3.698178594e-10
-3.733129511e-13
4.395245556e-10
-4.943173308e-13
5.050866564e-10
-6.275686774e-13
5.66680946e-10
-7.71570934e-13
6.244781941e-10
-9.249880397e-13
6.786429835e-10
-1.086680856e-12
7.293341049e-10
-1.25563457e-12
7.767045271e-10
-1.431033834e-12
8.20901672e-10
-1.612269569e-12
8.620675419e-10
-1.798934715e-12
9.003388682e-10
-1.990883887e-12
9.358473042e-10
-2.188113983e-12
9.687194658e-10
-2.390791229e-12
9.990772557e-10
-2.599189001e-12
1.027037729e-09
-2.813776913e-12
1.052713651e-09
-3.035195502e-12
1.076213348e-09
-3.264032916e-12
1.097640728e-09
-3.501139219e-12
1.117095892e-09
-3.747378723e-12
1.134674855e-09
-4.003443668e-12
1.150469534e-09
-4.270431359e-12
1.164568732e-09
-4.548933724e-12
1.177056879e-09
-4.840126725e-12
1.188015849e-09
-5.14444604e-12
1.197523158e-09
-5.462958295e-12
1.205654027e-09
-5.795769874e-12
1.212479557e-09
-6.143350831e-12
1.218068447e-09
-6.50530779e-12
1.222485844e-09
-6.881156371e-12
1.225794085e-09
-7.271879416e-12
1.228054849e-09
-7.390562121e-12
1.229036992e-09
-7.166282277e-12
1.229013218e-09
-6.615505487e-12
1.227838045e-09
-5.756970248e-12
1.225772965e-09
-4.880740295e-12
1.222956905e-09
-4.095050355e-12
1.219443037e-09
-3.405205643e-12
1.215276419e-09
-2.806756429e-12
1.21049604e-09
-2.289503259e-12
1.205137289e-09
-1.839047593e-12
1.199230479e-09
-1.437247075e-12
1.192803547e-09
-1.066400307e-12
1.185883579e-09
-7.108597554e-13
1.178497231e-09
-3.58141233e-13
1.170671646e-09
1.162434888e-09
-1.142448311e-14
4.579368719e-11
-4.476049357e-14
1.339984604e-10
-9.860674381e-14
2.172849757e-10
-1.715633671e-13
2.958562194e-10
-2.621684508e-13
3.699084644e-10
-3.690738859e-13
4.39631461e-10
-4.908957559e-13
5.052084783e-10
-6.265049042e-13
5.668165551e-10
-7.746944555e-13
6.246263836e-10
-9.344663142e-13
6.788027554e-10
-1.104973843e-12
7.295046124e-10
-1.285515803e-12
7.76885069e-10
-1.47554686e-12
8.210917031e-10
-1.674675613e-12
8.622666706e-10
-1.882657263e-12
9.005468499e-10
-2.099386785e-12
9.360640337e-10
-2.324875898e-12
9.689449549e-10
-2.559153834e-12
9.993115336e-10
-2.80254663e-12
1.027281122e-09
-3.055482541e-12
1.052966587e-09
-3.318246839e-12
1.076476112e-09
-3.591336255e-12
1.097913817e-09
-3.875424775e-12
1.11737998e-09
-4.170815586e-12
1.134970245e-09
-4.478313618e-12
1.150777032e-09
-4.798326326e-12
1.164888744e-09
-5.131420271e-12
1.177389973e-09
-5.478110922e-12
1.188362539e-09
-5.838554158e-12
1.197883601e-09
-6.21289462e-12
1.206028368e-09
-6.600837398e-12
1.2128675e-09
-7.001681091e-12
1.21846929e-09
-7.416645656e-12
1.222900808e-09
-7.565867593e-12
1.225943307e-09
-7.375468489e-12
1.227864449e-09
-6.860113952e-12
1.228521637e-09
-6.036317927e-12
1.228189422e-09
-5.203147774e-12
1.227004875e-09
-4.455849556e-12
1.225025666e-09
-3.800085236e-12
1.22230114e-09
-3.23295556e-12
1.218875907e-09
-2.745421434e-12
1.214788885e-09
-2.324178229e-12
1.210074797e-09
-1.952044684e-12
1.204765156e-09
-1.612109826e-12
1.198890544e-09
-1.289388877e-12
1.192480826e-09
-9.719724843e-13
1.185566163e-09
-6.523569038e-13
1.178177615e-09
-3.278078629e-13
1.170347097e-09
1.16210708e-09
-1.164636181e-14
4.580533355e-11
-4.572808192e-14
1.340325421e-10
-1.009446344e-13
2.173401922e-10
-1.759910298e-13
2.959312658e-10
-2.695944562e-13
3.700020679e-10
-3.80627017e-13
4.397424936e-10
-5.079160259e-13
5.053357673e-10
-6.504482007e-13
5.669590873e-10
-8.073618282e-13
6.247832973e-10
-9.778301593e-13
6.789732237e-10
-1.161115318e-12
7.296878975e-10
-1.356652198e-12
7.770806059e-10
-1.563995023e-12
8.212990459e-10
-1.782813048e-12
8.624854886e-10
-2.01288429e-12
9.007769211e-10
-2.25402732e-12
9.363051767e-10
-2.506204167e-12
9.691971318e-10
-2.769474454e-12
9.995748039e-10
-3.044139689e-12
1.027555787e-09
-3.330278133e-12
1.053252726e-09
-3.628097579e-12
1.076773932e-09
-3.938045065e-12
1.098223765e-09
-4.260358498e-12
1.117702294e-09
-4.595357063e-12
1.135305244e-09
-4.943505781e-12
1.151125181e-09
-5.305012522e-12
1.165250251e-09
-5.68002663e-12
1.177764987e-09
-6.068486851e-12
1.188750999e-09
-6.470229891e-12
1.198285344e-09
-6.88442847e-12
1.206442566e-09
-7.312516053e-12
1.213295588e-09
-7.491167884e-12
1.218647942e-09
-7.336133201e-12
1.222745774e-09
-6.859900642e-12
1.225467074e-09
-6.076311161e-12
1.22708086e-09
-5.286208429e-12
1.227731534e-09
-4.578026764e-12
1.22748124e-09
-3.957835457e-12
1.226384683e-09
-3.423651439e-12
1.224491482e-09
-2.968129345e-12
1.221845618e-09
-2.579067762e-12
1.218486846e-09
-2.240387081e-12
1.214450204e-09
-1.93572856e-12
1.209770138e-09
-1.650647108e-12
1.204480074e-09
-1.373547072e-12
1.198613444e-09
-1.097099927e-12
1.192204379e-09
-8.185003851e-13
1.185287563e-09
-5.393040257e-13
1.177898419e-09
-2.6441085e-13
1.170072204e-09
1.161842669e-09
-1.213244222e-14
4.581746599e-11
-4.762339874e-14
1.340680331e-10
-1.051759335e-13
2.173977448e-10
-1.835431918e-13
2.96009633e-10
-2.816008779e-13
3.701001256e-10
-3.982400792e-13
4.398591328e-10
-5.325149732e-13
5.054700422e-10
-6.834124727e-13
5.671099848e-10
-8.502131273e-13
6.249500979e-10
-1.032194669e-12
6.791552052e-10
-1.228729902e-12
7.298844328e-10
-1.439295549e-12
7.772911716e-10
-1.663465017e-12
8.215232154e-10
-1.90090181e-12
8.627229254e-10
-2.151364923e-12
9.010273842e-10
-2.414702148e-12
9.36568514e-10
-2.690834735e-12
9.694732644e-10
-2.979765525e-12
9.998637347e-10
-3.281610386e-12
1.027857632e-09
-3.596419664e-12
1.053567535e-09
-3.924346447e-12
1.077101859e-09
-4.265585596e-12
1.098565004e-09
-4.620356352e-12
1.118057064e-09
-4.988837161e-12
1.135673725e-09
-5.370932207e-12
1.151507276e-09
-5.766665483e-12
1.165645984e-09
-6.17577826e-12
1.1781741e-09
-6.597539829e-12
1.189172761e-09
-7.033429136e-12
1.198721233e-09
-7.242930137e-12
1.206652067e-09
-7.127297411e-12
1.213179955e-09
-6.696462283e-12
1.218217107e-09
-5.96116946e-12
1.222010481e-09
-5.213662414e-12
1.224719567e-09
-4.543764919e-12
1.226410962e-09
-3.958186001e-12
1.227145955e-09
-3.455543325e-12
1.226978598e-09
-3.02967963e-12
1.22595882e-09
-2.670127975e-12
1.224131931e-09
-2.362205049e-12
1.221537695e-09
-2.089565851e-12
1.218214207e-09
-1.838085679e-12
1.214198724e-09
-1.596142256e-12
1.209528195e-09
-1.356125518e-12
1.204240057e-09
-1.114779824e-12
1.198372099e-09
-8.729643506e-13
1.191962564e-09
-6.349997777e-13
1.185049599e-09
-4.070377111e-13
1.177670457e-09
-1.943086135e-13
1.169859475e-09
1.16164836e-09
-1.26825458e-14
4.583014854e-11
-4.982269301e-14
1.341051732e-10
-1.101123186e-13
2.174580344e-10
-1.923285218e-13
2.960918493e-10
-2.953790624e-13
3.702031761e-10
-4.181854363e-13
4.399819392e-10
-5.598450419e-13
5.056117018e-10
-7.194622151e-13
5.67269602e-10
-8.963033195e-13
6.25126939e-10
-1.08970635e-12
6.793486083e-10
-1.299084091e-12
7.300938105e-10
-1.523943842e-12
7.775160313e-10
-1.763879599e-12
8.217631511e-10
-2.018566779e-12
8.629776126e-10
-2.287756829e-12
9.012965743e-10
-2.571277575e-12
9.368520347e-10
-2.869029529e-12
9.697710163e-10
-3.180965209e-12
1.00017567e-09
-3.507038703e-12
1.028183706e-09
-3.847366287e-12
1.053907863e-09
-4.20204022e-12
1.077456533e-09
-4.570977657e-12
1.098933941e-09
-4.954142059e-12
1.118440229e-09
-5.351488553e-12
1.136071071e-09
-5.762624608e-12
1.151918412e-09
-6.18701915e-12
1.166070379e-09
-6.626103472e-12
1.178613184e-09
-6.864605751e-12
1.189411263e-09
-6.789254213e-12
1.198645882e-09
-6.407181486e-12
1.206269994e-09
-5.726354799e-12
1.212499128e-09
-5.01950089e-12
1.217510253e-09
-4.385411423e-12
1.221376391e-09
-3.831375295e-12
1.224165531e-09
-3.357531194e-12
1.225937118e-09
-2.958049287e-12
1.226746473e-09
-2.623670943e-12
1.226644219e-09
-2.341801003e-12
1.22567695e-09
-2.097084379e-12
1.223887214e-09
-1.875088669e-12
1.2213157e-09
-1.664081757e-12
1.2180032e-09
-1.456011025e-12
1.213990653e-09
-1.246976514e-12
1.20931916e-09
-1.03711965e-12
1.204030201e-09
-8.300662865e-13
1.198165045e-09
-6.314640898e-13
1.191763961e-09
-4.467113737e-13
1.184864846e-09
-2.79315926e-13
1.177503061e-09
-1.304784166e-13
1.169710638e-09
1.161517882e-09
-1.319871593e-14
4.584334725e-11
-5.18408204e-14
1.341438154e-10
-1.146029561e-13
2.175207965e-10
-2.00278149e-13
2.961775244e-10
-3.077705725e-13
3.703106685e-10
-4.360761785e-13
4.401102448e-10
-5.84292114e-13
5.057599177e-10
-7.5161193e-13
5.674369218e-10
-9.373220104e-13
6.253126491e-10
-1.140786778e-12
6.79552073e-10
-1.36145887e-12
7.303144826e-10
-1.598871162e-12
7.777534436e-10
-1.852635949e-12
8.220169159e-10
-2.12244671e-12
8.632474234e-10
-2.4080668e-12
9.015821944e-10
-2.709321023e-12
9.371532889e-10
-3.026095524e-12
9.700877908e-10
-3.358316531e-12
1.000507891e-09
-3.705801406e-12
1.02853119e-09
-4.068550864e-12
1.054270612e-09
-4.446450367e-12
1.077834432e-09
-4.839265307e-12
1.099326756e-09
-5.246654381e-12
1.118847618e-09
-5.668220105e-12
1.136492637e-09
-6.105332983e-12
1.152355525e-09
-6.366162052e-12
1.166331208e-09
-6.327483008e-12
1.178574505e-09
-5.993393027e-12
1.189077173e-09
-5.369028304e-12
1.198021517e-09
-4.70079127e-12
1.205601757e-09
-4.099985772e-12
1.211898323e-09
-3.574539143e-12
1.216984807e-09
-3.126349696e-12
1.220928202e-09
-2.750248183e-12
1.22378943e-09
-2.438165513e-12
1.225625036e-09
-2.178633867e-12
1.226486942e-09
-1.958110988e-12
1.226423697e-09
-1.762609201e-12
1.225481448e-09
-1.57984762e-12
1.223704452e-09
-1.401280361e-12
1.221137132e-09
-1.222289951e-12
1.217824209e-09
-1.042210195e-12
1.213810573e-09
-8.639324465e-13
1.209140882e-09
-6.926669373e-13
1.203858935e-09
-5.33863285e-13
1.198006242e-09
-3.914482036e-13
1.191621546e-09
-2.670787182e-13
1.184740476e-09
-1.606454944e-13
1.177396628e-09
-7.170944181e-14
1.169621702e-09
1.161446173e-09
-1.360084045e-14
4.585694809e-11
-5.344956454e-14
1.341836641e-10
-1.182193063e-13
2.175855663e-10
-2.067153806e-13
2.962660205e-10
-3.178305181e-13
3.704217837e-10
-4.506386728e-13
4.402430529e-10
-6.042317371e-13
5.059135108e-10
-7.778981196e-13
5.676105882e-10
-9.709272856e-13
6.255056783e-10
-1.182713337e-12
6.797638591e-10
-1.412749495e-12
7.305445188e-10
-1.660604699e-12
7.780012988e-10
-1.925920107e-12
8.222822313e-10
-2.208404174e-12
8.635299074e-10
-2.507830867e-12
9.018816211e-10
-2.824031861e-12
9.374694899e-10
-3.156861782e-12
9.704206207e-10
-3.506128844e-12
1.000857158e-09
-3.871457113e-12
1.028896519e-09
-4.252599016e-12
1.054651754e-09
-4.649403872e-12
1.078231237e-09
-5.061539336e-12
1.099738892e-09
-5.490399374e-12
1.119276478e-09
-5.761812654e-12
1.13676405e-09
-5.751354152e-12
1.152345066e-09
-5.459931846e-12
1.166039786e-09
-4.889583567e-12
1.178004157e-09
-4.258679596e-12
1.188446269e-09
-3.688748533e-12
1.197451586e-09
-3.189061199e-12
1.20510207e-09
-2.762729087e-12
1.211471991e-09
-2.406554835e-12
1.216628632e-09
-2.113156495e-12
1.220634804e-09
-1.872424187e-12
1.223548697e-09
-1.672003643e-12
1.225424615e-09
-1.499092868e-12
1.226314031e-09
-1.341782265e-12
1.226266386e-09
-1.190631881e-12
1.225330298e-09
-1.040126436e-12
1.223553947e-09
-8.885987612e-13
1.220985605e-09
-7.380771699e-13
1.217673688e-09
-5.932734435e-13
1.21366577e-09
-4.596884482e-13
1.209007297e-09
-3.415952651e-13
1.203740842e-09
-2.411429456e-13
1.197905789e-09
-1.586302851e-13
1.191539034e-09
-9.364833929e-14
1.184675495e-09
-4.569479185e-14
1.177348675e-09
-1.452701082e-14
1.169590534e-09
1.161431646e-09
-1.384477899e-14
4.587079287e-11
-5.439652389e-14
1.342242158e-10
-1.203377192e-13
2.176515075e-10
-2.105076221e-13
2.963561904e-10
-3.238243262e-13
3.705351004e-10
-4.594079845e-13
4.403786366e-10
-6.163929312e-13
5.060704957e-10
-7.941743308e-13
5.677883696e-10
-9.920199138e-13
6.257035238e-10
-1.209389148e-12
6.799812283e-10
-1.445874255e-12
7.307810039e-10
-1.701105036e-12
7.782565296e-10
-1.974743432e-12
8.225558697e-10
-2.266501272e-12
8.638216653e-10
-2.576104946e-12
9.021912247e-10
-2.903233142e-12
9.377966181e-10
-3.247518022e-12
9.707649056e-10
-3.608799292e-12
1.00121844e-09
-3.987064597e-12
1.029274784e-09
-4.381862768e-12
1.055046552e-09
-4.795016364e-12
1.078644391e-09
-5.060623743e-12
1.100004499e-09
-5.065475043e-12
1.119281329e-09
-4.807099981e-12
1.136505675e-09
-4.28420116e-12
1.151822167e-09
-3.688733561e-12
1.165444318e-09
-3.14886488e-12
1.177464288e-09
-2.672678116e-12
1.187970083e-09
-2.265029841e-12
1.197043938e-09
-1.925300427e-12
1.204762341e-09
-1.646988354e-12
1.211193679e-09
-1.421299067e-12
1.216402943e-09
-1.237199281e-12
1.220450704e-09
-1.082854061e-12
1.223394352e-09
-9.469490682e-13
1.22528871e-09
-8.200288852e-13
1.226187111e-09
-6.957780706e-13
1.226142135e-09
-5.714006297e-13
1.22520592e-09
-4.47788964e-13
1.223430335e-09
-3.288667183e-13
1.220866682e-09
-2.199866724e-13
1.217564808e-09
-1.25857506e-13
1.21357164e-09
-4.915353486e-14
1.208930593e-09
9.461455604e-15
1.203682227e-09
5.032403542e-14
1.197864927e-09
7.391225044e-14
1.191515445e-09
8.054982912e-14
1.184668857e-09
7.041296563e-14
1.177358812e-09
4.357546624e-14
1.169617371e-09
1.161475221e-09
-1.38818968e-14
4.588467477e-11
-5.456440635e-14
1.342648983e-10
-1.207307266e-13
2.177176738e-10
-2.112610181e-13
2.964467207e-10
-3.25176662e-13
3.70649016e-10
-4.615435987e-13
4.405150035e-10
-6.196975661e-13
5.062286497e-10
-7.989376501e-13
5.679676097e-10
-9.986574121e-13
6.259032436e-10
-1.218478949e-12
6.802010499e-10
-1.457982503e-12
7.310205074e-10
-1.716798277e-12
7.785153454e-10
-1.994570632e-12
8.228336421e-10
-2.290908279e-12
8.641180029e-10
-2.605455635e-12
9.025057721e-10
-2.93816171e-12
9.381293242e-10
-3.289110337e-12
9.711158543e-10
-3.658035468e-12
1.001587365e-09
-4.047446822e-12
1.029664195e-09
-4.287550437e-12
1.055286656e-09
-4.291306702e-12
1.078648147e-09
-4.052927771e-12
1.09976612e-09
-3.567473664e-12
1.118795875e-09
-3.0060627e-12
1.135944264e-09
-2.494628571e-12
1.151310733e-09
-2.041044453e-12
1.164990734e-09
-1.650361734e-12
1.177073605e-09
-1.323188669e-12
1.18764291e-09
-1.056097223e-12
1.196776846e-09
-8.411966563e-13
1.20454744e-09
-6.689472215e-13
1.211021429e-09
-5.286178726e-13
1.216262614e-09
-4.096736171e-13
1.22033176e-09
-3.027359385e-13
1.223287415e-09
-2.009698797e-13
1.225186944e-09
-1.006835093e-13
1.226086824e-09
-1.647033609e-15
1.226043099e-09
9.321444142e-14
1.225111059e-09
1.789415435e-13
1.223344608e-09
2.505673391e-13
1.220795057e-09
3.04850863e-13
1.217510524e-09
3.406850376e-13
1.213535806e-09
3.583048854e-13
1.208912974e-09
3.582177139e-13
1.203682314e-09
3.408307284e-13
1.197882314e-09
3.06369543e-13
1.191549907e-09
2.549895332e-13
1.184720237e-09
1.867170201e-13
1.177427084e-09
1.016158886e-13
1.169702472e-09
1.161576837e-09
-1.36910235e-14
4.589836579e-11
-5.382249565e-14
1.343050298e-10
-1.191252532e-13
2.177829766e-10
-2.085018542e-13
2.965360973e-10
-3.210579748e-13
3.707615721e-10
-4.559715698e-13
4.406499171e-10
-6.125914164e-13
5.063852696e-10
-7.902755992e-13
5.681452939e-10
-9.885926589e-13
6.261015607e-10
-1.207090282e-12
6.804195475e-10
-1.445288903e-12
7.312587061e-10
-1.702796437e-12
7.787728529e-10
-1.979432587e-12
8.231102782e-10
-2.275347919e-12
8.644139183e-10
-2.590822852e-12
9.02821247e-10
-2.926128834e-12
9.384646302e-10
-3.284614166e-12
9.714743396e-10
-3.478659315e-12
1.00178141e-09
-3.463651685e-12
1.029649188e-09
-3.230731347e-12
1.055053736e-09
-2.770936706e-12
1.078188352e-09
-2.243723077e-12
1.099238906e-09
-1.760412119e-12
1.118312564e-09
-1.328707686e-12
1.13551256e-09
-9.5420781e-13
1.150936233e-09
-6.385987217e-13
1.164675125e-09
-3.798442444e-13
1.176814851e-09
-1.725641084e-13
1.187435629e-09
-8.153247666e-15
1.196612435e-09
1.229779099e-13
1.204416309e-09
2.302227721e-13
1.210914184e-09
3.224480146e-13
1.216170388e-09
4.067208181e-13
1.220247487e-09
4.875253663e-13
1.22320661e-09
5.662272946e-13
1.225108242e-09
6.409392518e-13
1.226012112e-09
7.073660428e-13
1.225976672e-09
7.604933357e-13
1.225057931e-09
7.964624456e-13
1.223308639e-09
8.134506884e-13
1.220778068e-09
8.113882213e-13
1.217512587e-09
7.908862461e-13
1.213556308e-09
7.524470754e-13
1.208951413e-09
6.963875817e-13
1.203738374e-09
6.229227307e-13
1.197955779e-09
5.32150606e-13
1.191640679e-09
4.24124029e-13
1.184828264e-09
2.990559869e-13
1.177552152e-09
1.574342142e-13
1.169844094e-09
1.161734271e-09
-1.328681063e-14
4.59116526e-11
-5.225086919e-14
1.343439939e-10
-1.157020264e-13
2.178464277e-10
-2.026441675e-13
2.966230395e-10
-3.122032914e-13
3.708711312e-10
-4.436880014e-13
4.407814018e-10
-5.964580772e-13
5.065380396e-10
-7.700049916e-13
5.683188408e-10
-9.638515657e-13
6.262954072e-10
-1.17771265e-12
6.806334086e-10
-1.411693836e-12
7.314926872e-10
-1.666271258e-12
7.790274303e-10
-1.941742996e-12
8.2338575e-10
-2.239819643e-12
8.647119949e-10
-2.53621444e-12
9.031176418e-10
-2.667864659e-12
9.385962804e-10
-2.619742392e-12
9.714262173e-10
-2.380063106e-12
1.001541731e-09
-1.935625524e-12
1.02920475e-09
-1.446276977e-12
1.054564387e-09
-9.93975288e-13
1.077736051e-09
-5.861966963e-13
1.098831128e-09
-2.289353305e-13
1.117955303e-09
7.512533426e-14
1.135208499e-09
3.266316408e-13
1.150684727e-09
5.293754879e-13
1.164472381e-09
6.897334005e-13
1.176654493e-09
8.157342927e-13
1.187309628e-09
9.158065958e-13
1.196512363e-09
9.984406195e-13
1.204333675e-09
1.070639169e-12
1.210841986e-09
1.137272192e-12
1.216103755e-09
1.200548838e-12
1.22018421e-09
1.259664088e-12
1.223147495e-09
1.311236052e-12
1.22505667e-09
1.350517879e-12
1.225972831e-09
1.373320251e-12
1.22595387e-09
1.377195373e-12
1.225054056e-09
1.361520659e-12
1.223324314e-09
1.326688325e-12
1.220812901e-09
1.273222708e-12
1.217566052e-09
1.201522939e-12
1.213628008e-09
1.111848883e-12
1.209041087e-09
1.00436593e-12
1.203845857e-09
8.791272699e-13
1.198081017e-09
7.362833258e-13
1.191783523e-09
5.761904787e-13
1.184988356e-09
3.995142052e-13
1.177728828e-09
2.071307713e-13
1.170036478e-09
1.161941402e-09
-1.276679194e-14
-5.016932951e-14
-1.110844019e-13
-1.945868935e-13
-2.998882942e-13
-4.264020486e-13
-5.738134575e-13
-7.42273701e-13
-9.323193776e-13
-1.144497955e-12
-1.380194092e-12
-1.642687832e-12
-1.8354437e-12
-1.895525813e-12
-1.805786623e-12
-1.551221174e-12
-1.114721822e-12
-6.705316279e-13
-2.55316556e-13
1.235757176e-13
4.598758854e-13
7.499995298e-13
9.932290626e-13
1.191748761e-12
1.350184011e-12
1.474853366e-12
1.572671928e-12
1.650772421e-12
1.715919414e-12
1.773408421e-12
1.826341953e-12
1.874995656e-12
1.916951588e-12
1.94790807e-12
1.963398507e-12
1.22504118e-09
1.960390078e-12
1.225975839e-09
1.9377726e-12
1.225976487e-09
1.895759638e-12
1.225096069e-09
1.83486166e-12
1.223385212e-09
1.755508435e-12
1.220892254e-09
1.657976266e-12
1.217663584e-09
1.542444482e-12
1.21374354e-09
1.408954591e-12
1.209174577e-09
1.25753059e-12
1.203997281e-09
1.088371242e-12
1.198250177e-09
9.019633055e-13
1.191969931e-09
6.990586301e-13
1.185191261e-09
4.805149399e-13
1.177947372e-09
2.472073524e-13
1.170269785e-09
1.162188609e-09
2.477543852e-12
2.436370774e-12
2.376217078e-12
2.297537613e-12
2.200692895e-12
2.085863113e-12
1.953122081e-12
1.802430413e-12
1.633840394e-12
1.447639343e-12
1.244402824e-12
1.024887389e-12
7.898890512e-13
5.402051794e-13
2.766396284e-13
)
;

boundaryField
{
    front_top
    {
        type            wedge;
        value           nonuniform List<scalar> 
1166
(
1.036704909e-24
2.681814168e-24
3.501552952e-24
2.998379814e-24
1.9710954e-24
1.561984909e-24
1.063649414e-24
9.435396837e-25
8.176530794e-26
-2.55123679e-25
5.373439485e-25
7.580360124e-25
6.826310585e-25
3.075806162e-25
-5.138098126e-26
1.531683486e-25
4.279806146e-25
3.58989826e-25
2.82500178e-25
2.992908539e-25
2.907833005e-25
4.252512838e-25
3.856456913e-25
1.295099967e-23
3.248405277e-23
3.890671358e-23
3.394909767e-23
2.526703159e-23
1.892196196e-23
1.344269241e-23
9.119364781e-24
5.998707806e-24
4.987865625e-24
5.483881547e-24
5.785829493e-24
5.537725446e-24
4.551711141e-24
3.623141422e-24
4.383131838e-24
5.315429459e-24
5.238466588e-24
5.096110018e-24
5.153141484e-24
5.070922093e-24
5.325143436e-24
5.047868371e-24
-3.979779843e-23
-1.006930337e-22
-1.164252095e-22
-1.015149397e-22
-7.901725214e-23
-5.768339133e-23
-4.128503132e-23
-3.017116895e-23
-2.336590257e-23
-1.855141332e-23
-1.485346471e-23
-1.257823917e-23
-1.248420105e-23
-1.374825002e-23
-1.55212605e-23
-1.607976542e-23
-1.545149821e-23
-1.634754279e-23
-1.702717734e-23
-1.700946885e-23
-1.680864258e-23
-1.566115776e-23
-1.514312451e-23
3.255749149e-23
8.01795906e-23
9.317536605e-23
8.193806972e-23
6.238891576e-23
4.587334631e-23
3.260046377e-23
2.31537537e-23
1.685025779e-23
1.357292616e-23
1.217851767e-23
1.211228669e-23
1.161154027e-23
1.105377429e-23
1.086758782e-23
1.147208656e-23
1.300334883e-23
1.311795928e-23
1.281868604e-23
1.297480525e-23
1.275543205e-23
1.299962619e-23
1.26290923e-23
-5.08601024e-23
-1.255091195e-22
-1.445469719e-22
-1.254699898e-22
-9.659939134e-23
-7.047453202e-23
-5.028206757e-23
-3.65190927e-23
-2.738197387e-23
-2.178362108e-23
-1.836285718e-23
-1.632738458e-23
-1.642209129e-23
-1.766308448e-23
-1.881225085e-23
-1.971698335e-23
-1.950775728e-23
-2.039636906e-23
-2.148131068e-23
-2.140135908e-23
-2.09610968e-23
-2.00129035e-23
-1.911767239e-23
-1.771142449e-23
-4.337029585e-23
-4.958620729e-23
-4.270035899e-23
-3.297843226e-23
-2.388694972e-23
-1.709980544e-23
-1.258417282e-23
-9.310241282e-24
-7.310979341e-24
-6.166070043e-24
-5.26346005e-24
-5.461512991e-24
-6.07665875e-24
-6.887119495e-24
-7.285070281e-24
-6.678790466e-24
-7.125507251e-24
-7.799789823e-24
-7.779350648e-24
-7.533249291e-24
-6.942008807e-24
-6.431989531e-24
3.874656097e-23
9.106165519e-23
1.029431569e-22
8.908466834e-23
6.776960737e-23
4.95468238e-23
3.49917871e-23
2.490032834e-23
1.884846374e-23
1.532889366e-23
1.320347547e-23
1.269344407e-23
1.239567023e-23
1.261655489e-23
1.252322063e-23
1.303916099e-23
1.4494848e-23
1.476516727e-23
1.46196365e-23
1.467341524e-23
1.464044065e-23
1.466250658e-23
1.445794014e-23
3.765183068e-22
8.695048613e-22
9.754943212e-22
8.393031011e-22
6.374375462e-22
4.630180618e-22
3.274843775e-22
2.349741814e-22
1.758804433e-22
1.420083043e-22
1.230992368e-22
1.161486616e-22
1.156033387e-22
1.198862659e-22
1.25117041e-22
1.313326844e-22
1.379678842e-22
1.426304032e-22
1.451889862e-22
1.460668692e-22
1.445818687e-22
1.410077424e-22
1.362732077e-22
-5.719114389e-22
-1.290088793e-21
-1.433455938e-21
-1.227160614e-21
-9.281180604e-22
-6.714238599e-22
-4.741554705e-22
-3.403568703e-22
-2.538208407e-22
-2.052056306e-22
-1.79422476e-22
-1.698790712e-22
-1.703000082e-22
-1.770919169e-22
-1.870479607e-22
-1.97479025e-22
-2.057357995e-22
-2.130707593e-22
-2.17978222e-22
-2.192605188e-22
-2.167567747e-22
-2.112122083e-22
-2.036732389e-22
9.029104922e-24
1.981584874e-23
2.118802672e-23
1.747461459e-23
1.337948377e-23
1.009946431e-23
7.111401357e-24
4.684390916e-24
3.919103282e-24
3.467107703e-24
2.71446437e-24
2.706826377e-24
2.653366985e-24
2.915036355e-24
2.448193564e-24
2.167137501e-24
2.825882522e-24
2.947594107e-24
2.664803786e-24
2.861352592e-24
3.16156906e-24
3.018978992e-24
3.104570603e-24
3.885891196e-22
8.321946294e-22
9.021811712e-22
7.615611519e-22
5.710958444e-22
4.108549916e-22
2.887513078e-22
2.061829833e-22
1.546460181e-22
1.264384531e-22
1.116165244e-22
1.074467e-22
1.089082427e-22
1.143390275e-22
1.203879835e-22
1.267525292e-22
1.332524142e-22
1.383600356e-22
1.411066085e-22
1.423882778e-22
1.415294086e-22
1.38121898e-22
1.351982573e-22
-2.43672479e-22
-5.07655835e-22
-5.442091351e-22
-4.568304228e-22
-3.405944481e-22
-2.432728281e-22
-1.701736884e-22
-1.219690014e-22
-9.125142097e-23
-7.470997816e-23
-6.689963e-23
-6.480686328e-23
-6.621178952e-23
-6.966485629e-23
-7.428150512e-23
-7.895762972e-23
-8.238397275e-23
-8.540571677e-23
-8.786808698e-23
-8.85769685e-23
-8.737341072e-23
-8.539185337e-23
-8.311275831e-23
9.378888354e-23
1.898951891e-22
1.999998657e-22
1.658636216e-22
1.232056906e-22
8.833056365e-23
6.20166738e-23
4.397510839e-23
3.309896811e-23
2.737765094e-23
2.445900983e-23
2.402005499e-23
2.458799187e-23
2.61440751e-23
2.740800922e-23
2.869078492e-23
3.051054617e-23
3.181748669e-23
3.219972127e-23
3.256450821e-23
3.280339914e-23
3.222005876e-23
3.008009798e-23
7.033074468e-22
1.382904218e-21
1.439372286e-21
1.187223354e-21
8.759088442e-22
6.220475725e-22
4.335450152e-22
3.08912991e-22
2.325304567e-22
1.931109581e-22
1.754498127e-22
1.734658745e-22
1.795030076e-22
1.907992501e-22
2.029197794e-22
2.15085325e-22
2.263214279e-22
2.355552799e-22
2.413330137e-22
2.438168682e-22
2.425065104e-22
2.385369494e-22
2.057255574e-22
-2.050556634e-22
-3.913853177e-22
-4.019223396e-22
-3.292576717e-22
-2.412985456e-22
-1.698274538e-22
-1.176249655e-22
-8.398968551e-23
-6.346066792e-23
-5.325518748e-23
-4.898014501e-23
-4.87917404e-23
-5.095879767e-23
-5.43395036e-23
-5.831067656e-23
-6.21964896e-23
-6.51999869e-23
-6.764788787e-23
-6.975410943e-23
-7.054356159e-23
-6.984864068e-23
-6.75355312e-23
-5.147929524e-23
-1.541648783e-21
-2.854055416e-21
-2.882807681e-21
-2.337252673e-21
-1.702763535e-21
-1.196200118e-21
-8.278509268e-22
-5.89624535e-22
-4.466923366e-22
-3.772613712e-22
-3.506394588e-22
-3.536296087e-22
-3.716699925e-22
-3.982666287e-22
-4.265149078e-22
-4.541013792e-22
-4.780447248e-22
-4.977916759e-22
-5.118180822e-22
-5.178119592e-22
-5.166303874e-22
-4.728475837e-22
-3.012066515e-22
-1.604260918e-22
-2.879764354e-22
-2.866509844e-22
-2.305681891e-22
-1.667672704e-22
-1.160934028e-22
-7.983433529e-23
-5.692827992e-23
-4.339690391e-23
-3.724817069e-23
-3.505409302e-23
-3.565018226e-23
-3.771466365e-23
-4.060013925e-23
-4.38492305e-23
-4.693108544e-23
-4.927903474e-23
-5.103601388e-23
-5.278158141e-23
-5.355652956e-23
-5.26353826e-23
-4.409510576e-23
-2.263687622e-23
2.647746345e-22
4.606162368e-22
4.497794193e-22
3.572946469e-22
2.568558004e-22
1.79160343e-22
1.236755874e-22
8.801777802e-23
6.714169244e-23
5.749707661e-23
5.481555499e-23
5.664500023e-23
6.048377185e-23
6.529929113e-23
6.995134983e-23
7.441801366e-23
7.869041284e-23
8.251165534e-23
8.459943743e-23
8.586979989e-23
8.181438048e-23
5.969443459e-23
2.192400717e-23
2.920538696e-21
4.922784991e-21
4.729474907e-21
3.72169259e-21
2.656012211e-21
1.838642583e-21
1.262597932e-21
8.995360306e-22
6.911843841e-22
6.017391346e-22
5.818673307e-22
6.073234822e-22
6.527101016e-22
7.076779166e-22
7.620206084e-22
8.137711147e-22
8.596338756e-22
8.979513163e-22
9.251140268e-22
9.325053356e-22
8.242522096e-22
5.14354927e-22
1.169499486e-22
-1.639774978e-21
-2.677032091e-21
-2.527678408e-21
-1.968462495e-21
-1.394442401e-21
-9.596785009e-22
-6.568171692e-22
-4.685025246e-22
-3.625612852e-22
-3.201936223e-22
-3.14311207e-22
-3.317988454e-22
-3.590000936e-22
-3.90702039e-22
-4.217222591e-22
-4.510681061e-22
-4.767946304e-22
-4.978812314e-22
-5.142872387e-22
-5.020860909e-22
-3.999056614e-22
-2.084275156e-22
-1.081618732e-23
5.064742207e-22
8.004311549e-22
7.41825092e-22
5.713740016e-22
4.016567609e-22
2.752415025e-22
1.884226462e-22
1.346799088e-22
1.049510992e-22
9.361195915e-23
9.320105528e-23
9.959883051e-23
1.086619994e-22
1.185544552e-22
1.280098216e-22
1.36929581e-22
1.447997828e-22
1.517614896e-22
1.555585892e-22
1.427430368e-22
1.002623968e-22
4.18983503e-23
-9.865793066e-24
7.625350918e-22
1.16638469e-21
1.061403886e-21
8.085675229e-22
5.639693753e-22
3.842151676e-22
2.623471339e-22
1.880161472e-22
1.478921245e-22
1.341266873e-22
1.357325832e-22
1.466831943e-22
1.610179193e-22
1.762287395e-22
1.906397772e-22
2.041514063e-22
2.160118172e-22
2.266465881e-22
2.259111512e-22
1.897061914e-22
1.166385266e-22
3.728116936e-23
-2.784468713e-23
-3.559920977e-22
-5.269992424e-22
-4.71070762e-22
-3.547737149e-22
-2.454168847e-22
-1.660667376e-22
-1.128392462e-22
-8.121099881e-23
-6.460482981e-23
-5.979688692e-23
-6.170741149e-23
-6.747805607e-23
-7.435447087e-23
-8.173371202e-23
-8.870436645e-23
-9.509973203e-23
-1.008463774e-22
-1.048232963e-22
-9.902090972e-23
-7.508282633e-23
-4.073970483e-23
-8.963559017e-24
1.644223671e-23
-5.806097821e-22
-8.311831208e-22
-7.286209345e-22
-5.423948785e-22
-3.72106687e-22
-2.505253525e-22
-1.702687673e-22
-1.231039182e-22
-9.909255796e-23
-9.324762103e-23
-9.777165495e-23
-1.081113723e-22
-1.19903841e-22
-1.320467086e-22
-1.43388912e-22
-1.537698779e-22
-1.632566453e-22
-1.654085503e-22
-1.443085067e-22
-9.838825556e-23
-4.70836597e-23
-3.348277036e-24
3.146332714e-23
1.403888226e-21
1.942452829e-21
1.668956721e-21
1.227901846e-21
8.354542258e-22
5.597296054e-22
3.810010056e-22
2.772584835e-22
2.261848911e-22
2.164422797e-22
2.30370986e-22
2.572253001e-22
2.871069145e-22
3.165552849e-22
3.4364184e-22
3.689904961e-22
3.891412328e-22
3.748108535e-22
2.97520919e-22
1.838236383e-22
7.662225233e-23
-1.25206318e-23
-8.381198472e-23
-1.937332521e-21
-2.590451181e-21
-2.182300148e-21
-1.58609847e-21
-1.069693724e-21
-7.127470453e-22
-4.851504751e-22
-3.557690181e-22
-2.947993338e-22
-2.879936274e-22
-3.120215397e-22
-3.521327175e-22
-3.947234287e-22
-4.360926123e-22
-4.739763247e-22
-5.096113713e-22
-5.234683786e-22
-4.679923358e-22
-3.398095049e-22
-1.952636367e-22
-6.994413124e-23
3.429827282e-23
1.19467316e-22
-3.221924077e-21
-4.160715291e-21
-3.43466997e-21
-2.465810977e-21
-1.648439931e-21
-1.092750704e-21
-7.452279673e-22
-5.519010807e-22
-4.653103524e-22
-4.639413297e-22
-5.10969969e-22
-5.820459522e-22
-6.552396941e-22
-7.247655958e-22
-7.886907877e-22
-8.42198151e-22
-8.226077536e-22
-6.751012128e-22
-4.549171764e-22
-2.467020616e-22
-7.032462415e-23
7.806330698e-23
2.030249238e-22
1.204045871e-21
1.500741338e-21
1.213374546e-21
8.603389274e-22
5.701238811e-22
3.761076575e-22
2.57434527e-22
1.931245337e-22
1.659284559e-22
1.687796418e-22
1.888204782e-22
2.167581997e-22
2.448968991e-22
2.711630408e-22
2.954344456e-22
3.070643412e-22
2.791218423e-22
2.113448426e-22
1.350982368e-22
6.909121353e-23
1.308989358e-23
-3.536651107e-23
-7.637741657e-23
2.072045053e-21
2.491528352e-21
1.97285734e-21
1.381123687e-21
9.069093858e-22
5.954918058e-22
4.094184943e-22
3.11552487e-22
2.73423557e-22
2.843004316e-22
3.230909233e-22
3.738981399e-22
4.236377303e-22
4.698407475e-22
5.081429055e-22
5.022539751e-22
4.208947971e-22
2.994390892e-22
1.860841816e-22
9.006261786e-23
7.049308881e-24
-6.709588216e-23
-1.29115378e-22
9.760903757e-22
1.131452992e-21
8.770307722e-22
6.061119078e-22
3.944070648e-22
2.578743266e-22
1.785181647e-22
1.383101236e-22
1.241573187e-22
1.31847564e-22
1.520476131e-22
1.770810062e-22
2.01077457e-22
2.233806597e-22
2.349590396e-22
2.163242525e-22
1.682499295e-22
1.153666316e-22
7.024213935e-23
3.172580907e-23
-2.754437479e-24
-3.358554319e-23
-5.984454846e-23
2.494199699e-21
2.785352863e-21
2.11327507e-21
1.441460466e-21
9.29193035e-22
6.05257772e-22
4.225428398e-22
3.338381651e-22
3.073957574e-22
3.338098103e-22
3.902230867e-22
4.573962175e-22
5.209235545e-22
5.740361974e-22
5.738547163e-22
4.882184484e-22
3.596326428e-22
2.432916457e-22
1.463389833e-22
6.138864413e-23
-1.717156165e-23
-8.739301364e-23
-1.494296124e-22
-4.232322698e-22
-4.550517667e-22
-3.37942634e-22
-2.27467426e-22
-1.451580081e-22
-9.429579166e-23
-6.644930887e-23
-5.351504379e-23
-5.078238946e-23
-5.651252613e-23
-6.683876477e-23
-7.896767653e-23
-9.02997849e-23
-9.652537311e-23
-8.991923374e-23
-7.150075835e-23
-5.137206854e-23
-3.475543075e-23
-2.092490607e-23
-8.312117832e-24
3.525681363e-24
1.457810241e-23
2.446578945e-23
-4.816479931e-21
-4.978979905e-21
-3.615771954e-21
-2.401612155e-21
-1.519076302e-21
-9.843147692e-22
-7.051708102e-22
-5.857404128e-22
-5.70007565e-22
-6.454906282e-22
-7.721060739e-22
-9.147327308e-22
-1.036577627e-21
-1.053230434e-21
-9.067049524e-22
-6.840297346e-22
-4.876000736e-22
-3.297236804e-22
-1.929433584e-22
-6.39653487e-23
5.713344165e-23
1.732903038e-22
2.780583083e-22
-1.510551922e-21
-1.50019358e-21
-1.065496604e-21
-6.982153458e-22
-4.374311434e-22
-2.831731231e-22
-2.065627923e-22
-1.768734481e-22
-1.773408594e-22
-2.047467723e-22
-2.472035083e-22
-2.942043899e-22
-3.238279596e-22
-3.061565361e-22
-2.459346876e-22
-1.815206033e-22
-1.301140787e-22
-8.837822016e-23
-5.050074985e-23
-1.46560097e-23
2.051949392e-23
5.490049195e-23
8.561514687e-23
3.355973183e-21
3.197934529e-21
2.220284559e-21
1.435559813e-21
8.910706375e-22
5.766942226e-22
4.312940572e-22
3.832104371e-22
3.948828905e-22
4.633443547e-22
5.645790935e-22
6.667781469e-22
6.954907845e-22
6.074988387e-22
4.648792753e-22
3.422755248e-22
2.47258877e-22
1.674094404e-22
9.267640255e-23
2.004491667e-23
-5.363157932e-23
-1.251425169e-22
-1.883329961e-22
-2.387228631e-22
-3.614614734e-21
-3.301344552e-21
-2.240803014e-21
-1.429207145e-21
-8.786317462e-22
-5.699635274e-22
-4.383587731e-22
-4.045929812e-22
-4.298784969e-22
-5.126055573e-22
-6.291182716e-22
-7.214980903e-22
-6.996941099e-22
-5.699231595e-22
-4.274965711e-22
-3.18061134e-22
-2.323731599e-22
-1.566324659e-22
-8.529035604e-23
-1.228569364e-23
6.292001097e-23
1.354370349e-22
1.984068384e-22
2.478343599e-22
-1.451331978e-21
-1.268728262e-21
-8.417352431e-22
-5.296124073e-22
-3.224857901e-22
-2.101519816e-22
-1.673308825e-22
-1.610686308e-22
-1.762762888e-22
-2.133717955e-22
-2.605610907e-22
-2.829986509e-22
-2.532109648e-22
-1.965547585e-22
-1.477594438e-22
-1.115512548e-22
-8.201776823e-23
-5.528561159e-23
-2.908677251e-23
-1.293784608e-24
2.72874099e-23
5.452160021e-23
7.780289204e-23
9.587899285e-23
5.618214509e-21
4.692775967e-21
3.04208376e-21
1.888812106e-21
1.139313079e-21
7.472128326e-22
6.224032468e-22
6.286063804e-22
7.054708844e-22
8.637012637e-22
1.023681541e-21
1.029737439e-21
8.572062949e-22
6.525921693e-22
4.961766714e-22
3.78795762e-22
2.787725325e-22
1.870873826e-22
9.099994007e-23
-1.20980033e-23
-1.163763873e-22
-2.136731253e-22
-2.959674243e-22
-3.59799061e-22
-1.743736735e-21
-1.38970383e-21
-8.804547585e-22
-5.393781901e-22
-3.22247774e-22
-2.137995619e-22
-1.872737628e-22
-1.982895347e-22
-2.289809874e-22
-2.801762923e-22
-3.133615278e-22
-2.898953716e-22
-2.300880558e-22
-1.757781881e-22
-1.35860088e-22
-1.048924711e-22
-7.78974023e-23
-5.15754327e-23
-2.304136001e-23
7.25045185e-24
3.751211474e-23
6.554621159e-23
8.908863253e-23
1.07209365e-22
1.823028561e-21
1.383268746e-21
8.562933321e-22
5.178187193e-22
3.063935903e-22
2.06397142e-22
1.928142339e-22
2.152488767e-22
2.540194046e-22
3.013019399e-22
3.107151229e-22
2.664641338e-22
2.071655552e-22
1.604842489e-22
1.258758711e-22
9.753710504e-23
7.243008565e-23
4.624227675e-23
1.756621694e-23
-1.253450204e-23
-4.205445325e-23
-6.89232197e-23
-9.135391633e-23
-1.087163867e-22
1.244652397e-21
8.974565015e-22
5.42971205e-22
3.241689307e-22
1.899440012e-22
1.308844472e-22
1.315753416e-22
1.548510858e-22
1.844047872e-22
2.055906568e-22
1.932672242e-22
1.574116885e-22
1.230446357e-22
9.705953374e-23
7.69574191e-23
6.020832209e-23
4.421112549e-23
2.694846103e-23
8.250823856e-24
-1.103903805e-23
-2.975501255e-23
-4.667402841e-23
-6.073877836e-23
-7.16216887e-23
2.14060465e-22
1.462352175e-22
8.645276179e-23
5.099377706e-23
2.955321983e-23
2.098399556e-23
2.315735465e-23
2.886488153e-23
3.338500008e-23
3.388240036e-23
2.93026419e-23
2.32845531e-23
1.837197371e-23
1.474766746e-23
1.17877299e-23
9.104036279e-24
6.409150495e-24
3.577123777e-24
5.286924343e-25
-2.618239225e-24
-5.662110052e-24
-8.279511821e-24
-1.040623382e-23
-1.214203265e-23
6.495201214e-22
4.200312207e-22
2.429390966e-22
1.41525784e-22
8.129330078e-23
6.044392771e-23
7.306065188e-23
9.411079151e-23
1.031628653e-22
9.429787883e-23
7.66645647e-23
6.179274764e-23
5.022272607e-23
4.084603394e-23
3.316752432e-23
2.57907583e-23
1.789161094e-23
9.548602916e-24
8.730860939e-25
-7.856253308e-24
-1.630880593e-23
-2.384286569e-23
-3.001823688e-23
-3.483134021e-23
-4.00476401e-23
-2.458248537e-23
-1.397528859e-23
-8.047014735e-24
-4.615921708e-24
-3.67379256e-24
-4.709096247e-24
-5.905234503e-24
-6.101764898e-24
-5.131815485e-24
-4.023799227e-24
-3.51185702e-24
-3.105791802e-24
-2.551970753e-24
-2.12278113e-24
-1.835632957e-24
-1.425079939e-24
-8.838502918e-25
-3.747774875e-25
6.820956799e-26
4.61630447e-25
9.907879168e-25
1.488608153e-24
1.72379134e-24
-2.28269925e-21
-1.310985378e-21
-7.271238961e-22
-4.140954063e-22
-2.333203044e-22
-2.014783486e-22
-3.024575287e-22
-3.741190854e-22
-3.309765459e-22
-2.50266542e-22
-1.997869634e-22
-1.709980471e-22
-1.45489238e-22
-1.219880615e-22
-9.932626232e-23
-7.491833573e-23
-4.891651388e-23
-2.24641338e-23
4.009106443e-24
3.026357427e-23
5.566425995e-23
7.891952902e-23
9.80254716e-23
1.121567636e-22
-8.677609027e-23
-4.687399818e-23
-2.556487542e-23
-1.44256791e-23
-8.078596071e-24
-7.902606384e-24
-1.259763759e-23
-1.418472118e-23
-1.113474102e-23
-8.078133738e-24
-6.582129018e-24
-5.988444698e-24
-5.368656832e-24
-4.52215746e-24
-3.655153611e-24
-2.890854608e-24
-2.008164262e-24
-1.021225391e-24
-6.660925808e-26
8.314903723e-25
1.638219672e-24
2.543030961e-24
3.353342962e-24
3.80342141e-24
1.194830006e-22
6.005026398e-23
3.203519631e-23
1.785311066e-23
9.832403247e-24
1.146428469e-23
1.93609192e-23
1.971105353e-23
1.344138776e-23
9.447100724e-24
8.082454012e-24
7.150209056e-24
6.200127831e-24
5.259168377e-24
4.091357231e-24
2.681488561e-24
1.379220292e-24
2.245658959e-25
-9.541959165e-25
-2.179424684e-24
-3.441839661e-24
-4.417303871e-24
-5.125075964e-24
-5.791518325e-24
-6.53782084e-22
-3.074273789e-22
-1.620546257e-22
-8.96990463e-23
-4.911274881e-23
-6.92489738e-23
-1.12967594e-22
-9.893564501e-23
-6.208002378e-23
-4.443599275e-23
-3.906119114e-23
-3.667748987e-23
-3.346541479e-23
-2.787510069e-23
-2.134006827e-23
-1.486664862e-23
-8.58287643e-24
-2.404328126e-24
3.779138189e-24
9.935338564e-24
1.581358526e-23
2.122841833e-23
2.568696618e-23
2.882589871e-23
9.11302787e-22
4.026583352e-22
2.099919706e-22
1.154711272e-22
6.272152558e-23
1.046702873e-22
1.647781109e-22
1.274855994e-22
7.572123774e-23
5.470781028e-23
4.850170911e-23
4.694101168e-23
4.281039826e-23
3.50562135e-23
2.588898251e-23
1.676616909e-23
8.329007618e-24
2.80125473e-25
-7.875616096e-24
-1.606417214e-23
-2.405877906e-23
-3.107524337e-23
-3.660867568e-23
-4.078684185e-23
-1.902214948e-22
-7.852169557e-23
-4.068078423e-23
-2.224905084e-23
-1.19973771e-23
-2.455717768e-23
-3.5445636e-23
-2.306500251e-23
-1.35090097e-23
-9.880387177e-24
-8.74990173e-24
-9.175190846e-24
-8.509007406e-24
-6.754846315e-24
-4.826388265e-24
-3.187701571e-24
-1.60199258e-24
3.954426886e-26
1.681796458e-24
3.313684598e-24
4.793342111e-24
6.224137393e-24
7.474086705e-24
8.255406037e-24
)
;
    }
    front_middle
    {
        type            wedge;
        value           nonuniform 0();
    }
    front_bottom
    {
        type            wedge;
        value           nonuniform 0();
    }
    back_top
    {
        type            wedge;
        value           nonuniform List<scalar> 
1166
(
1.350021861e-24
3.364690224e-24
3.570586135e-24
3.199494773e-24
2.816379933e-24
1.948660768e-24
1.450191998e-24
8.671204656e-25
1.271654795e-24
1.331577343e-24
3.807509676e-25
8.505126556e-26
1.411526389e-25
5.330850791e-25
9.267545929e-25
7.622312343e-25
5.244397707e-25
6.2269729e-25
7.16545086e-25
7.026272127e-25
6.97412362e-25
5.338728903e-25
5.353460357e-25
1.327185367e-23
3.38293096e-23
3.855455492e-23
3.394604343e-23
2.709797554e-23
1.94755637e-23
1.401045966e-23
1.066145038e-23
8.772308957e-24
6.775603081e-24
4.550796741e-24
3.443914512e-24
3.485741511e-24
4.667997985e-24
5.97832403e-24
5.661952745e-24
5.136967579e-24
5.538642669e-24
5.872152723e-24
5.847937884e-24
5.781086292e-24
5.210810173e-24
5.065839066e-24
-3.961127218e-23
-9.881701767e-23
-1.158413287e-22
-1.019003582e-22
-7.760413216e-23
-5.712131525e-23
-4.068821453e-23
-2.890632762e-23
-2.072494955e-23
-1.661439808e-23
-1.51720437e-23
-1.50995401e-23
-1.461242039e-23
-1.397898885e-23
-1.336779436e-23
-1.416195948e-23
-1.602425525e-23
-1.611826496e-23
-1.602050093e-23
-1.61434781e-23
-1.590045158e-23
-1.610811469e-23
-1.535141153e-23
3.259169325e-23
8.175892582e-23
9.441527833e-23
8.206606435e-23
6.363047185e-23
4.642416859e-23
3.320670334e-23
2.427309817e-23
1.85332747e-23
1.46970696e-23
1.200010781e-23
1.024172179e-23
1.031879381e-23
1.143015783e-23
1.257891747e-23
1.309133508e-23
1.257239067e-23
1.327445106e-23
1.405508738e-23
1.399384296e-23
1.385942453e-23
1.286297322e-23
1.219959808e-23
-5.09937505e-23
-1.240673675e-22
-1.427676287e-22
-1.250246148e-22
-9.542055164e-23
-6.994627791e-23
-4.967461234e-23
-3.548241885e-23
-2.632841488e-23
-2.120844018e-23
-1.8501162e-23
-1.787531544e-23
-1.723000722e-23
-1.691743759e-23
-1.729371593e-23
-1.814339859e-23
-1.993533352e-23
-2.032838263e-23
-2.000459069e-23
-2.024849105e-23
-2.01586241e-23
-1.996641732e-23
-1.92770231e-23
-1.773693213e-23
-4.200268051e-23
-4.797315506e-23
-4.20501935e-23
-3.18119691e-23
-2.33970074e-23
-1.649937955e-23
-1.159910348e-23
-8.731358235e-24
-7.160437641e-24
-6.284548999e-24
-6.337414038e-24
-5.993679795e-24
-5.725791847e-24
-5.455620056e-24
-5.67072237e-24
-6.828020173e-24
-6.82869845e-24
-6.422937821e-24
-6.507089253e-24
-6.578212178e-24
-6.786040358e-24
-6.759028094e-24
3.877977034e-23
9.199365175e-23
1.044771428e-22
9.032178326e-23
6.895740192e-23
4.999345673e-23
3.560199871e-23
2.585902758e-23
1.902976709e-23
1.512830883e-23
1.310912628e-23
1.194516799e-23
1.203719925e-23
1.263245338e-23
1.393068966e-23
1.476082604e-23
1.45111184e-23
1.522229382e-23
1.596428894e-23
1.60656081e-23
1.573930403e-23
1.49099168e-23
1.398087854e-23
3.765828565e-22
8.700895297e-22
9.769892778e-22
8.410314128e-22
6.386644295e-22
4.634210604e-22
3.281501356e-22
2.359233699e-22
1.756751742e-22
1.414989729e-22
1.230348296e-22
1.156336707e-22
1.153653266e-22
1.195920655e-22
1.263015859e-22
1.332103084e-22
1.38301948e-22
1.432047582e-22
1.46536448e-22
1.473230139e-22
1.455673398e-22
1.416136567e-22
1.359015666e-22
-5.718275556e-22
-1.289792725e-21
-1.431980133e-21
-1.224984751e-21
-9.268425539e-22
-6.710526631e-22
-4.736956308e-22
-3.395947192e-22
-2.541312725e-22
-2.058179589e-22
-1.794450356e-22
-1.702187833e-22
-1.704411129e-22
-1.774861873e-22
-1.860301115e-22
-1.95600405e-22
-2.051716405e-22
-2.124095457e-22
-2.165986839e-22
-2.181018564e-22
-2.160744659e-22
-2.106647524e-22
-2.037467785e-22
9.125553637e-24
2.011220543e-23
2.265784951e-23
1.981387848e-23
1.470685813e-23
1.015750011e-23
7.155272879e-24
5.536919801e-24
3.723257326e-24
2.741356439e-24
2.741200582e-24
2.500067122e-24
2.594184218e-24
2.566821905e-24
3.333101803e-24
3.932646996e-24
3.55714918e-24
3.667451268e-24
4.097092754e-24
3.949057927e-24
3.58303683e-24
3.559076506e-24
3.283902189e-24
3.886937254e-22
8.324781525e-22
9.036565673e-22
7.638147529e-22
5.724809469e-22
4.108694222e-22
2.884539011e-22
2.068295043e-22
1.545110273e-22
1.258536526e-22
1.116983677e-22
1.073412699e-22
1.089199832e-22
1.141462316e-22
1.211621017e-22
1.284695857e-22
1.341058247e-22
1.389581881e-22
1.426085951e-22
1.435928617e-22
1.41875945e-22
1.385147434e-22
1.354412517e-22
-2.435630498e-22
-5.073948928e-22
-5.427217671e-22
-4.546030631e-22
-3.392743032e-22
-2.433068447e-22
-1.706707415e-22
-1.216167543e-22
-9.134981397e-23
-7.507778645e-23
-6.675799136e-23
-6.483292001e-23
-6.613714934e-23
-6.974634082e-23
-7.346769034e-23
-7.73813609e-23
-8.156639496e-23
-8.480392519e-23
-8.642242279e-23
-8.725193932e-23
-8.696910953e-23
-8.511828406e-23
-8.28034327e-23
9.390249348e-23
1.901249068e-22
2.013989856e-22
1.681090047e-22
1.24576043e-22
8.825817229e-23
6.13282447e-23
4.407204499e-23
3.302592892e-23
2.718501271e-23
2.466351598e-23
2.405821949e-23
2.483636512e-23
2.614194977e-23
2.814392835e-23
3.017652702e-23
3.128995152e-23
3.240022939e-23
3.361806125e-23
3.388770477e-23
3.311561584e-23
3.251725316e-23
3.059260757e-23
7.034225829e-22
1.383180749e-21
1.44069422e-21
1.189324871e-21
8.772332628e-22
6.21841484e-22
4.327534435e-22
3.088432359e-22
2.324740152e-22
1.931536186e-22
1.757137744e-22
1.735495476e-22
1.798012371e-22
1.909567009e-22
2.036869404e-22
2.164112848e-22
2.271666848e-22
2.36095786e-22
2.425173804e-22
2.450412313e-22
2.428290566e-22
2.389605015e-22
2.064321444e-22
-2.049368659e-22
-3.910621883e-22
-4.006607385e-22
-3.272698527e-22
-2.40091296e-22
-1.701469557e-22
-1.184469711e-22
-8.421162855e-23
-6.350361661e-23
-5.300685521e-23
-4.865750836e-23
-4.867442933e-23
-5.070631166e-23
-5.414359804e-23
-5.751439731e-23
-6.089301443e-23
-6.430136322e-23
-6.716092759e-23
-6.866516175e-23
-6.938579355e-23
-6.942909469e-23
-6.700396593e-23
-5.068572153e-23
-1.541525654e-21
-2.853815573e-21
-2.881593299e-21
-2.33531532e-21
-1.701644863e-21
-1.196555489e-21
-8.287150529e-22
-5.89983152e-22
-4.467255212e-22
-3.768275258e-22
-3.502589297e-22
-3.534872108e-22
-3.714550291e-22
-3.980447479e-22
-4.256886958e-22
-4.527976688e-22
-4.770960198e-22
-4.973715399e-22
-5.108032121e-22
-5.166969583e-22
-5.161412231e-22
-4.72221194e-22
-3.003172429e-22
-1.603011447e-22
-2.87742058e-22
-2.854823592e-22
-2.288082498e-22
-1.657178204e-22
-1.164292002e-22
-8.06774906e-23
-5.73387979e-23
-4.349776046e-23
-3.679085224e-23
-3.461934668e-23
-3.541817565e-23
-3.753562356e-23
-4.03667973e-23
-4.299638122e-23
-4.561013107e-23
-4.828381773e-23
-5.070132459e-23
-5.182697058e-23
-5.246899498e-23
-5.210621092e-23
-4.33021283e-23
-2.164776736e-23
2.649007227e-22
4.609040481e-22
4.509074569e-22
3.587797134e-22
2.578531336e-22
1.789588302e-22
1.228366812e-22
8.749791967e-23
6.69734265e-23
5.798055861e-23
5.530057418e-23
5.695333224e-23
6.069838789e-23
6.560431802e-23
7.075718176e-23
7.570442646e-23
7.973182981e-23
8.281500225e-23
8.550470305e-23
8.694606403e-23
8.235026761e-23
6.055987716e-23
2.302193668e-23
2.920665987e-21
4.923113411e-21
4.73056972e-21
3.722937191e-21
2.656906306e-21
1.838556089e-21
1.261804253e-21
8.989771677e-22
6.909459018e-22
6.021907033e-22
5.823987288e-22
6.07696568e-22
6.529520445e-22
7.080398002e-22
7.627821849e-22
8.149204262e-22
8.606547281e-22
8.983896793e-22
9.260461327e-22
9.335115887e-22
8.248947924e-22
5.152840698e-22
1.180239826e-22
-1.639641942e-21
-2.676669828e-21
-2.526604959e-21
-1.967369381e-21
-1.393631041e-21
-9.597094462e-22
-6.575772573e-22
-4.690939723e-22
-3.628116289e-22
-3.19762145e-22
-3.137848219e-22
-3.313648041e-22
-3.587337306e-22
-3.902890329e-22
-4.209965553e-22
-4.500220452e-22
-4.757186243e-22
-4.973438414e-22
-5.133849072e-22
-5.011313761e-22
-3.991828556e-22
-2.074353924e-22
-9.743923184e-24
5.066084777e-22
8.008148477e-22
7.428821171e-22
5.723306439e-22
4.023422691e-22
2.752573648e-22
1.877271792e-22
1.341597777e-22
1.046722172e-22
9.392520405e-23
9.372855511e-23
1.000849705e-22
1.089430462e-22
1.190083689e-22
1.287576316e-22
1.378853598e-22
1.458734753e-22
1.523677864e-22
1.564351481e-22
1.437134378e-22
1.010417851e-22
4.287955856e-23
-8.789253568e-24
7.62673871e-22
1.166789431e-21
1.06245591e-21
8.094081406e-22
5.644999566e-22
3.842306593e-22
2.61750791e-22
1.8760885e-22
1.476698536e-22
1.343392381e-22
1.36186655e-22
1.471718851e-22
1.613134165e-22
1.767214589e-22
1.914142913e-22
2.050849176e-22
2.170956697e-22
2.273082949e-22
2.267715787e-22
1.907005133e-22
1.175244279e-22
3.825602312e-23
-2.68079778e-23
-3.558544215e-22
-5.26542404e-22
-4.700661419e-22
-3.540781636e-22
-2.449922654e-22
-1.660555988e-22
-1.133575493e-22
-8.152134102e-23
-6.479122635e-23
-5.967941477e-23
-6.131628634e-23
-6.699000583e-23
-7.405488563e-23
-8.121207172e-23
-8.790952208e-23
-9.419130005e-23
-9.975136047e-23
-1.041250063e-22
-9.817948002e-23
-7.406849209e-23
-3.976618982e-23
-7.999221019e-24
1.744068431e-23
-5.804375644e-22
-8.306829397e-22
-7.276864977e-22
-5.417875084e-22
-3.717767256e-22
-2.505092786e-22
-1.706798799e-22
-1.234063719e-22
-9.928972234e-23
-9.317468063e-23
-9.743206968e-23
-1.076199154e-22
-1.195593432e-22
-1.314985971e-22
-1.425716752e-22
-1.528848429e-22
-1.622359188e-22
-1.646823938e-22
-1.434367607e-22
-9.735156732e-23
-4.608250468e-23
-2.391688228e-24
3.241845984e-23
1.404093962e-21
1.94299436e-21
1.669875803e-21
1.228430136e-21
8.356658021e-22
5.59752922e-22
3.806844332e-22
2.769639132e-22
2.259760934e-22
2.164761184e-22
2.306671874e-22
2.577239441e-22
2.874901936e-22
3.171278061e-22
3.444823025e-22
3.698543474e-22
3.901003394e-22
3.755582719e-22
2.984214553e-22
1.848842859e-22
7.764964126e-23
-1.156985796e-23
-8.289459711e-23
-1.937101772e-21
-2.589910828e-21
-2.181428257e-21
-1.585616434e-21
-1.069529954e-21
-7.127211217e-22
-4.854213596e-22
-3.560992628e-22
-2.950255722e-22
-2.879653361e-22
-3.117690213e-22
-3.516299018e-22
-3.942743342e-22
-4.355050299e-22
-4.731562379e-22
-5.087729449e-22
-5.225673246e-22
-4.672355293e-22
-3.388878171e-22
-1.941844417e-22
-6.889781676e-23
3.523820464e-23
1.20345996e-22
-3.221665067e-21
-4.160172059e-21
-3.433865363e-21
-2.465366573e-21
-1.64828935e-21
-1.092717074e-21
-7.454546424e-22
-5.522610971e-22
-4.655498326e-22
-4.639133234e-22
-5.107536637e-22
-5.815322662e-22
-6.547271885e-22
-7.241617042e-22
-7.879202301e-22
-8.413781524e-22
-8.217167782e-22
-6.743353281e-22
-4.539717357e-22
-2.455997443e-22
-6.925608895e-23
7.899706878e-23
2.03871705e-22
1.204300941e-21
1.501284222e-21
1.214145876e-21
8.607778723e-22
5.702576896e-22
3.761503492e-22
2.572433802e-22
1.927029476e-22
1.656718355e-22
1.688364676e-22
1.889981969e-22
2.172485959e-22
2.454634084e-22
2.717767969e-22
2.961566405e-22
3.078642368e-22
2.800012248e-22
2.121117661e-22
1.360615521e-22
7.02128628e-23
1.417601524e-23
-3.444277797e-23
-7.556690504e-23
2.07230106e-21
2.492072126e-21
1.97360304e-21
1.381560082e-21
9.070302018e-22
5.95547077e-22
4.092331769e-22
3.110758874e-22
2.731809196e-22
2.84387415e-22
3.232338442e-22
3.743719091e-22
4.242573296e-22
4.704648899e-22
5.088230445e-22
5.030391687e-22
4.21767856e-22
3.002058483e-22
1.870666859e-22
9.120680505e-23
8.155244877e-24
-6.617993307e-23
-1.28340609e-22
9.763725228e-22
1.131994977e-21
8.777281601e-22
6.065442397e-22
3.945129917e-22
2.579408945e-22
1.783370535e-22
1.37807266e-22
1.239243562e-22
1.319341348e-22
1.521541773e-22
1.775389502e-22
2.017457359e-22
2.239810768e-22
2.355980618e-22
2.171247738e-22
1.691170375e-22
1.161278423e-22
7.120792716e-23
3.289134957e-23
-1.630850762e-24
-3.268046909e-23
-5.907041176e-23
2.494506243e-21
2.785893631e-21
2.113928163e-21
1.441888328e-21
9.292827827e-22
6.053353206e-22
4.223651666e-22
3.333066969e-22
3.071700843e-22
3.338964886e-22
3.902921441e-22
4.578393457e-22
5.216379651e-22
5.746116377e-22
5.744527953e-22
4.890337774e-22
3.604947054e-22
2.440431397e-22
1.472881407e-22
6.257492848e-23
-1.603125617e-23
-8.650235325e-23
-1.48660191e-22
-4.229231548e-22
-4.545098664e-22
-3.373066766e-22
-2.270665533e-22
-1.450825434e-22
-9.418386745e-23
-6.662151809e-23
-5.407576131e-23
-5.10000707e-23
-5.642203755e-23
-6.680534686e-23
-7.853651682e-23
-8.953917909e-23
-9.597300665e-23
-8.936126266e-23
-7.066870239e-23
-5.051175249e-23
-3.398663471e-23
-1.999062311e-23
-7.130290842e-24
4.685016134e-24
1.545259514e-23
2.522907165e-23
-4.816168169e-21
-4.978438622e-21
-3.615150545e-21
-2.401237325e-21
-1.518993826e-21
-9.841704588e-22
-7.053817266e-22
-5.863335974e-22
-5.701966965e-22
-6.453948091e-22
-7.720826377e-22
-9.143144905e-22
-1.035799142e-21
-1.052674889e-21
-9.061887907e-22
-6.832106415e-22
-4.867424913e-22
-3.289436597e-22
-1.919986969e-22
-6.278730904e-23
5.828017394e-23
1.741440637e-22
2.78811433e-22
-1.510235902e-21
-1.499652879e-21
-1.064863282e-21
-6.97886977e-22
-4.373627479e-22
-2.829775427e-22
-2.068089527e-22
-1.775024432e-22
-1.775030802e-22
-2.046434208e-22
-2.471700754e-22
-2.937991671e-22
-3.230747798e-22
-3.055991078e-22
-2.454084527e-22
-1.807119013e-22
-1.292600839e-22
-8.759192498e-23
-4.957166854e-23
-1.350261643e-23
2.165589874e-23
5.576034709e-23
8.635444855e-23
3.356295017e-21
3.198475438e-21
2.220910193e-21
1.435845996e-21
8.911400181e-22
5.769404519e-22
4.310361344e-22
3.825420447e-22
3.94726827e-22
4.634571333e-22
5.646181549e-22
6.671709966e-22
6.962243194e-22
6.080557604e-22
4.654125188e-22
3.430772776e-22
2.481091481e-22
1.681981155e-22
9.358873489e-23
2.117495948e-23
-5.250274978e-23
-1.242796734e-22
-1.876121628e-22
-2.379777144e-22
-3.61428689e-21
-3.300802092e-21
-2.240183069e-21
-1.428959904e-21
-8.785639163e-22
-5.696862077e-22
-4.386269075e-22
-4.052861765e-22
-4.30027821e-22
-5.124815033e-22
-6.290774731e-22
-7.211173413e-22
-6.989758316e-22
-5.693690611e-22
-4.269597451e-22
-3.172630527e-22
-2.315262773e-22
-1.55844726e-22
-8.439653322e-23
-1.117781708e-23
6.402403264e-23
1.363004455e-22
1.99130584e-22
2.485659575e-22
-1.450997679e-21
-1.268185327e-21
-8.411382685e-22
-5.29381087e-22
-3.224067352e-22
-2.098591054e-22
-1.675900605e-22
-1.617910938e-22
-1.764359938e-22
-2.132345521e-22
-2.605218218e-22
-2.826301132e-22
-2.525039392e-22
-1.960054543e-22
-1.472220394e-22
-1.107536278e-22
-8.117410122e-23
-5.450175995e-23
-2.821330868e-23
-2.068556053e-25
2.837916869e-23
5.538297542e-23
7.851231973e-23
9.658529015e-23
5.618555908e-21
4.693319361e-21
3.042642017e-21
1.889028771e-21
1.13941479e-21
7.475041413e-22
6.221528475e-22
6.278857574e-22
7.053021475e-22
8.638373402e-22
1.023716513e-21
1.030093329e-21
8.579058017e-22
6.531350481e-22
4.967120749e-22
3.795957633e-22
2.796128537e-22
1.878646156e-22
9.185098967e-23
-1.104014879e-23
-1.152944531e-22
-2.128041728e-22
-2.952662837e-22
-3.591096484e-22
-1.743387795e-21
-1.389159242e-21
-8.799496618e-22
-5.391587725e-22
-3.221136408e-22
-2.135202418e-22
-1.875157285e-22
-1.990161319e-22
-2.29157193e-22
-2.8003665e-22
-3.133332951e-22
-2.895525549e-22
-2.293923749e-22
-1.752432629e-22
-1.353471106e-22
-1.040868784e-22
-7.704062252e-23
-5.079885051e-23
-2.221484154e-23
8.268617773e-24
3.858623649e-23
6.642107161e-23
8.977841206e-23
1.078898806e-22
1.82338533e-21
1.383815162e-21
8.567498513e-22
5.180388878e-22
3.065566373e-22
2.066544878e-22
1.925806732e-22
2.14551626e-22
2.538369259e-22
3.014216872e-22
3.107343486e-22
2.667936173e-22
2.078435152e-22
1.610269106e-22
1.263814371e-22
9.833437894e-23
7.329603539e-23
4.701612421e-23
1.837669344e-23
-1.155565371e-23
-4.098648061e-23
-6.804370812e-23
-9.068695173e-23
-1.080457021e-22
1.245003582e-21
8.980059167e-22
5.433952411e-22
3.243728731e-22
1.901332261e-22
1.311386899e-22
1.313503518e-22
1.541740837e-22
1.842177704e-22
2.056961868e-22
1.932756997e-22
1.577442787e-22
1.237078868e-22
9.759322795e-23
7.74553866e-23
6.09941035e-23
4.508707389e-23
2.772763695e-23
9.044118146e-24
-1.009106285e-23
-2.869901219e-23
-4.580039259e-23
-6.008701632e-23
-7.096108999e-23
2.144068903e-22
1.467715861e-22
8.686409395e-23
5.119028588e-23
2.975210852e-23
2.122465193e-23
2.294007178e-23
2.821324684e-23
3.319353541e-23
3.397584136e-23
2.929764108e-23
2.36188019e-23
1.901972155e-23
1.526272055e-23
1.227892774e-23
9.890460235e-24
7.28779265e-24
4.359042998e-24
1.311701325e-24
-1.70165521e-24
-4.609696497e-24
-7.41335667e-24
-9.790375569e-24
-1.149312495e-23
6.498630743e-22
4.205408941e-22
2.433390838e-22
1.417369577e-22
8.149955889e-23
6.066292946e-23
7.285059362e-23
9.349083158e-23
1.029670027e-22
9.436665179e-23
7.664417937e-23
6.212804242e-23
5.085688832e-23
4.135240215e-23
3.365040592e-23
2.656511344e-23
1.877290892e-23
1.033123519e-23
1.644115878e-24
-6.971312647e-24
-1.526561312e-23
-2.298512362e-23
-2.943249021e-23
-3.419500992e-23
-3.970561336e-23
-2.409528484e-23
-1.358397946e-23
-7.821810555e-24
-4.413895072e-24
-3.470829929e-24
-4.910531176e-24
-6.497817203e-24
-6.287683096e-24
-5.07146024e-24
-4.059084632e-24
-3.185654085e-24
-2.480867606e-24
-2.054738362e-24
-1.648428663e-24
-1.068727497e-24
-5.389935185e-25
-1.003321124e-25
3.847051114e-25
9.298686386e-25
1.492232528e-24
1.833067847e-24
2.051672111e-24
2.356014159e-24
-2.282357786e-21
-1.310519257e-21
-7.267413325e-22
-4.138586485e-22
-2.331116873e-22
-2.012894042e-22
-3.026619892e-22
-3.746902785e-22
-3.31153677e-22
-2.502139584e-22
-1.998387054e-22
-1.706806284e-22
-1.448664116e-22
-1.215025897e-22
-9.887103168e-23
-7.415777501e-23
-4.802579333e-23
-2.168163212e-23
4.755041125e-24
3.110158265e-23
5.668310687e-23
7.974491866e-23
9.856281405e-23
1.127833117e-22
-8.643397576e-23
-4.642702609e-23
-2.519021412e-23
-1.417842777e-23
-7.875235072e-24
-7.725328541e-24
-1.28040234e-23
-1.473833003e-23
-1.129771135e-23
-8.031739561e-24
-6.639923456e-24
-5.678851826e-24
-4.752034619e-24
-4.049748279e-24
-3.215931377e-24
-2.135404151e-24
-1.124832127e-24
-2.40608239e-25
6.720647333e-25
1.635173209e-24
2.634204551e-24
3.364574052e-24
3.885131323e-24
4.423520028e-24
1.198270493e-22
6.048024009e-23
3.240270429e-23
1.811075148e-23
1.003045149e-23
1.163104447e-23
1.914853392e-23
1.917174134e-23
1.329124889e-23
9.483293025e-24
8.027756476e-24
7.457997227e-24
6.801109576e-24
5.717662985e-24
4.519269481e-24
3.427489305e-24
2.25592585e-24
1.003964547e-24
-2.235625809e-25
-1.403121929e-24
-2.472792406e-24
-3.599888607e-24
-4.594050721e-24
-5.18486228e-24
-6.53448361e-22
-3.070122911e-22
-1.616870349e-22
-8.943962736e-23
-4.891996124e-23
-6.908886898e-23
-1.131851804e-22
-9.946408429e-23
-6.221823566e-23
-4.440367227e-23
-3.91148731e-23
-3.637103756e-23
-3.288307061e-23
-2.743115177e-23
-2.091417982e-23
-1.412459255e-23
-7.718558717e-24
-1.633289886e-24
4.506328707e-24
1.068364287e-23
1.674514599e-23
2.204173247e-23
2.621561235e-23
2.942422796e-23
9.116275908e-22
4.030602315e-22
2.103493939e-22
1.157281782e-22
6.291695575e-23
1.048243837e-22
1.645557081e-22
1.269694896e-22
7.558937096e-23
5.473750737e-23
4.84520247e-23
4.724664846e-23
4.33755409e-23
3.548957012e-23
2.631088738e-23
1.749859751e-23
9.18168152e-24
1.042206243e-24
-7.15251893e-24
-1.533940038e-23
-2.316315156e-23
-3.027202701e-23
-3.607945491e-23
-4.019784305e-23
-1.899042261e-22
-7.813139505e-23
-4.033251181e-23
-2.199443384e-23
-1.180002139e-23
-2.440811108e-23
-3.567285512e-23
-2.357223886e-23
-1.36344748e-23
-9.852215739e-24
-8.797300975e-24
-8.869862656e-24
-7.959715915e-24
-6.33283571e-24
-4.410473449e-24
-2.464379369e-24
-7.598610368e-25
7.921046313e-25
2.395578745e-24
4.014364072e-24
5.665279357e-24
7.01768751e-24
7.995467198e-24
8.834013227e-24
)
;
    }
    back_middle
    {
        type            wedge;
        value           nonuniform 0();
    }
    back_bottom
    {
        type            wedge;
        value           nonuniform 0();
    }
    axis_top
    {
        type            symmetryPlane;
        value           nonuniform 0();
    }
    axis_middle
    {
        type            symmetryPlane;
        value           nonuniform 0();
    }
    axis_bottom
    {
        type            symmetryPlane;
        value           nonuniform 0();
    }
    wall_top
    {
        type            calculated;
        value           uniform 0;
    }
    wall_middle
    {
        type            calculated;
        value           nonuniform 0();
    }
    wall_bottom
    {
        type            calculated;
        value           nonuniform 0();
    }
    inlet
    {
        type            calculated;
        value           nonuniform List<scalar> 
50
(
-4.524755879e-11
-1.324051712e-10
-2.147178658e-10
-2.92393978e-10
-3.656336312e-10
-4.346290468e-10
-4.995648479e-10
-5.606183428e-10
-6.179598174e-10
-6.71752772e-10
-7.221542196e-10
-7.693149103e-10
-8.133795649e-10
-8.544871207e-10
-8.927709485e-10
-9.283590539e-10
-9.613743134e-10
-9.919346196e-10
-1.020153134e-09
-1.046138408e-09
-1.069994607e-09
-1.091821669e-09
-1.111715438e-09
-1.129767868e-09
-1.146067113e-09
-1.16069776e-09
-1.173740866e-09
-1.18527419e-09
-1.195372241e-09
-1.204106452e-09
-1.211545296e-09
-1.217754378e-09
-1.222796569e-09
-1.226732087e-09
-1.229618643e-09
-1.23151149e-09
-1.232463568e-09
-1.232525531e-09
-1.231745917e-09
-1.230171153e-09
-1.227845705e-09
-1.224812105e-09
-1.221111019e-09
-1.216781428e-09
-1.211860521e-09
-1.206383947e-09
-1.200385684e-09
-1.193898342e-09
-1.186952962e-09
-1.179579283e-09
)
;
    }
    outlet
    {
        type            calculated;
        value           nonuniform 0();
    }
    procBoundary11to10
    {
        type            processor;
        value           nonuniform List<scalar> 
51
(
4.592441939e-11
1.343813964e-10
2.179073428e-10
2.967065419e-10
3.709764326e-10
4.409079156e-10
5.06685451e-10
5.68487301e-10
6.264854529e-10
6.808455871e-10
7.317283834e-10
7.792899241e-10
8.235785058e-10
8.64772077e-10
9.030279026e-10
9.383417149e-10
9.70989718e-10
1.00109754e-09
1.028789535e-09
1.054185495e-09
1.07739975e-09
1.098541004e-09
1.117712073e-09
1.135009979e-09
1.150526292e-09
1.164347712e-09
1.176556674e-09
1.187231528e-09
1.196447216e-09
1.204276186e-09
1.210789052e-09
1.216055102e-09
1.220142254e-09
1.223116538e-09
-2.499303124e-12
1.225062939e-09
1.226017012e-09
1.226036641e-09
1.225174749e-09
1.223482057e-09
1.221007084e-09
1.217796325e-09
1.213894231e-09
1.209343167e-09
1.204183482e-09
1.198453413e-09
1.192189446e-09
1.185426259e-09
1.178197056e-09
1.170533351e-09
1.162465249e-09
)
;
    }
}


// ************************************************************************* //
