/*--------------------------------*- C++ -*----------------------------------*\
  =========                 |
  \\      /  F ield         | OpenFOAM: The Open Source CFD Toolbox
   \\    /   O peration     | Website:  https://openfoam.org
    \\  /    A nd           | Version:  7
     \\/     M anipulation  |
\*---------------------------------------------------------------------------*/
FoamFile
{
    version     2.0;
    format      ascii;
    class       volVectorField;
    location    "0.0021";
    object      U;
}
// * * * * * * * * * * * * * * * * * * * * * * * * * * * * * * * * * * * * * //

dimensions      [0 1 -1 0 0 0 0];

internalField   nonuniform List<vector> 
1166
(
(-6.07285728e-08 3.314763166e-20 -0.002000023234)
(-1.593329716e-07 3.458891923e-20 -0.002000029053)
(-2.538642441e-07 2.082731992e-20 -0.002000043687)
(-3.535454691e-07 3.773055397e-21 -0.002000064794)
(-4.564175864e-07 -1.570219658e-20 -0.002000092261)
(-5.622497072e-07 -3.029918874e-21 -0.002000125866)
(-6.716293483e-07 4.073409505e-21 -0.002000165327)
(-7.850704082e-07 8.140850865e-21 -0.002000210398)
(-9.029116717e-07 1.047063973e-20 -0.002000260876)
(-1.025365741e-06 1.203750819e-20 -0.002000316596)
(-1.152536065e-06 1.330061597e-20 -0.002000377422)
(-1.284419551e-06 1.419132557e-20 -0.002000443246)
(-1.420909862e-06 1.478930691e-20 -0.002000513985)
(-1.561801311e-06 1.550687721e-20 -0.00200058958)
(-1.706791631e-06 1.629820221e-20 -0.002000669989)
(-1.855484822e-06 1.698787569e-20 -0.002000755185)
(-2.007401868e-06 1.756329678e-20 -0.002000845157)
(-2.161989568e-06 1.817475683e-20 -0.002000939908)
(-2.318599111e-06 1.907568886e-20 -0.002001039457)
(-2.47647557e-06 2.006841453e-20 -0.002001143839)
(-2.634773801e-06 2.087683649e-20 -0.002001253102)
(-2.792577437e-06 2.146550611e-20 -0.002001367306)
(-2.94890025e-06 2.194606465e-20 -0.002001486529)
(-3.102650816e-06 2.799361345e-20 -0.00200161086)
(-3.252643012e-06 3.382062952e-20 -0.002001740398)
(-3.397621912e-06 3.926233882e-20 -0.002001875247)
(-3.536233256e-06 4.458402018e-20 -0.002002015504)
(-3.667040521e-06 4.502614226e-20 -0.002002161248)
(-3.788517546e-06 4.574620387e-20 -0.002002312521)
(-3.89904364e-06 5.13994059e-20 -0.002002469309)
(-3.996932082e-06 5.706881876e-20 -0.002002631517)
(-4.080383767e-06 5.847800041e-20 -0.002002798949)
(-4.147473229e-06 6.008277699e-20 -0.002002971274)
(-4.196179449e-06 6.207026751e-20 -0.002003147999)
(-4.224393119e-06 6.44107623e-20 -0.002003328458)
(-4.22987461e-06 6.689487571e-20 -0.002003511797)
(-4.210246664e-06 6.94863398e-20 -0.002003696967)
(-4.16300037e-06 7.229684018e-20 -0.002003882733)
(-4.085502771e-06 7.531064513e-20 -0.002004067679)
(-3.974973123e-06 7.847474579e-20 -0.002004250228)
(-3.828473731e-06 7.863686529e-20 -0.002004428647)
(-3.642940846e-06 7.916295889e-20 -0.002004601057)
(-3.415180257e-06 8.006263099e-20 -0.002004765422)
(-3.141879169e-06 8.119744824e-20 -0.002004919522)
(-2.819588058e-06 8.263230241e-20 -0.002005060904)
(-2.444767409e-06 8.441082976e-20 -0.002005186806)
(-2.014141157e-06 8.653213817e-20 -0.002005294064)
(-1.524655394e-06 8.557996335e-20 -0.002005379056)
(-9.694577786e-07 8.493564887e-20 -0.002005437458)
(-3.356165018e-07 8.459638026e-20 -0.002005463288)
(-1.560978313e-07 7.344705399e-20 -0.002003016379)
(-4.090477407e-07 1.474849859e-19 -0.002003034829)
(-6.478374432e-07 2.099493134e-19 -0.002003075767)
(-8.92496501e-07 1.797543927e-19 -0.002003135542)
(-1.135692004e-06 1.671980148e-19 -0.002003212665)
(-1.374942347e-06 1.615838721e-19 -0.002003305557)
(-1.610069208e-06 1.123802707e-19 -0.002003412684)
(-1.840975232e-06 7.207968456e-20 -0.002003532591)
(-2.067393174e-06 3.717844497e-20 -0.002003663907)
(-2.288958991e-06 3.770629943e-20 -0.002003805342)
(-2.505219656e-06 3.674649898e-20 -0.002003955692)
(-2.715641448e-06 3.44583716e-20 -0.002004113837)
(-2.919611235e-06 3.066890708e-20 -0.002004278734)
(-3.116452397e-06 3.788798058e-20 -0.002004449416)
(-3.305448979e-06 4.51409358e-20 -0.002004624985)
(-3.485809917e-06 3.387884314e-20 -0.002004804611)
(-3.656662402e-06 3.37331063e-20 -0.002004987527)
(-3.817124664e-06 4.242994869e-20 -0.00200517303)
(-3.966282311e-06 4.974155578e-20 -0.002005360481)
(-4.103176458e-06 5.562141337e-20 -0.0020055493)
(-4.226846233e-06 6.023834121e-20 -0.002005738968)
(-4.336324453e-06 6.426703434e-20 -0.002005929026)
(-4.430644079e-06 7.430397182e-20 -0.002006119074)
(-4.508872722e-06 8.279200644e-20 -0.00200630878)
(-4.570101546e-06 9.106817846e-20 -0.002006497864)
(-4.613445685e-06 9.314059593e-20 -0.002006686108)
(-4.638085462e-06 9.507042923e-20 -0.00200687335)
(-4.643278822e-06 9.716582773e-20 -0.002007059479)
(-4.628356357e-06 9.893710323e-20 -0.002007244431)
(-4.592720521e-06 1.004910146e-19 -0.002007428179)
(-4.53587548e-06 1.022766204e-19 -0.002007610718)
(-4.4574602e-06 1.043313214e-19 -0.002007792044)
(-4.357253527e-06 1.062687554e-19 -0.002007972121)
(-4.235174468e-06 1.081624685e-19 -0.002008150845)
(-4.091308475e-06 1.1028897e-19 -0.002008328)
(-3.92594265e-06 1.127192598e-19 -0.002008503206)
(-3.739577214e-06 1.14993268e-19 -0.002008675879)
(-3.532939976e-06 1.17343313e-19 -0.002008845188)
(-3.307012023e-06 1.198898685e-19 -0.002009010034)
(-3.063057134e-06 1.225879384e-19 -0.002009169063)
(-2.802632322e-06 1.255812625e-19 -0.002009320687)
(-2.527588012e-06 1.250839101e-19 -0.002009463159)
(-2.240094664e-06 1.21369088e-19 -0.002009594654)
(-1.942658525e-06 1.181040824e-19 -0.002009713385)
(-1.638137232e-06 1.151909847e-19 -0.00200981772)
(-1.329738921e-06 1.126238158e-19 -0.002009906317)
(-1.02097757e-06 1.104329489e-19 -0.002009978241)
(-7.158033763e-07 1.087299537e-19 -0.002010033064)
(-4.190608223e-07 1.073452759e-19 -0.002010070993)
(-1.357735091e-07 1.062971016e-19 -0.002010093035)
(-1.856253295e-07 7.487914441e-21 -0.002007843484)
(-4.853707666e-07 -3.928673415e-20 -0.002007861589)
(-7.653812216e-07 6.500341054e-20 -0.002007900069)
(-1.049036326e-06 1.433308901e-19 -0.002007956403)
(-1.326676449e-06 2.092124602e-19 -0.002008029114)
(-1.594508679e-06 1.932136274e-19 -0.002008116572)
(-1.851629906e-06 1.877926434e-19 -0.002008217216)
(-2.09740777e-06 1.867018843e-19 -0.002008329542)
(-2.331122314e-06 1.878257066e-19 -0.002008452095)
(-2.552067804e-06 1.901337758e-19 -0.002008583488)
(-2.759601839e-06 1.944915901e-19 -0.002008722415)
(-2.953147908e-06 1.997775171e-19 -0.00200886765)
(-3.132140677e-06 1.912412566e-19 -0.002009018064)
(-3.296032916e-06 1.843560656e-19 -0.002009172618)
(-3.444330657e-06 1.791381667e-19 -0.002009330377)
(-3.576569418e-06 1.757136321e-19 -0.002009490505)
(-3.692323972e-06 1.721819894e-19 -0.002009652265)
(-3.791205094e-06 1.694633521e-19 -0.002009815017)
(-3.872872695e-06 1.679862759e-19 -0.00200997822)
(-3.937093012e-06 1.676038999e-19 -0.002010141422)
(-3.98370607e-06 1.684210396e-19 -0.002010304258)
(-4.012589816e-06 1.70356075e-19 -0.002010466436)
(-4.02369339e-06 1.659768928e-19 -0.002010627731)
(-4.017079061e-06 1.573310345e-19 -0.002010787966)
(-3.992911968e-06 1.573676386e-19 -0.002010946996)
(-3.951434408e-06 1.527530542e-19 -0.002011104688)
(-3.892996089e-06 1.433846712e-19 -0.002011260892)
(-3.818035608e-06 1.404196339e-19 -0.002011415426)
(-3.727089711e-06 1.380513889e-19 -0.002011568051)
(-3.620815729e-06 1.31600802e-19 -0.002011718447)
(-3.499961708e-06 1.257833403e-19 -0.002011866207)
(-3.365371369e-06 1.246914121e-19 -0.002012010825)
(-3.2180052e-06 1.241974695e-19 -0.002012151707)
(-3.058914737e-06 1.290224966e-19 -0.002012288185)
(-2.889243945e-06 1.29912908e-19 -0.002012419537)
(-2.710232676e-06 1.312520027e-19 -0.002012545021)
(-2.523207105e-06 1.288361899e-19 -0.002012663904)
(-2.329594627e-06 1.228173256e-19 -0.002012775494)
(-2.130888097e-06 1.132730726e-19 -0.002012879171)
(-1.928646594e-06 1.043773124e-19 -0.002012974407)
(-1.724495651e-06 9.870616854e-20 -0.002013060788)
(-1.520109274e-06 9.770378482e-20 -0.00201313802)
(-1.317187061e-06 9.710603177e-20 -0.002013205943)
(-1.117412356e-06 9.665052036e-20 -0.002013264534)
(-9.224350634e-07 9.634679303e-20 -0.002013313906)
(-7.338309614e-07 9.619942668e-20 -0.002013354305)
(-5.530405962e-07 9.621007972e-20 -0.002013386094)
(-3.81386744e-07 9.811792746e-20 -0.002013409737)
(-2.202628703e-07 9.728218406e-20 -0.00201342577)
(-7.092423279e-08 9.663876848e-20 -0.002013434824)
(-1.650641778e-07 2.227906262e-20 -0.002012663517)
(-4.318960901e-07 6.75482186e-22 -0.002012676406)
(-6.810497931e-07 -4.412132607e-20 -0.00201270282)
(-9.319673536e-07 1.497215424e-20 -0.002012741648)
(-1.175405718e-06 5.28587255e-20 -0.00201279188)
(-1.407662182e-06 7.925036784e-20 -0.002012852396)
(-1.627622323e-06 1.539073189e-19 -0.002012922149)
(-1.834499389e-06 2.192374546e-19 -0.002013000136)
(-2.027514638e-06 2.809379305e-19 -0.002013085385)
(-2.205966885e-06 3.075372911e-19 -0.002013176964)
(-2.369315147e-06 3.018911446e-19 -0.00201327399)
(-2.517129038e-06 3.038703346e-19 -0.002013375642)
(-2.649068999e-06 3.120894671e-19 -0.002013481162)
(-2.764875627e-06 2.978791218e-19 -0.002013589855)
(-2.864370498e-06 2.871170509e-19 -0.002013701096)
(-2.947479391e-06 2.849138906e-19 -0.002013814322)
(-3.014217406e-06 2.63753714e-19 -0.002013929032)
(-3.064675537e-06 2.268917366e-19 -0.002014044781)
(-3.099039597e-06 1.941172445e-19 -0.002014161167)
(-3.117584517e-06 1.735080492e-19 -0.002014277831)
(-3.120649764e-06 1.550355104e-19 -0.002014394443)
(-3.108658564e-06 1.382504517e-19 -0.002014510692)
(-3.082117779e-06 1.168717983e-19 -0.00201462627)
(-3.041590875e-06 1.040712834e-19 -0.002014740866)
(-2.987723361e-06 9.184233437e-20 -0.002014854157)
(-2.921249125e-06 8.605695111e-20 -0.002014965806)
(-2.842942298e-06 8.057856103e-20 -0.002015075456)
(-2.753617613e-06 8.13985655e-20 -0.002015182732)
(-2.654164701e-06 8.219486524e-20 -0.002015287245)
(-2.545528281e-06 8.300559619e-20 -0.002015388598)
(-2.428691145e-06 8.390678343e-20 -0.002015486396)
(-2.304672808e-06 7.997571021e-20 -0.002015580253)
(-2.174541707e-06 7.626808208e-20 -0.002015669803)
(-2.039403786e-06 6.803655041e-20 -0.002015754707)
(-1.900361743e-06 6.047408708e-20 -0.002015834665)
(-1.758540738e-06 5.322580406e-20 -0.002015909418)
(-1.615068811e-06 5.07572788e-20 -0.002015978757)
(-1.471055532e-06 4.84755231e-20 -0.002016042525)
(-1.327591186e-06 5.007241479e-20 -0.002016100623)
(-1.185727909e-06 5.122538887e-20 -0.002016153009)
(-1.046470535e-06 4.828977671e-20 -0.002016199701)
(-9.107594313e-07 4.75157925e-20 -0.002016240774)
(-7.794599794e-07 5.226687626e-20 -0.002016276362)
(-6.533597018e-07 5.661603095e-20 -0.00201630665)
(-5.3315875e-07 6.068793661e-20 -0.00201633187)
(-4.194514295e-07 6.461970766e-20 -0.002016352294)
(-3.127190261e-07 6.865240465e-20 -0.002016368226)
(-2.133857737e-07 7.046969095e-20 -0.002016379991)
(-1.219654183e-07 7.12024923e-20 -0.002016387937)
(-3.906625474e-08 7.190630302e-20 -0.002016392439)
(-1.297574823e-07 9.534034258e-20 -0.002017095916)
(-3.389072835e-07 2.104886542e-19 -0.002017104173)
(-5.330740859e-07 1.659001078e-19 -0.002017120456)
(-7.278670552e-07 1.481565159e-19 -0.0020171445)
(-9.158076645e-07 1.429348718e-19 -0.002017175697)
(-1.093814235e-06 1.445134254e-19 -0.002017213381)
(-1.260843747e-06 1.501702177e-19 -0.002017256946)
(-1.416149196e-06 1.582664771e-19 -0.002017305815)
(-1.55905079e-06 1.674307928e-19 -0.00201735943)
(-1.689036993e-06 1.77142489e-19 -0.002017417255)
(-1.805717677e-06 1.885656772e-19 -0.002017478775)
(-1.90879271e-06 1.831324224e-19 -0.002017543507)
(-1.998110166e-06 1.933480766e-19 -0.002017610995)
(-2.073619144e-06 1.908120238e-19 -0.00201768081)
(-2.13535041e-06 1.772577671e-19 -0.002017752544)
(-2.18346493e-06 1.671563952e-19 -0.002017825816)
(-2.218205436e-06 1.597717115e-19 -0.002017900262)
(-2.239880187e-06 1.548615702e-19 -0.00201797553)
(-2.248893694e-06 1.419406892e-19 -0.00201805128)
(-2.245698506e-06 1.309745533e-19 -0.002018127178)
(-2.230811499e-06 1.13053047e-19 -0.002018202895)
(-2.204840823e-06 8.866753386e-20 -0.002018278101)
(-2.168447439e-06 7.261184954e-20 -0.002018352464)
(-2.122320792e-06 5.746510942e-20 -0.002018425658)
(-2.06718118e-06 3.724277355e-20 -0.002018497356)
(-2.003800681e-06 2.988138606e-20 -0.002018567238)
(-1.932981409e-06 2.777868852e-20 -0.002018634996)
(-1.855543269e-06 2.542135578e-20 -0.002018700333)
(-1.77233289e-06 2.312189112e-20 -0.002018762969)
(-1.684200495e-06 2.064614836e-20 -0.002018822647)
(-1.591991747e-06 1.796011242e-20 -0.002018879137)
(-1.496564239e-06 1.525862415e-20 -0.002018932238)
(-1.398755129e-06 1.698880989e-20 -0.00201898178)
(-1.299388914e-06 1.437846159e-20 -0.002019027634)
(-1.199269282e-06 1.48682465e-20 -0.002019069704)
(-1.099158963e-06 1.485540529e-20 -0.002019107933)
(-9.997959512e-07 1.762638875e-20 -0.002019142303)
(-9.018742344e-07 2.316768755e-20 -0.002019172833)
(-8.060393944e-07 3.113823448e-20 -0.002019199579)
(-7.128878237e-07 3.856742929e-20 -0.002019222629)
(-6.229662224e-07 4.557799558e-20 -0.002019242103)
(-5.36768004e-07 4.897339627e-20 -0.00201925815)
(-4.547232079e-07 5.196751668e-20 -0.002019270941)
(-3.772006045e-07 5.168372364e-20 -0.002019280669)
(-3.045183863e-07 5.441341787e-20 -0.002019287546)
(-2.369491645e-07 5.407602323e-20 -0.002019291788)
(-1.746874433e-07 5.368078945e-20 -0.002019293577)
(-1.178394775e-07 5.327435655e-20 -0.002019293094)
(-6.652918584e-08 5.506941472e-20 -0.002019290983)
(-2.11323643e-08 5.669770435e-20 -0.002019288919)
(-9.660022964e-08 4.429084668e-20 -0.002020972138)
(-2.524761673e-07 6.463639449e-20 -0.002020977243)
(-3.973239369e-07 6.726451279e-20 -0.002020986913)
(-5.421234517e-07 6.67725013e-20 -0.002021001238)
(-6.810464231e-07 6.483421089e-20 -0.002021019873)
(-8.117742784e-07 6.166068217e-20 -0.00202104243)
(-9.334605994e-07 5.749245976e-20 -0.002021068564)
(-1.045512322e-06 5.309035036e-20 -0.002021097946)
(-1.147413838e-06 4.963975427e-20 -0.00202113025)
(-1.238815146e-06 7.826076768e-21 -0.002021165157)
(-1.3194747e-06 1.78518459e-21 -0.002021202359)
(-1.389240323e-06 -4.863856707e-21 -0.002021241549)
(-1.448107382e-06 -1.082856191e-20 -0.00202128243)
(-1.496176803e-06 -3.03764991e-20 -0.002021324709)
(-1.533602201e-06 -4.777534759e-20 -0.002021368096)
(-1.560620777e-06 -5.440090704e-20 -0.002021412302)
(-1.577576164e-06 -5.240894399e-20 -0.002021457044)
(-1.584856385e-06 -3.203781061e-20 -0.00202150204)
(-1.582896585e-06 -1.373004348e-20 -0.002021547009)
(-1.572196547e-06 -5.21487575e-21 -0.002021591675)
(-1.553316503e-06 2.883582734e-21 -0.002021635762)
(-1.526852964e-06 2.300716906e-21 -0.002021679001)
(-1.49341885e-06 1.877931406e-21 -0.002021721132)
(-1.453654527e-06 2.789089274e-21 -0.002021761908)
(-1.408220947e-06 3.897696258e-21 -0.002021801092)
(-1.357777867e-06 5.022303036e-21 -0.002021838464)
(-1.303010165e-06 6.258797135e-21 -0.002021873823)
(-1.24460847e-06 8.42307185e-21 -0.002021906987)
(-1.18324384e-06 1.072304448e-20 -0.002021937798)
(-1.119584063e-06 1.318203557e-20 -0.002021966123)
(-1.054279724e-06 1.583620531e-20 -0.002021991853)
(-9.879686669e-07 2.311933093e-20 -0.002022014907)
(-9.21253656e-07 3.035081665e-20 -0.002022035231)
(-8.547157083e-07 4.195744616e-20 -0.002022052796)
(-7.889174279e-07 5.386940847e-20 -0.002022067599)
(-7.243678909e-07 6.18623097e-20 -0.002022079664)
(-6.615500102e-07 6.661610186e-20 -0.002022089033)
(-6.009215987e-07 6.754946801e-20 -0.002022095776)
(-5.428859203e-07 6.602450738e-20 -0.002022099977)
(-4.87802626e-07 6.201895758e-20 -0.00202210174)
(-4.360086924e-07 6.236236577e-20 -0.002022101185)
(-3.877977916e-07 6.027329243e-20 -0.002022098443)
(-3.433931293e-07 5.610576291e-20 -0.002022093662)
(-3.029439449e-07 5.285040244e-20 -0.002022086981)
(-2.666661601e-07 5.011415822e-20 -0.002022078498)
(-2.353820826e-07 4.795187696e-20 -0.002022068365)
(-2.101123564e-07 4.59815052e-20 -0.002022057426)
(-1.850610573e-07 4.500552554e-20 -0.002022047114)
(-1.387579743e-07 4.415895169e-20 -0.002022038563)
(-5.224054068e-08 4.354224902e-20 -0.002022032839)
(-7.042479497e-08 4.500389796e-20 -0.002024520416)
(-1.837449663e-07 6.738370046e-20 -0.002024523569)
(-2.885340867e-07 7.258236681e-20 -0.002024529305)
(-3.930359678e-07 7.470783008e-20 -0.002024537805)
(-4.929354577e-07 7.585869706e-20 -0.00202454886)
(-5.865261949e-07 7.68289141e-20 -0.002024562239)
(-6.731332061e-07 7.978531287e-20 -0.002024577731)
(-7.523104146e-07 8.891401851e-20 -0.002024595128)
(-8.237247645e-07 6.229267118e-20 -0.002024614225)
(-8.871178021e-07 6.002935654e-21 -0.00202463481)
(-9.423705657e-07 -4.19166e-20 -0.002024656678)
(-9.894624538e-07 -7.135686405e-20 -0.002024679617)
(-1.028438429e-06 -1.010607132e-19 -0.002024703414)
(-1.059449938e-06 -1.179920981e-19 -0.002024727857)
(-1.082727055e-06 -1.248785603e-19 -0.002024752737)
(-1.0985413e-06 -1.340555649e-19 -0.00202477784)
(-1.107223154e-06 -1.332408175e-19 -0.002024802954)
(-1.109165521e-06 -1.350748357e-19 -0.002024827873)
(-1.104798569e-06 -1.298524156e-19 -0.002024852392)
(-1.094587392e-06 -1.270190243e-19 -0.002024876312)
(-1.079039683e-06 -1.18254179e-19 -0.002024899442)
(-1.058672367e-06 -1.03844388e-19 -0.002024921603)
(-1.034000139e-06 -9.175134287e-20 -0.002024942625)
(-1.00557552e-06 -7.420297719e-20 -0.002024962354)
(-9.739618118e-07 -5.855080046e-20 -0.002024980647)
(-9.397058891e-07 -5.051580953e-20 -0.002024997379)
(-9.033526195e-07 -4.332541731e-20 -0.002025012439)
(-8.654501594e-07 -3.696061901e-20 -0.002025025738)
(-8.265275331e-07 -3.683866243e-20 -0.002025037202)
(-7.87100365e-07 -3.671196831e-20 -0.002025046776)
(-7.47669241e-07 -3.654644897e-20 -0.002025054426)
(-7.087026281e-07 -3.62755863e-20 -0.002025060133)
(-6.706594313e-07 -4.528796352e-20 -0.002025063898)
(-6.339657621e-07 -5.386687412e-20 -0.002025065735)
(-5.990152016e-07 -5.756379547e-20 -0.002025065675)
(-5.661890078e-07 -6.097220942e-20 -0.002025063765)
(-5.358295914e-07 -6.011244269e-20 -0.002025060063)
(-5.08243916e-07 -5.917929474e-20 -0.002025054638)
(-4.837188719e-07 -5.83279066e-20 -0.002025047571)
(-4.625030655e-07 -5.737434854e-20 -0.002025038952)
(-4.44781123e-07 -5.647515354e-20 -0.002025028882)
(-4.306639331e-07 -5.547475258e-20 -0.002025017452)
(-4.204828827e-07 -5.446036679e-20 -0.002025004696)
(-4.153994824e-07 -5.344763489e-20 -0.002024990706)
(-4.155457147e-07 -5.529462314e-20 -0.002024976493)
(-4.091693036e-07 -5.691077923e-20 -0.002024963657)
(-3.756344552e-07 -5.970271646e-20 -0.0020249536)
(-3.063821173e-07 -6.237118993e-20 -0.002024947508)
(-2.046718605e-07 -6.501852984e-20 -0.002024945824)
(-7.229043215e-08 -6.775856327e-20 -0.002024946534)
(-5.149985716e-08 -9.11778613e-21 -0.002027764183)
(-1.344898393e-07 1.861553546e-19 -0.002027766095)
(-2.11419175e-07 1.559793076e-19 -0.002027769439)
(-2.880350703e-07 1.402776378e-19 -0.002027774371)
(-3.610755955e-07 1.319541828e-19 -0.002027780765)
(-4.292780219e-07 1.281860431e-19 -0.00202778847)
(-4.921697995e-07 1.273459612e-19 -0.002027797347)
(-5.494317604e-07 1.285089504e-19 -0.002027807249)
(-6.008434245e-07 1.051790362e-19 -0.002027818035)
(-6.462582632e-07 1.196445642e-19 -0.002027829558)
(-6.856107913e-07 9.245243113e-20 -0.002027841669)
(-7.189590318e-07 5.130494096e-20 -0.00202785422)
(-7.464074296e-07 1.410105527e-20 -0.00202786706)
(-7.681127829e-07 -1.062868822e-20 -0.002027880041)
(-7.843029167e-07 -3.433264092e-20 -0.002027893015)
(-7.952592139e-07 -5.667373154e-20 -0.00202790584)
(-8.013074464e-07 -6.617842161e-20 -0.002027918376)
(-8.028039155e-07 -8.519876225e-20 -0.002027930488)
(-8.001279041e-07 -9.291799597e-20 -0.002027942048)
(-7.936819169e-07 -1.005312846e-19 -0.002027952936)
(-7.838925863e-07 -8.983831196e-20 -0.002027963039)
(-7.711970511e-07 -7.224267274e-20 -0.002027972259)
(-7.560415281e-07 -5.584871614e-20 -0.002027980505)
(-7.388851161e-07 -5.553171807e-20 -0.002027987698)
(-7.201736269e-07 -5.544546174e-20 -0.002027993771)
(-7.003616736e-07 -6.268259541e-20 -0.002027998669)
(-6.798877154e-07 -7.000617339e-20 -0.002028002352)
(-6.591805489e-07 -8.327380498e-20 -0.00202800479)
(-6.38656824e-07 -9.629170476e-20 -0.002028005968)
(-6.187133544e-07 -1.035645876e-19 -0.002028005879)
(-5.997381386e-07 -1.114059338e-19 -0.00202800453)
(-5.820865912e-07 -1.200021281e-19 -0.00202800194)
(-5.6610955e-07 -1.294198042e-19 -0.002027998134)
(-5.521253201e-07 -1.398639413e-19 -0.002027993149)
(-5.404219839e-07 -1.515465163e-19 -0.002027987027)
(-5.312791157e-07 -1.601938696e-19 -0.00202797982)
(-5.249365211e-07 -1.702249219e-19 -0.002027971584)
(-5.216059709e-07 -1.730960653e-19 -0.002027962383)
(-5.214344265e-07 -1.779266699e-19 -0.002027952289)
(-5.244914719e-07 -1.740625756e-19 -0.002027941358)
(-5.311537229e-07 -1.723991223e-19 -0.002027929574)
(-5.427932427e-07 -1.690647469e-19 -0.002027916981)
(-5.59136372e-07 -1.637747445e-19 -0.002027904756)
(-5.649777439e-07 -1.597754632e-19 -0.002027894722)
(-5.39402353e-07 -1.570153912e-19 -0.002027888532)
(-4.76369059e-07 -1.551835577e-19 -0.002027887517)
(-3.790770435e-07 -1.542029338e-19 -0.002027891604)
(-2.574522264e-07 -1.541219352e-19 -0.002027898684)
(-1.38347272e-07 -1.535351213e-19 -0.002027905881)
(-4.224012333e-08 -1.53898633e-19 -0.002027910893)
(-3.919446288e-08 1.453194048e-19 -0.00203086639)
(-1.022054394e-07 3.396274858e-19 -0.002030867346)
(-1.604188431e-07 3.307191971e-19 -0.002030868898)
(-2.184225318e-07 2.144640333e-19 -0.002030871162)
(-2.737708277e-07 1.363473499e-19 -0.002030874068)
(-3.255052251e-07 7.656011192e-20 -0.002030877522)
(-3.732908966e-07 2.461972024e-20 -0.002030881427)
(-4.169082975e-07 -2.802203646e-20 -0.00203088569)
(-4.5619044e-07 -4.331275034e-20 -0.002030890208)
(-4.910841964e-07 -2.817945988e-20 -0.002030894882)
(-5.215827521e-07 -1.984748525e-20 -0.002030899611)
(-5.477399042e-07 -1.465555062e-20 -0.002030904292)
(-5.696789737e-07 -1.146643909e-20 -0.002030908827)
(-5.875694149e-07 -8.760141928e-21 -0.002030913119)
(-6.016195919e-07 -6.803623033e-21 -0.002030917072)
(-6.120721697e-07 -5.547347272e-21 -0.002030920598)
(-6.192013499e-07 -1.678397327e-20 -0.002030923613)
(-6.233198674e-07 -2.810111058e-20 -0.00203092604)
(-6.247670768e-07 -4.019726585e-20 -0.002030927812)
(-6.238840025e-07 -4.317246794e-20 -0.002030928866)
(-6.210085779e-07 -4.887767682e-20 -0.002030929147)
(-6.165026808e-07 -4.025907837e-20 -0.002030928613)
(-6.107390122e-07 -3.416651313e-20 -0.002030927228)
(-6.040782505e-07 -3.683634751e-20 -0.002030924966)
(-5.968796942e-07 -4.013182395e-20 -0.002030921812)
(-5.894942904e-07 -4.359136277e-20 -0.00203091776)
(-5.822650523e-07 -4.738284649e-20 -0.002030912814)
(-5.755235253e-07 -5.141889752e-20 -0.002030906984)
(-5.695863003e-07 -4.984158627e-20 -0.002030900291)
(-5.647567816e-07 -4.882570607e-20 -0.002030892763)
(-5.61316646e-07 -4.804197148e-20 -0.002030884435)
(-5.59536401e-07 -4.741897826e-20 -0.002030875346)
(-5.59658929e-07 -4.200325253e-20 -0.002030865543)
(-5.619057653e-07 -3.673438927e-20 -0.002030855075)
(-5.664848535e-07 -3.602945549e-20 -0.002030843997)
(-5.735617442e-07 -3.514676312e-20 -0.002030832368)
(-5.83237997e-07 -3.82853547e-20 -0.002030820255)
(-5.955344224e-07 -4.126615776e-20 -0.002030807706)
(-6.108415957e-07 -4.389444069e-20 -0.002030794678)
(-6.306801082e-07 -4.636747592e-20 -0.002030781193)
(-6.545232106e-07 -4.854382895e-20 -0.002030768568)
(-6.650697817e-07 -5.053688004e-20 -0.002030758778)
(-6.408700147e-07 -5.249212665e-20 -0.002030753587)
(-5.77026321e-07 -5.103183682e-20 -0.002030754429)
(-4.777048344e-07 -4.959400563e-20 -0.002030760957)
(-3.58992685e-07 -4.654471442e-20 -0.002030770858)
(-2.471416372e-07 -4.375291806e-20 -0.00203078103)
(-1.549168022e-07 -4.107063249e-20 -0.002030789084)
(-8.128171859e-08 -3.996499652e-20 -0.002030794113)
(-2.46446052e-08 -3.877530093e-20 -0.002030796636)
(-3.163982193e-08 1.943111379e-19 -0.002033843396)
(-8.262217797e-08 2.214468607e-19 -0.002033843545)
(-1.29986782e-07 2.455401947e-19 -0.002033843541)
(-1.77337307e-07 1.456238566e-19 -0.002033843493)
(-2.226812004e-07 7.545534136e-20 -0.002033843377)
(-2.653161816e-07 2.019794599e-20 -0.002033843145)
(-3.050072331e-07 -2.733928958e-20 -0.002033842739)
(-3.416296277e-07 -7.077886951e-20 -0.002033842107)
(-3.750983503e-07 -8.70408983e-20 -0.002033841186)
(-4.05375463e-07 -1.054120015e-19 -0.002033839915)
(-4.324959782e-07 -8.657956353e-20 -0.002033838232)
(-4.565387886e-07 -5.552143317e-20 -0.002033836078)
(-4.776214291e-07 -2.992353321e-20 -0.002033833392)
(-4.959055525e-07 6.621098635e-21 -0.002033830121)
(-5.115897864e-07 3.958992451e-20 -0.002033826212)
(-5.248927832e-07 7.026922305e-20 -0.002033821619)
(-5.360453228e-07 7.552220571e-20 -0.002033816302)
(-5.45296889e-07 8.154240299e-20 -0.002033810223)
(-5.529239461e-07 7.812383345e-20 -0.002033803357)
(-5.592259687e-07 7.573649068e-20 -0.002033795684)
(-5.644827849e-07 5.639539761e-20 -0.002033787192)
(-5.689715714e-07 3.843353826e-20 -0.002033777875)
(-5.729913998e-07 2.179897657e-20 -0.002033767738)
(-5.768180907e-07 1.377420497e-20 -0.002033756791)
(-5.8073319e-07 6.159371735e-21 -0.002033745054)
(-5.850022869e-07 5.841815766e-21 -0.002033732554)
(-5.89880845e-07 5.56407822e-21 -0.002033719324)
(-5.956121368e-07 1.19183993e-20 -0.002033705404)
(-6.024249271e-07 1.809986027e-20 -0.002033690839)
(-6.105316403e-07 1.83684412e-20 -0.00203367568)
(-6.201253723e-07 1.89273493e-20 -0.002033659983)
(-6.313876216e-07 1.995461291e-20 -0.002033643806)
(-6.444726124e-07 2.154579392e-20 -0.002033627212)
(-6.595089361e-07 2.369738743e-20 -0.002033610268)
(-6.765451283e-07 2.637024031e-20 -0.002033593053)
(-6.955509548e-07 2.957345236e-20 -0.00203357562)
(-7.169332869e-07 3.336087029e-20 -0.002033557921)
(-7.42318236e-07 3.372259158e-20 -0.002033539964)
(-7.709802224e-07 3.527975125e-20 -0.002033523223)
(-7.838585355e-07 3.083647212e-20 -0.002033509825)
(-7.587737488e-07 2.758377043e-20 -0.002033501595)
(-6.915380447e-07 2.500183599e-20 -0.002033499966)
(-5.868660835e-07 1.89780517e-20 -0.00203350435)
(-4.644094213e-07 1.678292141e-20 -0.002033512252)
(-3.508055395e-07 1.489341543e-20 -0.002033520452)
(-2.557131111e-07 1.339557397e-20 -0.002033526587)
(-1.773528361e-07 1.065232703e-20 -0.002033530067)
(-1.131638185e-07 9.685111981e-21 -0.002033531386)
(-6.095138263e-08 9.081378575e-21 -0.002033531196)
(-1.861852473e-08 8.783139034e-21 -0.00203353055)
(-2.745598932e-08 -1.956491688e-20 -0.002036768464)
(-7.165125891e-08 -1.192999592e-19 -0.002036767922)
(-1.127396725e-07 -4.201508741e-20 -0.002036766589)
(-1.540261221e-07 -2.356926218e-20 -0.002036764584)
(-1.93888348e-07 -1.908124132e-20 -0.002036761923)
(-2.318013217e-07 -1.627250828e-20 -0.002036758593)
(-2.675985112e-07 -1.298298356e-20 -0.002036754582)
(-3.011984455e-07 -8.737724699e-21 -0.002036749867)
(-3.325871197e-07 -3.08610084e-21 -0.002036744429)
(-3.617724229e-07 3.884510444e-21 -0.002036738242)
(-3.887924411e-07 1.22514369e-20 -0.002036731282)
(-4.137371684e-07 2.165342224e-20 -0.002036723524)
(-4.367285718e-07 3.163494107e-20 -0.002036714945)
(-4.579135349e-07 4.197967396e-20 -0.002036705526)
(-4.774600931e-07 5.23166792e-20 -0.002036695252)
(-4.955548554e-07 6.253662594e-20 -0.002036684113)
(-5.124030606e-07 7.298510128e-20 -0.002036672103)
(-5.282224146e-07 8.318120514e-20 -0.00203665922)
(-5.432294102e-07 9.335371339e-20 -0.002036645468)
(-5.576434194e-07 9.396863524e-20 -0.002036630859)
(-5.716960389e-07 9.629401592e-20 -0.002036615411)
(-5.856096504e-07 8.39148597e-20 -0.002036599147)
(-5.995979859e-07 7.39467157e-20 -0.002036582096)
(-6.138756023e-07 6.54389836e-20 -0.002036564293)
(-6.28643997e-07 5.784938116e-20 -0.002036545778)
(-6.440952979e-07 5.088081955e-20 -0.002036526597)
(-6.604098865e-07 4.417754773e-20 -0.002036506799)
(-6.777495349e-07 3.729410881e-20 -0.00203648644)
(-6.962648764e-07 3.028988936e-20 -0.002036465575)
(-7.160862122e-07 2.300419168e-20 -0.002036444265)
(-7.373329689e-07 1.535745551e-20 -0.002036422573)
(-7.600951572e-07 7.452633555e-21 -0.002036400567)
(-7.843746751e-07 5.311168914e-21 -0.002036378328)
(-8.101010177e-07 7.751597155e-21 -0.002036355909)
(-8.376833622e-07 9.245695987e-21 -0.002036333247)
(-8.688711924e-07 9.852325704e-21 -0.002036310336)
(-9.027737131e-07 9.661213188e-21 -0.002036288822)
(-9.186325876e-07 8.762360201e-21 -0.002036271051)
(-8.93397745e-07 7.204175146e-21 -0.002036258982)
(-8.234625234e-07 4.978661688e-21 -0.002036254085)
(-7.139757761e-07 2.093294943e-21 -0.002036255475)
(-5.867236516e-07 -1.429232011e-21 -0.002036260356)
(-4.689849344e-07 -5.497623198e-21 -0.002036265267)
(-3.691114444e-07 -1.008175621e-20 -0.002036267736)
(-2.851570625e-07 -1.50466156e-20 -0.002036267321)
(-2.146520418e-07 -1.714155832e-20 -0.002036264541)
(-1.554262918e-07 -1.653535109e-20 -0.002036260048)
(-1.046329486e-07 -1.654742096e-20 -0.002036254917)
(-5.952936994e-08 -1.562116266e-20 -0.002036250344)
(-1.828992142e-08 -1.519106386e-20 -0.002036247391)
(-2.558987178e-08 -8.528479049e-20 -0.002039631884)
(-6.688423298e-08 -3.022381501e-19 -0.002039630799)
(-1.055258924e-07 -3.323186775e-19 -0.002039628401)
(-1.446014633e-07 -2.5066303e-19 -0.002039624826)
(-1.826861124e-07 -2.118413918e-19 -0.002039620121)
(-2.193381475e-07 -1.494703852e-19 -0.002039614319)
(-2.544757866e-07 -1.059104811e-19 -0.002039607443)
(-2.880798047e-07 -7.398551814e-20 -0.002039599513)
(-3.201393409e-07 -4.9839745e-20 -0.002039590539)
(-3.506983779e-07 -3.109095004e-20 -0.002039580537)
(-3.798367295e-07 -1.618769587e-20 -0.002039569517)
(-4.076476731e-07 -4.123691658e-21 -0.002039557491)
(-4.342346165e-07 5.73714549e-21 -0.002039544472)
(-4.597210641e-07 1.348862931e-20 -0.002039530475)
(-4.84249608e-07 1.930002982e-20 -0.002039515516)
(-5.079844454e-07 2.361729896e-20 -0.002039499614)
(-5.310996475e-07 3.943981269e-20 -0.002039482792)
(-5.537662606e-07 5.36917672e-20 -0.002039465076)
(-5.761506713e-07 6.670828998e-20 -0.002039446497)
(-5.984224175e-07 7.876630631e-20 -0.002039427091)
(-6.207581491e-07 9.025288654e-20 -0.002039406892)
(-6.43320305e-07 9.185115783e-20 -0.002039385942)
(-6.662688753e-07 9.383310468e-20 -0.002039364285)
(-6.897642903e-07 9.631878284e-20 -0.002039341967)
(-7.139376796e-07 9.929257059e-20 -0.002039319038)
(-7.389202429e-07 1.027411775e-19 -0.002039295548)
(-7.648247204e-07 1.066468521e-19 -0.002039271551)
(-7.917594003e-07 1.041325125e-19 -0.0020392471)
(-8.198166394e-07 1.022091584e-19 -0.002039222249)
(-8.490657952e-07 1.007136778e-19 -0.00203919706)
(-8.794852769e-07 9.95298539e-20 -0.002039171603)
(-9.109732963e-07 9.856739346e-20 -0.002039145922)
(-9.439602776e-07 9.746694247e-20 -0.002039119928)
(-9.803015817e-07 9.623046897e-20 -0.002039093593)
(-1.01902298e-06 9.509725335e-20 -0.002039068698)
(-1.038026326e-06 9.396005389e-20 -0.002039047824)
(-1.013308724e-06 9.2712369e-20 -0.002039033153)
(-9.415047277e-07 9.130479215e-20 -0.002039026312)
(-8.281405817e-07 8.970227355e-20 -0.002039026173)
(-6.968652426e-07 8.793302139e-20 -0.002039029575)
(-5.758859683e-07 9.042149209e-20 -0.002039032698)
(-4.728357943e-07 9.279218388e-20 -0.002039032854)
(-3.856644897e-07 9.516533228e-20 -0.002039029639)
(-3.119541735e-07 9.418443183e-20 -0.002039023577)
(-2.495425555e-07 9.347395315e-20 -0.002039015322)
(-1.955752379e-07 9.29689059e-20 -0.002039006023)
(-1.474295959e-07 9.423874951e-20 -0.002038996901)
(-1.034791635e-07 9.56802469e-20 -0.00203898886)
(-6.170265363e-08 9.730800502e-20 -0.002038982977)
(-1.973513262e-08 9.91272111e-20 -0.002038979978)
(-2.543362744e-08 -6.977874539e-20 -0.002042469308)
(-6.64526876e-08 -2.692587296e-19 -0.002042467802)
(-1.049160983e-07 -2.841032515e-19 -0.002042464582)
(-1.440672464e-07 -1.761513002e-19 -0.0020424598)
(-1.825419159e-07 -1.123027979e-19 -0.002042453537)
(-2.199661198e-07 -7.533515882e-20 -0.002042445861)
(-2.562974939e-07 -5.149465593e-20 -0.002042436826)
(-2.915667069e-07 -3.453455286e-20 -0.002042426483)
(-3.258049608e-07 -2.093675375e-20 -0.00204241488)
(-3.590417793e-07 -9.092565961e-21 -0.002042402057)
(-3.913479587e-07 1.766772946e-21 -0.002042388057)
(-4.228154498e-07 1.176996763e-20 -0.002042372923)
(-4.535483688e-07 3.97902316e-20 -0.002042356696)
(-4.836615302e-07 4.904578713e-20 -0.002042339418)
(-5.13278218e-07 4.231795353e-20 -0.002042321131)
(-5.425272071e-07 3.642298788e-20 -0.002042301875)
(-5.715357187e-07 3.08638203e-20 -0.002042281697)
(-6.004199474e-07 3.79359005e-20 -0.002042260642)
(-6.293110057e-07 4.407405158e-20 -0.002042238757)
(-6.583574108e-07 4.91274352e-20 -0.002042216088)
(-6.876795747e-07 5.308492682e-20 -0.002042192683)
(-7.173875937e-07 5.632229465e-20 -0.002042168592)
(-7.476085646e-07 5.854066247e-20 -0.002042143863)
(-7.784399308e-07 6.862685289e-20 -0.002042118546)
(-8.099769934e-07 7.74972428e-20 -0.002042092691)
(-8.423132515e-07 9.332845979e-20 -0.002042066346)
(-8.75522189e-07 1.081757121e-19 -0.002042039561)
(-9.096669246e-07 1.222577771e-19 -0.002042012389)
(-9.447136742e-07 1.359142281e-19 -0.002041984892)
(-9.805568593e-07 1.494455659e-19 -0.002041957105)
(-1.0176438e-06 1.630536273e-19 -0.002041928925)
(-1.057910484e-06 1.767573664e-19 -0.002041900298)
(-1.100405513e-06 1.844207262e-19 -0.002041873089)
(-1.122327361e-06 1.818833207e-19 -0.002041850116)
(-1.098655446e-06 1.80572614e-19 -0.002041833829)
(-1.025674178e-06 1.803272586e-19 -0.002041826078)
(-9.091885479e-07 1.81044335e-19 -0.002041825558)
(-7.746854084e-07 1.826994922e-19 -0.002041828729)
(-6.514922243e-07 1.853226912e-19 -0.002041831355)
(-5.467216767e-07 1.842020267e-19 -0.002041830504)
(-4.582335079e-07 1.836461388e-19 -0.002041825808)
(-3.836843706e-07 1.830230518e-19 -0.002041817823)
(-3.209464871e-07 1.829632519e-19 -0.002041807212)
(-2.671073903e-07 1.836198987e-19 -0.002041795174)
(-2.194640446e-07 1.866148629e-19 -0.002041783049)
(-1.764264657e-07 1.883999231e-19 -0.002041771766)
(-1.361276159e-07 1.872404279e-19 -0.002041762389)
(-9.680770864e-08 1.850113082e-19 -0.0020417556)
(-5.774640829e-08 1.830867999e-19 -0.002041751361)
(-1.833271687e-08 1.814609006e-19 -0.002041749449)
(-2.635468728e-08 2.945845773e-20 -0.002045272679)
(-6.893886098e-08 1.632146334e-20 -0.002045270829)
(-1.090667875e-07 -3.096555726e-20 -0.002045266916)
(-1.500713574e-07 5.206501983e-20 -0.002045261118)
(-1.905800519e-07 1.046949236e-19 -0.002045253546)
(-2.302706624e-07 5.039871904e-20 -0.00204524429)
(-2.691327991e-07 2.514210839e-21 -0.002045233433)
(-3.071934583e-07 -4.350168166e-20 -0.00204522105)
(-3.445149662e-07 -5.982200024e-20 -0.002045207219)
(-3.811603454e-07 -5.408332e-20 -0.002045192007)
(-4.171829139e-07 -3.054404086e-20 -0.002045175477)
(-4.526550243e-07 -1.319380273e-20 -0.002045157693)
(-4.876699165e-07 -8.157534867e-22 -0.002045138718)
(-5.223274022e-07 2.617898538e-20 -0.002045118612)
(-5.567281789e-07 3.336893774e-20 -0.002045097435)
(-5.909651812e-07 3.823801187e-20 -0.002045075246)
(-6.251313308e-07 4.110418015e-20 -0.002045052103)
(-6.593320042e-07 5.490567789e-20 -0.002045028064)
(-6.936902295e-07 6.689799408e-20 -0.002045003183)
(-7.283065591e-07 7.748433096e-20 -0.002044977514)
(-7.632569799e-07 8.712873595e-20 -0.002044951112)
(-7.986398871e-07 9.573612006e-20 -0.002044924028)
(-8.345439031e-07 1.03734363e-19 -0.002044896315)
(-8.710379556e-07 1.110487571e-19 -0.002044868023)
(-9.082055649e-07 1.179495418e-19 -0.002044839199)
(-9.461052202e-07 1.240569071e-19 -0.002044809898)
(-9.846993393e-07 1.2960452e-19 -0.002044780181)
(-1.023881798e-06 1.346342653e-19 -0.002044750086)
(-1.064106264e-06 1.391923321e-19 -0.002044719501)
(-1.107349051e-06 1.364931894e-19 -0.002044688354)
(-1.152788677e-06 1.335448119e-19 -0.002044658539)
(-1.177589823e-06 1.304821394e-19 -0.002044633098)
(-1.155667236e-06 1.337386833e-19 -0.00204461475)
(-1.082346993e-06 1.36891075e-19 -0.002044605565)
(-9.635634788e-07 1.394948351e-19 -0.002044604152)
(-8.263029277e-07 1.415540811e-19 -0.002044606632)
(-7.011020225e-07 1.431291592e-19 -0.00204460837)
(-5.949402206e-07 1.44267559e-19 -0.002044606189)
(-5.055805629e-07 1.449543969e-19 -0.002044599758)
(-4.307192763e-07 1.499835811e-19 -0.002044589681)
(-3.682968125e-07 1.502900734e-19 -0.002044576632)
(-3.153883307e-07 1.480305319e-19 -0.002044561818)
(-2.691476571e-07 1.486459298e-19 -0.002044546726)
(-2.279706154e-07 1.486174367e-19 -0.002044532382)
(-1.900132342e-07 1.479479529e-19 -0.002044519901)
(-1.53392057e-07 1.467882015e-19 -0.002044510023)
(-1.174465406e-07 1.452713807e-19 -0.002044502704)
(-8.217280597e-08 1.434554825e-19 -0.002044497712)
(-4.788605321e-08 1.427945329e-19 -0.002044494778)
(-1.474450649e-08 1.418110249e-19 -0.002044493593)
(-2.790829952e-08 1.301195617e-19 -0.002048057386)
(-7.298930656e-08 3.193207265e-19 -0.002048055219)
(-1.154882283e-07 2.986060107e-19 -0.002048050659)
(-1.590219108e-07 2.40897194e-19 -0.002048043914)
(-2.02206074e-07 2.169554456e-19 -0.002048035114)
(-2.447124427e-07 2.092434135e-19 -0.002048024371)
(-2.86553422e-07 2.099077677e-19 -0.002048011794)
(-3.277663502e-07 1.805520944e-19 -0.002047997477)
(-3.68404325e-07 1.577171396e-19 -0.002047981515)
(-4.085462163e-07 1.396861005e-19 -0.002047963995)
(-4.482550401e-07 1.243784066e-19 -0.002047945003)
(-4.875985618e-07 1.332704521e-19 -0.002047924618)
(-5.266524557e-07 1.226780484e-19 -0.002047902917)
(-5.654964027e-07 1.303916838e-19 -0.002047879974)
(-6.042132306e-07 1.380755636e-19 -0.002047855863)
(-6.428884402e-07 1.457349701e-19 -0.002047830652)
(-6.816078025e-07 1.534414872e-19 -0.002047804411)
(-7.204586869e-07 1.478246188e-19 -0.002047777201)
(-7.595328162e-07 1.428628717e-19 -0.002047749087)
(-7.9890986e-07 1.384545613e-19 -0.002047720132)
(-8.386596814e-07 1.456890258e-19 -0.002047690395)
(-8.788578599e-07 1.532159376e-19 -0.002047659931)
(-9.195828327e-07 1.606295544e-19 -0.002047628797)
(-9.608916026e-07 1.68345235e-19 -0.002047597054)
(-1.002743999e-06 1.761420818e-19 -0.00204756477)
(-1.04503593e-06 1.759030749e-19 -0.002047531991)
(-1.088214808e-06 1.681270377e-19 -0.002047498612)
(-1.134259942e-06 1.609941613e-19 -0.002047464546)
(-1.18256518e-06 1.54174542e-19 -0.002047431693)
(-1.210784563e-06 1.476788845e-19 -0.002047403327)
(-1.191741195e-06 1.410839854e-19 -0.002047382448)
(-1.119355292e-06 1.340893463e-19 -0.002047371345)
(-9.995418957e-07 1.264731901e-19 -0.002047368626)
(-8.601259278e-07 1.315058174e-19 -0.0020473701)
(-7.32870968e-07 1.359152566e-19 -0.002047370717)
(-6.252692476e-07 1.395488803e-19 -0.002047366997)
(-5.350445148e-07 1.424694155e-19 -0.002047358619)
(-4.598361621e-07 1.447495229e-19 -0.002047346263)
(-3.976612769e-07 1.414411539e-19 -0.002047330619)
(-3.45689974e-07 1.421330801e-19 -0.002047312864)
(-3.008543243e-07 1.426266729e-19 -0.002047294642)
(-2.614440462e-07 1.436115874e-19 -0.002047277104)
(-2.256881774e-07 1.441929557e-19 -0.002047261429)
(-1.915227592e-07 1.441921602e-19 -0.00204724849)
(-1.581364112e-07 1.411059357e-19 -0.002047238276)
(-1.254545868e-07 1.388282937e-19 -0.002047230542)
(-9.381519967e-08 1.379208426e-19 -0.002047225011)
(-6.384022284e-08 1.40000761e-19 -0.002047221377)
(-3.609924097e-08 1.414028776e-19 -0.002047219327)
(-1.063778799e-08 1.421431361e-19 -0.002047218562)
(-2.965701223e-08 8.235009111e-20 -0.002050812365)
(-7.759573846e-08 1.76246879e-19 -0.002050809889)
(-1.228678533e-07 2.691678419e-19 -0.002050804672)
(-1.693228013e-07 2.317314659e-19 -0.002050796955)
(-2.155105208e-07 2.28990959e-19 -0.00205078689)
(-2.610885706e-07 2.399141476e-19 -0.002050774613)
(-3.060792357e-07 2.607330725e-19 -0.00205076025)
(-3.505480287e-07 2.903263855e-19 -0.002050743917)
(-3.945522717e-07 2.957777467e-19 -0.002050725724)
(-4.381621295e-07 2.830411147e-19 -0.002050705774)
(-4.814449427e-07 2.80711971e-19 -0.00205068417)
(-5.244695229e-07 2.624878237e-19 -0.002050661007)
(-5.673093733e-07 2.518844335e-19 -0.002050636377)
(-6.100402677e-07 2.292497493e-19 -0.002050610368)
(-6.52738652e-07 2.298213859e-19 -0.002050583063)
(-6.95481937e-07 2.339930242e-19 -0.002050554544)
(-7.383484688e-07 2.416688871e-19 -0.002050524888)
(-7.814132006e-07 2.400379045e-19 -0.00205049417)
(-8.247433133e-07 2.190511834e-19 -0.002050462461)
(-8.684154095e-07 2.0299522e-19 -0.002050429834)
(-9.125110178e-07 1.893202972e-19 -0.002050396355)
(-9.570718704e-07 1.878214677e-19 -0.002050362097)
(-1.002061475e-06 1.867084179e-19 -0.002050327141)
(-1.047388918e-06 1.85344398e-19 -0.002050291545)
(-1.093470837e-06 1.84049781e-19 -0.002050255215)
(-1.142270398e-06 1.827780439e-19 -0.002050218056)
(-1.193439867e-06 1.818820615e-19 -0.002050181978)
(-1.225424477e-06 1.812353956e-19 -0.002050150487)
(-1.209994701e-06 1.809693538e-19 -0.002050126867)
(-1.139479792e-06 1.881541192e-19 -0.002050113637)
(-1.019699697e-06 1.95648133e-19 -0.00205010951)
(-8.785410957e-07 2.034360366e-19 -0.002050110016)
(-7.489062546e-07 2.04293295e-19 -0.002050109663)
(-6.394924973e-07 2.056636809e-19 -0.002050104594)
(-5.481385715e-07 2.079392797e-19 -0.002050094421)
(-4.723717917e-07 2.110846866e-19 -0.002050079886)
(-4.101651724e-07 2.151149195e-19 -0.002050061716)
(-3.588539713e-07 2.200345625e-19 -0.002050041014)
(-3.152308196e-07 2.259440577e-19 -0.002050019559)
(-2.774219825e-07 2.280185645e-19 -0.00204999869)
(-2.437365722e-07 2.290412894e-19 -0.002049979654)
(-2.119274221e-07 2.338694436e-19 -0.002049963513)
(-1.809623556e-07 2.350683821e-19 -0.002049950341)
(-1.506832547e-07 2.371477088e-19 -0.002049939884)
(-1.21350815e-07 2.398234788e-19 -0.002049931853)
(-9.353926384e-08 2.429116892e-19 -0.002049925931)
(-6.79180794e-08 2.446305512e-19 -0.002049921793)
(-4.496770086e-08 2.481066894e-19 -0.002049919125)
(-2.476955355e-08 2.497130685e-19 -0.002049917653)
(-6.864157111e-09 2.514837085e-19 -0.002049917141)
(-3.137408249e-08 1.320735686e-20 -0.002053539473)
(-8.208018158e-08 -2.507531283e-20 -0.00205353669)
(-1.299797748e-07 -8.138216776e-20 -0.00205353081)
(-1.79195408e-07 -6.277955916e-20 -0.002053522116)
(-2.282044148e-07 -6.436386157e-20 -0.002053510779)
(-2.766617306e-07 -2.261454461e-20 -0.002053496959)
(-3.246023289e-07 2.702747167e-21 -0.002053480794)
(-3.721044036e-07 5.289513335e-20 -0.002053462421)
(-4.192360783e-07 9.044300659e-20 -0.002053441965)
(-4.660630053e-07 1.19332429e-19 -0.002053419545)
(-5.126531036e-07 1.415595033e-19 -0.002053395279)
(-5.590772385e-07 1.383799995e-19 -0.002053369276)
(-6.054078099e-07 1.341646519e-19 -0.002053341642)
(-6.517191393e-07 1.486250166e-19 -0.002053312479)
(-6.980863408e-07 1.610513478e-19 -0.002053281883)
(-7.445836059e-07 1.730033279e-19 -0.002053249946)
(-7.912844558e-07 1.850068991e-19 -0.002053216758)
(-8.38257858e-07 1.975027298e-19 -0.002053182404)
(-8.855557637e-07 1.978147263e-19 -0.002053146967)
(-9.332248655e-07 2.121896114e-19 -0.002053110535)
(-9.812529296e-07 2.161556259e-19 -0.002053073207)
(-1.029536584e-06 2.217332623e-19 -0.002053035057)
(-1.078466292e-06 2.287056957e-19 -0.002052996002)
(-1.130000395e-06 2.172996284e-19 -0.002052955948)
(-1.184023247e-06 2.077621032e-19 -0.002052916874)
(-1.219743211e-06 1.996751154e-19 -0.002052882524)
(-1.208023633e-06 2.008970864e-19 -0.002052856467)
(-1.139767889e-06 2.025730511e-19 -0.002052841474)
(-1.020639237e-06 2.047333968e-19 -0.002052836426)
(-8.779724661e-07 2.073819602e-19 -0.00205283658)
(-7.456854419e-07 2.104775726e-19 -0.00205283596)
(-6.341510101e-07 2.14015312e-19 -0.002052830262)
(-5.414249373e-07 2.175646707e-19 -0.00205281893)
(-4.649410333e-07 2.209427539e-19 -0.002052802774)
(-4.026069707e-07 2.24325178e-19 -0.002052782577)
(-3.518831431e-07 2.278417436e-19 -0.002052759364)
(-3.094428259e-07 2.314693673e-19 -0.002052734999)
(-2.732395652e-07 2.350766199e-19 -0.002052711084)
(-2.417065762e-07 2.44406954e-19 -0.002052688978)
(-2.124502544e-07 2.518675289e-19 -0.002052669962)
(-1.841206229e-07 2.596991689e-19 -0.002052654248)
(-1.564494024e-07 2.657593786e-19 -0.002052641563)
(-1.296245872e-07 2.720730951e-19 -0.002052631588)
(-1.041691389e-07 2.786880952e-19 -0.00205262398)
(-8.074977447e-08 2.856709721e-19 -0.002052618378)
(-5.991143457e-08 2.888558125e-19 -0.002052614431)
(-4.191302472e-08 2.924008102e-19 -0.002052611822)
(-2.67156533e-08 2.939158073e-19 -0.002052610278)
(-1.40439434e-08 2.956653291e-19 -0.002052609555)
(-3.31707657e-09 2.977572168e-19 -0.002052609422)
(-3.286458166e-08 3.68161893e-20 -0.002056227313)
(-8.60055942e-08 4.271002625e-20 -0.002056224242)
(-1.362675579e-07 3.371335151e-20 -0.002056217734)
(-1.879650379e-07 2.30894743e-20 -0.00205620811)
(-2.395019404e-07 1.008461593e-20 -0.002056195563)
(-2.905353446e-07 4.553739636e-20 -0.002056180268)
(-3.411159075e-07 7.176953666e-20 -0.002056162382)
(-3.913356526e-07 9.211450764e-20 -0.002056142055)
(-4.412710396e-07 1.077306663e-19 -0.002056119426)
(-4.909807228e-07 1.192370101e-19 -0.00205609463)
(-5.405352753e-07 1.009669006e-19 -0.002056067798)
(-5.900111687e-07 1.035314876e-19 -0.002056039052)
(-6.394833976e-07 1.018759572e-19 -0.002056008507)
(-6.890249378e-07 9.646596139e-20 -0.002055976277)
(-7.387081254e-07 8.869324525e-20 -0.002055942469)
(-7.886067383e-07 7.767539982e-20 -0.002055907189)
(-8.387935169e-07 6.299416382e-20 -0.002055870539)
(-8.893142019e-07 5.822985453e-20 -0.002055832627)
(-9.401169345e-07 8.65969048e-20 -0.002055793567)
(-9.910806153e-07 1.076872712e-19 -0.002055753448)
(-1.042625638e-06 1.241985842e-19 -0.002055712196)
(-1.09674355e-06 1.374545859e-19 -0.002055669734)
(-1.153453708e-06 1.481646101e-19 -0.002055628231)
(-1.192284074e-06 1.571233344e-19 -0.002055591674)
(-1.18346169e-06 1.644838516e-19 -0.002055563892)
(-1.117068077e-06 1.705786854e-19 -0.002055547923)
(-9.985917866e-07 1.756827389e-19 -0.002055542827)
(-8.544998744e-07 1.798034627e-19 -0.002055543555)
(-7.194747624e-07 1.829396496e-19 -0.002055543617)
(-6.056369263e-07 1.852205521e-19 -0.002055538207)
(-5.113207708e-07 1.866831767e-19 -0.002055526519)
(-4.339436602e-07 1.945455417e-19 -0.002055509417)
(-3.713822023e-07 2.013296277e-19 -0.002055487766)
(-3.2120061e-07 2.069093504e-19 -0.002055462522)
(-2.799931872e-07 2.116244224e-19 -0.002055435546)
(-2.454263866e-07 2.155398348e-19 -0.002055408776)
(-2.161329601e-07 2.187017563e-19 -0.002055383746)
(-1.897463563e-07 2.211246041e-19 -0.002055361975)
(-1.644688464e-07 2.252702342e-19 -0.002055343895)
(-1.39842419e-07 2.28926153e-19 -0.002055329237)
(-1.159585132e-07 2.348956711e-19 -0.002055317645)
(-9.327981642e-08 2.405267467e-19 -0.002055308746)
(-7.247919285e-08 2.45750898e-19 -0.002055302144)
(-5.416042872e-08 2.506169754e-19 -0.002055297448)
(-3.864882208e-08 2.551911492e-19 -0.002055294294)
(-2.597167588e-08 2.596263592e-19 -0.002055292365)
(-1.598992094e-08 2.643264516e-19 -0.002055291381)
(-8.516546279e-09 2.666385061e-19 -0.002055291082)
(-3.284486162e-09 2.687265051e-19 -0.002055291215)
(2.589460677e-10 2.705887547e-19 -0.002055291526)
(-3.400553394e-08 6.164309437e-20 -0.00205887107)
(-8.898083191e-08 1.123476506e-19 -0.002058867751)
(-1.409859189e-07 1.490137104e-19 -0.002058860692)
(-1.945349575e-07 1.858900845e-19 -0.002058850261)
(-2.479882283e-07 2.257414192e-19 -0.002058836663)
(-3.009940454e-07 2.149686107e-19 -0.002058820083)
(-3.536159092e-07 2.142126088e-19 -0.002058800696)
(-4.059691942e-07 2.190363606e-19 -0.002058778659)
(-4.581279908e-07 2.28246816e-19 -0.002058754127)
(-5.101421679e-07 2.412251066e-19 -0.002058727245)
(-5.621022495e-07 2.578155059e-19 -0.002058698149)
(-6.141012205e-07 2.529098508e-19 -0.00205866697)
(-6.662125129e-07 2.525966353e-19 -0.002058633833)
(-7.18500303e-07 2.152240009e-19 -0.002058598863)
(-7.710237443e-07 2.016914981e-19 -0.002058562179)
(-8.238139494e-07 1.91271325e-19 -0.002058523906)
(-8.768223771e-07 1.834555556e-19 -0.002058484179)
(-9.299585035e-07 1.774667301e-19 -0.002058443105)
(-9.837070328e-07 1.866664076e-19 -0.002058400612)
(-1.040117341e-06 1.838513672e-19 -0.002058356658)
(-1.099177899e-06 1.824013265e-19 -0.002058313827)
(-1.139799836e-06 1.817942024e-19 -0.002058276356)
(-1.131997369e-06 1.815654853e-19 -0.00205824829)
(-1.06617458e-06 1.918007203e-19 -0.002058232933)
(-9.476590571e-07 2.01708881e-19 -0.002058229436)
(-8.019940689e-07 2.113073026e-19 -0.002058232371)
(-6.644687859e-07 2.206593624e-19 -0.00205823466)
(-5.485565117e-07 2.296853574e-19 -0.002058230967)
(-4.527025854e-07 2.384905337e-19 -0.002058220214)
(-3.744387743e-07 2.390627407e-19 -0.002058203317)
(-3.116897628e-07 2.398468006e-19 -0.00205818124)
(-2.621093092e-07 2.40481996e-19 -0.002058154907)
(-2.223339209e-07 2.479469305e-19 -0.002058126084)
(-1.896198175e-07 2.486590088e-19 -0.00205809707)
(-1.626892483e-07 2.489819064e-19 -0.002058069693)
(-1.394371989e-07 2.487326386e-19 -0.002058045726)
(-1.176602661e-07 2.478515518e-19 -0.002058025921)
(-9.662926719e-08 2.462772206e-19 -0.00205801004)
(-7.629241129e-08 2.438629793e-19 -0.00205799768)
(-5.700440721e-08 2.438421651e-19 -0.002057988428)
(-3.940950141e-08 2.432514686e-19 -0.002057981845)
(-2.417310347e-08 2.449567425e-19 -0.002057977483)
(-1.171745862e-08 2.462232904e-19 -0.002057974922)
(-2.137038138e-09 2.470507198e-19 -0.002057973783)
(4.696581057e-09 2.474216341e-19 -0.002057973734)
(8.973897616e-09 2.497957313e-19 -0.002057974465)
(1.08503049e-08 2.519802379e-19 -0.002057975677)
(1.045260731e-08 2.55726716e-19 -0.002057977078)
(8.001564304e-09 2.592876195e-19 -0.002057978378)
(4.029605524e-09 2.609509149e-19 -0.002057979294)
(-3.466101005e-08 5.82256769e-20 -0.002061459072)
(-9.071305643e-08 1.022439015e-19 -0.002061455562)
(-1.437630401e-07 1.303708477e-19 -0.002061448063)
(-1.984196835e-07 1.557323191e-19 -0.002061436979)
(-2.530576272e-07 1.790232758e-19 -0.002061422534)
(-3.073079414e-07 2.019200774e-19 -0.00206140492)
(-3.612522864e-07 2.254476098e-19 -0.002061384319)
(-4.150069583e-07 2.075993568e-19 -0.002061360898)
(-4.686359038e-07 1.949083572e-19 -0.002061334822)
(-5.222372106e-07 1.86200016e-19 -0.002061306238)
(-5.759113124e-07 2.099934557e-19 -0.002061275292)
(-6.297263981e-07 2.356296923e-19 -0.002061242125)
(-6.837382131e-07 2.393750225e-19 -0.002061206876)
(-7.379727195e-07 2.261702615e-19 -0.002061169685)
(-7.923814431e-07 2.17977969e-19 -0.002061130706)
(-8.469082409e-07 2.136409833e-19 -0.00206109006)
(-9.021581542e-07 2.123835745e-19 -0.002061047649)
(-9.603627409e-07 2.143935836e-19 -0.002061003503)
(-1.021251585e-06 2.048083406e-19 -0.002060960981)
(-1.061534645e-06 1.977359364e-19 -0.002060924567)
(-1.051598713e-06 2.052159788e-19 -0.002060898429)
(-9.83985872e-07 2.13667433e-19 -0.002060886105)
(-8.639590739e-07 2.226752874e-19 -0.002060886583)
(-7.163990216e-07 2.320860879e-19 -0.00206089394)
(-5.76841424e-07 2.417787811e-19 -0.002060900457)
(-4.5942572e-07 2.516621481e-19 -0.002060900261)
(-3.625428746e-07 2.617345193e-19 -0.002060892028)
(-2.836554248e-07 2.71989101e-19 -0.002060876768)
(-2.208411205e-07 2.824567228e-19 -0.002060855547)
(-1.719666025e-07 2.934565794e-19 -0.002060829303)
(-1.338253594e-07 3.047756395e-19 -0.002060799652)
(-1.032486218e-07 3.094159619e-19 -0.002060769177)
(-7.889171718e-08 3.144682178e-19 -0.002060740119)
(-5.903264061e-08 3.139464731e-19 -0.002060714543)
(-4.115559415e-08 3.136439733e-19 -0.002060693624)
(-2.41884975e-08 3.135453179e-19 -0.002060677219)
(-7.934195774e-09 3.136754889e-19 -0.002060664883)
(7.382626883e-09 3.112990344e-19 -0.002060656158)
(2.118685622e-08 3.055223987e-19 -0.002060650567)
(3.277886861e-08 2.995109284e-19 -0.002060647609)
(4.163845905e-08 2.956500538e-19 -0.002060646796)
(4.758246759e-08 2.916154247e-19 -0.002060647684)
(5.070393375e-08 2.87356586e-19 -0.002060649875)
(5.120387778e-08 2.850394991e-19 -0.002060653003)
(4.927109663e-08 2.826703012e-19 -0.002060656718)
(4.50473118e-08 2.764231268e-19 -0.002060660673)
(3.862910798e-08 2.723043738e-19 -0.002060664531)
(3.010207895e-08 2.675935603e-19 -0.002060667959)
(1.967876027e-08 2.642175818e-19 -0.002060670637)
(7.925556827e-09 2.604703476e-19 -0.002060672256)
(-3.474736746e-08 5.967165528e-20 -0.002063982227)
(-9.094695388e-08 1.062332855e-19 -0.002063978579)
(-1.441665334e-07 1.389611649e-19 -0.002063970754)
(-1.990250244e-07 1.715072256e-19 -0.002063959183)
(-2.539137604e-07 1.264879917e-19 -0.002063944097)
(-3.085045722e-07 1.540601165e-19 -0.002063925702)
(-3.628760383e-07 1.809283013e-19 -0.002063904183)
(-4.171332548e-07 1.656590162e-19 -0.002063879717)
(-4.713735104e-07 1.167632891e-19 -0.002063852474)
(-5.256882142e-07 7.349783457e-20 -0.002063822613)
(-5.801267342e-07 6.141516828e-20 -0.002063790289)
(-6.347186808e-07 7.287786598e-20 -0.002063755663)
(-6.89448806e-07 5.702060453e-20 -0.002063718916)
(-7.44353375e-07 6.052056206e-20 -0.002063680162)
(-8.002514233e-07 8.025240859e-20 -0.002063639311)
(-8.597603431e-07 9.504888266e-20 -0.002063597049)
(-9.220012799e-07 1.049372347e-19 -0.002063557493)
(-9.59102131e-07 1.083871427e-19 -0.002063525218)
(-9.425962493e-07 1.330438749e-19 -0.002063504423)
(-8.697770096e-07 1.521922855e-19 -0.002063498832)
(-7.460475696e-07 1.677184915e-19 -0.002063506765)
(-5.963109932e-07 1.936420528e-19 -0.002063521583)
(-4.557765845e-07 2.174220797e-19 -0.00206353489)
(-3.378545795e-07 2.280142621e-19 -0.002063540381)
(-2.407931573e-07 2.382287711e-19 -0.002063536618)
(-1.620731672e-07 2.482001895e-19 -0.002063524758)
(-9.980843048e-08 2.580604139e-19 -0.002063506027)
(-5.205220829e-08 2.678834023e-19 -0.002063481416)
(-1.590837786e-08 2.777160206e-19 -0.002063452374)
(1.214927151e-08 2.87699077e-19 -0.00206342162)
(3.370776388e-08 2.979386915e-19 -0.002063391896)
(5.004050336e-08 3.086449759e-19 -0.00206336563)
(6.373637826e-08 3.112636469e-19 -0.002063344502)
(7.629910197e-08 3.14560852e-19 -0.002063328573)
(8.810873081e-08 3.1861542e-19 -0.00206331736)
(9.908241523e-08 3.177503676e-19 -0.002063310356)
(1.087444162e-07 3.203711092e-19 -0.002063307044)
(1.16396885e-07 3.237824546e-19 -0.002063306877)
(1.214226194e-07 3.277773429e-19 -0.002063309303)
(1.235097116e-07 3.32363013e-19 -0.002063313806)
(1.226723145e-07 3.349333645e-19 -0.002063319916)
(1.191093092e-07 3.404989808e-19 -0.002063327202)
(1.130399263e-07 3.444781229e-19 -0.00206333525)
(1.04634208e-07 3.466926587e-19 -0.002063343654)
(9.402013846e-08 3.494264568e-19 -0.002063352011)
(8.129363841e-08 3.483530538e-19 -0.002063359927)
(6.651818567e-08 3.455902575e-19 -0.002063367019)
(4.977255597e-08 3.38803759e-19 -0.002063372916)
(3.131822404e-08 3.320724419e-19 -0.002063377266)
(1.179700936e-08 3.296670431e-19 -0.002063379729)
(-3.427399711e-08 1.615737152e-20 -0.002066430018)
(-8.972352381e-08 -1.745672139e-20 -0.002066426276)
(-1.422896982e-07 -6.883172249e-20 -0.002066418238)
(-1.965500693e-07 -2.217353021e-20 -0.002066406361)
(-2.509029091e-07 7.296067091e-21 -0.002066390881)
(-3.05029577e-07 2.552147821e-20 -0.002066372008)
(-3.590157406e-07 4.12879563e-20 -0.00206634993)
(-4.12972063e-07 1.034796967e-19 -0.00206632482)
(-4.669846376e-07 9.527546635e-20 -0.002066296858)
(-5.211149445e-07 9.569122232e-20 -0.002066266258)
(-5.754529547e-07 7.077925164e-20 -0.002066233226)
(-6.303175453e-07 5.021082618e-20 -0.002066197774)
(-6.869395811e-07 5.529425273e-20 -0.002066159984)
(-7.476479376e-07 8.092096907e-20 -0.002066122544)
(-8.065638355e-07 1.033654284e-19 -0.002066089748)
(-8.331844881e-07 1.238229382e-19 -0.002066065861)
(-8.050558191e-07 1.598808638e-19 -0.002066055083)
(-7.236223614e-07 1.781291902e-19 -0.002066061264)
(-5.93993583e-07 1.955607589e-19 -0.002066081116)
(-4.424706578e-07 2.125647158e-19 -0.002066106939)
(-3.032382287e-07 2.14831403e-19 -0.002066129726)
(-1.868482231e-07 2.168176314e-19 -0.002066143017)
(-9.119283336e-08 2.190034867e-19 -0.002066145561)
(-1.390290042e-08 2.216058882e-19 -0.002066138739)
(4.681476241e-08 2.242037243e-19 -0.002066123973)
(9.28043186e-08 2.268038406e-19 -0.002066102376)
(1.265769933e-07 2.293405278e-19 -0.0020660753)
(1.516598244e-07 2.317514155e-19 -0.002066045433)
(1.70020933e-07 2.338304669e-19 -0.002066015993)
(1.826326031e-07 2.356575137e-19 -0.002065989828)
(1.919284252e-07 2.366830023e-19 -0.002065969159)
(1.998549035e-07 2.367368615e-19 -0.002065954406)
(2.069778503e-07 2.356699986e-19 -0.00206594508)
(2.133424885e-07 2.420228201e-19 -0.002065940626)
(2.186040604e-07 2.476469879e-19 -0.002065940491)
(2.221164604e-07 2.527343656e-19 -0.00206594409)
(2.232059758e-07 2.570599736e-19 -0.002065950816)
(2.21445378e-07 2.644297522e-19 -0.002065960086)
(2.16741702e-07 2.714699681e-19 -0.002065971362)
(2.092393326e-07 2.782335446e-19 -0.002065984147)
(1.991562935e-07 2.817848897e-19 -0.00206599797)
(1.86683242e-07 2.848954386e-19 -0.00206601237)
(1.719662671e-07 2.879503926e-19 -0.002066026885)
(1.551178297e-07 2.881006177e-19 -0.002066041062)
(1.362249907e-07 2.877510015e-19 -0.002066054455)
(1.153615304e-07 2.921591477e-19 -0.002066066632)
(9.260291822e-08 2.963368298e-19 -0.002066077176)
(6.807084227e-08 3.007031784e-19 -0.002066085692)
(4.209252312e-08 3.028627224e-19 -0.0020660918)
(1.536911662e-08 3.050183489e-19 -0.002066095142)
(-3.347355429e-08 2.265872231e-20 -0.002068794341)
(-8.758826271e-08 2.717690645e-21 -0.002068790684)
(-1.388532815e-07 -3.165138344e-20 -0.002068782733)
(-1.918094436e-07 -6.90239475e-20 -0.002068770953)
(-2.449095146e-07 -2.668310116e-20 -0.002068755585)
(-2.978567542e-07 -5.45889655e-20 -0.002068736854)
(-3.508131036e-07 -8.083322673e-20 -0.002068715016)
(-4.040654761e-07 -6.38314552e-20 -0.002068690301)
(-4.579488321e-07 -1.274242731e-20 -0.002068662762)
(-5.131899415e-07 3.218916204e-20 -0.002068632502)
(-5.720684416e-07 4.447364957e-20 -0.002068601741)
(-6.349771815e-07 5.771639968e-20 -0.00206857435)
(-6.819781207e-07 9.71882202e-20 -0.00206855426)
(-6.866801907e-07 1.370370011e-19 -0.002068545217)
(-6.417932207e-07 1.568850331e-19 -0.002068551352)
(-5.487726825e-07 1.789561829e-19 -0.00206857531)
(-4.11326884e-07 2.029802403e-19 -0.002068611758)
(-2.594311703e-07 2.29971015e-19 -0.002068651781)
(-1.253345492e-07 2.299256476e-19 -0.002068686024)
(-1.378941544e-08 2.3370543e-19 -0.002068708375)
(7.791437469e-08 2.396280936e-19 -0.002068718268)
(1.517898086e-07 2.345591771e-19 -0.00206871742)
(2.094089388e-07 2.307153346e-19 -0.00206870747)
(2.524760279e-07 2.250410327e-19 -0.002068689693)
(2.831751424e-07 2.199937455e-19 -0.002068665423)
(3.048286272e-07 2.156409634e-19 -0.002068637229)
(3.197515341e-07 2.114921604e-19 -0.002068608677)
(3.286388911e-07 2.06826661e-19 -0.002068583046)
(3.334750128e-07 2.011736587e-19 -0.00206856309)
(3.366154936e-07 2.049583406e-19 -0.002068549746)
(3.389284038e-07 2.079419744e-19 -0.002068542587)
(3.406138804e-07 2.101127405e-19 -0.002068541005)
(3.414679348e-07 2.113946493e-19 -0.002068544414)
(3.409143947e-07 2.115981686e-19 -0.002068552206)
(3.382310444e-07 2.10372357e-19 -0.00206856374)
(3.328654418e-07 2.153834034e-19 -0.002068578378)
(3.246098122e-07 2.1527803e-19 -0.002068595517)
(3.135535734e-07 2.169479583e-19 -0.002068614603)
(2.999108478e-07 2.176335729e-19 -0.002068635109)
(2.8388516e-07 2.145720215e-19 -0.002068656524)
(2.656333048e-07 2.136675172e-19 -0.002068678339)
(2.452735651e-07 2.059957069e-19 -0.002068700049)
(2.228935914e-07 2.000532235e-19 -0.002068721155)
(1.985608494e-07 1.958093485e-19 -0.00206874117)
(1.723483609e-07 1.905321497e-19 -0.002068759618)
(1.443546634e-07 1.922646711e-19 -0.002068776045)
(1.146979432e-07 1.957573228e-19 -0.002068790017)
(8.353013467e-08 1.987035546e-19 -0.002068801121)
(5.119188673e-08 2.028209512e-19 -0.002068808962)
(1.838266274e-08 2.037316118e-19 -0.002068813161)
(4.375406666e-07 2.211392815e-19 -0.002071178627)
(4.237034943e-07 2.213901528e-19 -0.002071203734)
(4.072837369e-07 2.179952356e-19 -0.002071230748)
(3.884941487e-07 2.169058801e-19 -0.002071259117)
(3.675105652e-07 2.182553004e-19 -0.002071288296)
(3.444632964e-07 2.19395522e-19 -0.002071317743)
(3.194443029e-07 2.201381812e-19 -0.002071346916)
(2.925175739e-07 2.206975525e-19 -0.002071375285)
(2.637384243e-07 2.209541945e-19 -0.002071402332)
(2.331830861e-07 2.235499212e-19 -0.002071427555)
(2.00964029e-07 2.259675146e-19 -0.002071450474)
(1.672180063e-07 2.279529033e-19 -0.00207147063)
(1.320729181e-07 2.27383998e-19 -0.002071487586)
(9.566469426e-08 2.287413608e-19 -0.002071500926)
(5.832161757e-08 2.295037212e-19 -0.002071510248)
(2.073525753e-08 2.298700447e-19 -0.00207151517)
)
;

boundaryField
{
    front_top
    {
        type            wedge;
    }
    front_middle
    {
        type            wedge;
    }
    front_bottom
    {
        type            wedge;
    }
    back_top
    {
        type            wedge;
    }
    back_middle
    {
        type            wedge;
    }
    back_bottom
    {
        type            wedge;
    }
    axis_top
    {
        type            symmetryPlane;
    }
    axis_middle
    {
        type            symmetryPlane;
    }
    axis_bottom
    {
        type            symmetryPlane;
    }
    wall_top
    {
        type            slip;
    }
    wall_middle
    {
        type            noSlip;
    }
    wall_bottom
    {
        type            noSlip;
    }
    inlet
    {
        type            fixedValue;
        value           uniform (0 0 -0.002);
    }
    outlet
    {
        type            zeroGradient;
    }
    procBoundary11to10
    {
        type            processor;
        value           nonuniform List<vector> 
51
(
(-3.140393706e-08 3.908764414e-20 -0.002071077891)
(-8.24432836e-08 4.808892813e-20 -0.002071074195)
(-1.31446211e-07 4.203673267e-20 -0.002071066387)
(-1.827437113e-07 -6.800685011e-20 -0.002071054882)
(-2.351673464e-07 -8.441871381e-20 -0.002071039839)
(-2.886037101e-07 -1.11184269e-19 -0.002071021436)
(-3.436776995e-07 -1.477642672e-19 -0.002071001187)
(-4.025710858e-07 -1.968605366e-19 -0.002070981883)
(-4.661969005e-07 -1.471948878e-19 -0.002070966474)
(-5.192828058e-07 -1.195995023e-19 -0.002070957951)
(-5.383222716e-07 -7.678187316e-20 -0.002070959353)
(-5.146926326e-07 -4.585032259e-20 -0.002070974335)
(-4.495183527e-07 1.527250142e-21 -0.002071006676)
(-3.426690742e-07 4.211011336e-20 -0.002071054431)
(-2.006328477e-07 9.940393379e-20 -0.00207111062)
(-5.52981843e-08 1.516103234e-19 -0.002071165804)
(6.84530925e-08 1.812188714e-19 -0.002071211182)
(1.712780809e-07 2.094375182e-19 -0.002071241648)
(2.559582462e-07 2.196229453e-19 -0.002071257964)
(3.240130738e-07 2.14481617e-19 -0.00207126229)
(3.767153738e-07 2.108201492e-19 -0.002071256477)
(4.155547229e-07 2.083701686e-19 -0.002071241959)
(4.423706268e-07 2.070512261e-19 -0.002071220108)
(4.600828584e-07 2.072499874e-19 -0.002071193366)
(4.712277276e-07 2.081721026e-19 -0.002071165475)
(4.763815677e-07 2.094220306e-19 -0.002071140055)
(4.769698338e-07 2.107639564e-19 -0.002071120288)
(4.755291703e-07 2.121629401e-19 -0.002071107722)
(4.732487335e-07 2.136509126e-19 -0.002071102106)
(4.704844006e-07 2.152911251e-19 -0.002071102793)
(4.671938736e-07 2.169203691e-19 -0.002071109164)
(4.62923782e-07 2.183917684e-19 -0.002071120597)
(4.56954932e-07 2.196189978e-19 -0.002071136431)
(4.486165423e-07 2.205462749e-19 -0.002071155991)
(4.486165423e-07 2.205462749e-19 -0.002071155991)
(5.132457135e-07 2.404482775e-19 -0.002073775056)
(4.926999086e-07 2.453627472e-19 -0.002073809838)
(4.700010262e-07 2.502488744e-19 -0.002073845929)
(4.452842863e-07 2.510494024e-19 -0.00207388276)
(4.186471398e-07 2.514266854e-19 -0.002073919763)
(3.901546049e-07 2.549333417e-19 -0.002073956378)
(3.598500778e-07 2.581760572e-19 -0.00207399205)
(3.277840467e-07 2.644515588e-19 -0.002074026244)
(2.940398713e-07 2.706413771e-19 -0.002074058442)
(2.587381982e-07 2.767610599e-19 -0.002074088147)
(2.220180333e-07 2.828896391e-19 -0.002074114888)
(1.84010961e-07 2.862828079e-19 -0.002074138213)
(1.4482304e-07 2.924282463e-19 -0.002074157692)
(1.045673687e-07 2.988397241e-19 -0.002074172912)
(6.355614885e-08 3.02998965e-19 -0.002074183475)
(2.245770261e-08 3.052157366e-19 -0.002074188999)
)
;
    }
}


// ************************************************************************* //
