/*--------------------------------*- C++ -*----------------------------------*\
  =========                 |
  \\      /  F ield         | OpenFOAM: The Open Source CFD Toolbox
   \\    /   O peration     | Website:  https://openfoam.org
    \\  /    A nd           | Version:  7
     \\/     M anipulation  |
\*---------------------------------------------------------------------------*/
FoamFile
{
    version     2.0;
    format      ascii;
    class       surfaceScalarField;
    location    "0.0027";
    object      phi;
}
// * * * * * * * * * * * * * * * * * * * * * * * * * * * * * * * * * * * * * //

dimensions      [1 0 -1 0 0 0 0];

internalField   nonuniform List<scalar> 
2257
(
3.621912971e-15
4.567072792e-11
1.336390117e-10
3.510882929e-15
4.566721704e-11
1.374292703e-14
1.336287796e-10
3.018923878e-14
2.16686842e-10
5.229093571e-14
2.950444698e-10
7.945424942e-14
3.688980156e-10
1.110481443e-13
4.384371872e-10
1.464242852e-13
5.03845246e-10
1.84987403e-13
5.652990366e-10
2.261229339e-13
6.22969294e-10
2.691558342e-13
6.770206579e-10
3.135609477e-13
7.276117703e-10
3.586963842e-13
7.748956471e-10
4.040932373e-13
8.190195406e-10
4.49187774e-13
8.601253632e-10
4.935473232e-13
8.983495656e-10
5.366740121e-13
9.338235543e-10
5.782018155e-13
9.666736077e-10
6.17694317e-13
9.970212056e-10
6.548946969e-13
1.024982989e-09
6.894136546e-13
1.050671135e-09
7.210221204e-13
1.074193286e-09
7.494295919e-13
1.095652878e-09
7.744346844e-13
1.115149143e-09
7.958946746e-13
1.132777256e-09
8.136041058e-13
1.14862856e-09
8.2748243e-13
1.162790623e-09
8.373846636e-13
1.17534748e-09
8.432495478e-13
1.186379592e-09
8.450534666e-13
1.195964012e-09
8.427187242e-13
1.204174664e-09
8.362481975e-13
1.211082388e-09
8.256794837e-13
1.216754826e-09
8.110038154e-13
1.221256866e-09
7.922515518e-13
1.224650624e-09
7.694629052e-13
1.226995571e-09
7.427019158e-13
1.228348461e-09
7.120159518e-13
1.228763708e-09
6.775056933e-13
1.228293307e-09
6.39268956e-13
1.226986978e-09
5.97371359e-13
1.224892204e-09
5.519220756e-13
1.222054406e-09
5.03025057e-13
1.218517054e-09
4.507553883e-13
1.214321576e-09
3.952709118e-13
1.209507537e-09
3.366161061e-13
1.204112784e-09
2.74947852e-13
1.198173427e-09
2.103732637e-13
1.191723956e-09
1.429251374e-13
1.184797366e-09
7.278825716e-14
1.177424898e-09
1.169636599e-09
3.406538917e-15
4.56638105e-11
1.333406637e-14
1.336188521e-10
2.928289159e-14
2.166708931e-10
5.070367171e-14
2.95023049e-10
7.70342449e-14
3.68871685e-10
1.076756095e-13
4.384065458e-10
1.42025295e-13
5.038108963e-10
1.79424413e-13
5.652616375e-10
2.19316344e-13
6.229294021e-10
2.611099547e-13
6.769788643e-10
3.041697306e-13
7.275687105e-10
3.480049492e-13
7.748518119e-10
3.920342348e-13
8.189755113e-10
4.35827737e-13
8.600815697e-10
4.788553075e-13
8.98306538e-10
5.207320061e-13
9.337816776e-10
5.610052103e-13
9.666333345e-10
5.993813718e-13
9.969828295e-10
6.354600705e-13
1.02494691e-09
6.689773041e-13
1.050637618e-09
6.996277742e-13
1.074162636e-09
7.271965405e-13
1.09562531e-09
7.514869419e-13
1.115124852e-09
7.722917191e-13
1.132756451e-09
7.894951408e-13
1.148611357e-09
8.029444469e-13
1.162777174e-09
8.125509906e-13
1.175337873e-09
8.182667591e-13
1.186373876e-09
8.200092726e-13
1.19596227e-09
8.177487714e-13
1.204176925e-09
8.11506233e-13
1.211088631e-09
8.012727862e-13
1.21676506e-09
7.870370486e-13
1.221271101e-09
7.68852139e-13
1.224668809e-09
7.467635242e-13
1.227017659e-09
7.207938084e-13
1.22837443e-09
6.910414713e-13
1.22879346e-09
6.575908909e-13
1.228326758e-09
6.204961406e-13
1.227024073e-09
5.798727602e-13
1.224932828e-09
5.357474201e-13
1.222098532e-09
4.882928626e-13
1.218564509e-09
4.376182314e-13
1.214372251e-09
3.837541266e-13
1.209561401e-09
3.268620477e-13
1.204169676e-09
2.669662845e-13
1.198233323e-09
2.042388741e-13
1.191786684e-09
1.387906274e-13
1.184862814e-09
7.064988206e-14
1.177493039e-09
1.169707249e-09
3.301052115e-15
4.566050945e-11
1.292139141e-14
1.336092318e-10
2.838591875e-14
2.166554286e-10
4.91723917e-14
2.950022626e-10
7.472779867e-14
3.688461296e-10
1.044384342e-13
4.383768352e-10
1.377464717e-13
5.037775883e-10
1.740590551e-13
5.652253249e-10
2.127464746e-13
6.228907147e-10
2.532735932e-13
6.769383371e-10
2.950861792e-13
7.275268979e-10
3.37603527e-13
7.748092945e-10
3.803691494e-13
8.189327457e-10
4.228465703e-13
8.600390923e-10
4.646242613e-13
8.982647603e-10
5.052403018e-13
9.337410616e-10
5.443664157e-13
9.665942084e-10
5.815911773e-13
9.969456047e-10
6.166173343e-13
1.024911884e-09
6.491242566e-13
1.050605111e-09
6.788947137e-13
1.074132865e-09
7.056597462e-13
1.095598544e-09
7.292192209e-13
1.115101293e-09
7.49422413e-13
1.132736248e-09
7.661078089e-13
1.148594672e-09
7.791679097e-13
1.162764114e-09
7.885143851e-13
1.175328527e-09
7.940672818e-13
1.186368323e-09
7.957600905e-13
1.195960577e-09
7.935997968e-13
1.204179085e-09
7.87578071e-13
1.211094653e-09
7.77650104e-13
1.216774988e-09
7.638629117e-13
1.221284889e-09
7.462343979e-13
1.224686437e-09
7.247976077e-13
1.227039096e-09
6.996321021e-13
1.228399596e-09
6.707570921e-13
1.228822335e-09
6.383078971e-13
1.228359207e-09
6.023619229e-13
1.227060019e-09
5.629188441e-13
1.224972271e-09
5.201469948e-13
1.222141304e-09
4.740944043e-13
1.218610561e-09
4.249012587e-13
1.214421444e-09
3.726718541e-13
1.20961363e-09
3.174162946e-13
1.204224932e-09
2.593102909e-13
1.198291429e-09
1.983694381e-13
1.191847625e-09
1.347875346e-13
1.184926396e-09
6.866362616e-14
1.177559162e-09
1.169775913e-09
3.202093542e-15
4.565730735e-11
1.25313633e-14
1.335999025e-10
2.752803002e-14
2.16640432e-10
4.76866211e-14
2.94982104e-10
7.246677507e-14
3.688213495e-10
1.013086427e-13
4.383479933e-10
1.336288143e-13
5.037452681e-10
1.688426416e-13
5.651901111e-10
2.063995505e-13
6.228531578e-10
2.457290929e-13
6.768990076e-10
2.862894689e-13
7.274863376e-10
3.275827373e-13
7.747680012e-10
3.690672406e-13
8.188912612e-10
4.103092478e-13
8.599978503e-10
4.50839159e-13
8.982242304e-10
4.902963162e-13
9.337016044e-10
5.282586508e-13
9.665562461e-10
5.643981944e-13
9.969094652e-10
5.983800607e-13
1.024877902e-09
6.29954871e-13
1.050573536e-09
6.588419851e-13
1.074103978e-09
6.848164412e-13
1.09557257e-09
7.076942716e-13
1.115078415e-09
7.273047663e-13
1.132716638e-09
7.43507824e-13
1.148578468e-09
7.562006069e-13
1.162751421e-09
7.652927911e-13
1.175319435e-09
7.706813303e-13
1.186362934e-09
7.723595749e-13
1.195958899e-09
7.702870793e-13
1.204181157e-09
7.644455929e-13
1.211100494e-09
7.548456495e-13
1.216784588e-09
7.414662802e-13
1.221298268e-09
7.243711862e-13
1.224703532e-09
7.036107021e-13
1.227059856e-09
6.791818178e-13
1.228424025e-09
6.512142087e-13
1.228850303e-09
6.197254999e-13
1.228390696e-09
5.848165444e-13
1.227094928e-09
5.46585977e-13
1.225010502e-09
5.050620189e-13
1.222182828e-09
4.604078999e-13
1.218655215e-09
4.126678912e-13
1.214469184e-09
3.619325179e-13
1.209664365e-09
3.0833347e-13
1.204278531e-09
2.518707436e-13
1.198347891e-09
1.927424158e-13
1.191906753e-09
1.309558499e-13
1.184988182e-09
6.668838306e-14
1.17762343e-09
1.169842601e-09
3.10659285e-15
4.565420076e-11
1.216013127e-14
1.33590849e-10
2.671516382e-14
2.166258769e-10
4.628210759e-14
2.94962537e-10
7.031714454e-14
3.687973144e-10
9.829250349e-14
4.38320018e-10
1.296514804e-13
5.037139092e-10
1.638396578e-13
5.651559229e-10
2.002770241e-13
6.228167204e-10
2.384521587e-13
6.768608325e-10
2.778431631e-13
7.274469466e-10
3.179046054e-13
7.747279398e-10
3.581839358e-13
8.188509819e-10
3.982058901e-13
8.599578283e-10
4.375800014e-13
8.981848563e-10
4.758740591e-13
9.336633103e-10
5.127320743e-13
9.66519388e-10
5.478055924e-13
9.968743916e-10
5.808138686e-13
1.024844894e-09
6.114639791e-13
1.050542886e-09
6.395132112e-13
1.074075929e-09
6.64735578e-13
1.095547348e-09
6.869546641e-13
1.115056196e-09
7.059980845e-13
1.132697594e-09
7.217489252e-13
1.148562718e-09
7.340831492e-13
1.162739087e-09
7.429054036e-13
1.175310612e-09
7.481714255e-13
1.186357668e-09
7.498235438e-13
1.195957246e-09
7.47839914e-13
1.204183141e-09
7.422101683e-13
1.211106124e-09
7.328928576e-13
1.216793905e-09
7.19946589e-13
1.221311214e-09
7.033443653e-13
1.224720135e-09
6.831853111e-13
1.227080015e-09
6.595306086e-13
1.22844768e-09
6.323814141e-13
1.228877452e-09
6.018528587e-13
1.228421224e-09
5.67981934e-13
1.227128799e-09
5.308574579e-13
1.225047626e-09
4.906110204e-13
1.222223074e-09
4.4723441e-13
1.218698592e-09
4.008975422e-13
1.214515521e-09
3.516436675e-13
1.209713619e-09
2.995491961e-13
1.204330626e-09
2.447685947e-13
1.198402672e-09
1.872970395e-13
1.191964225e-09
1.273283235e-13
1.185048151e-09
6.483084146e-14
1.177685927e-09
1.169907432e-09
3.014205177e-15
4.565118655e-11
1.179926337e-14
1.335820639e-10
2.592250996e-14
2.166117537e-10
4.490708129e-14
2.949435524e-10
6.824390963e-14
3.687739776e-10
9.540773213e-14
4.382928541e-10
1.25840933e-13
5.03683476e-10
1.59022678e-13
5.651227412e-10
1.944161652e-13
6.227813269e-10
2.314744386e-13
6.768237742e-10
2.697021592e-13
7.274087188e-10
3.086071259e-13
7.746890348e-10
3.477115625e-13
8.188118774e-10
3.865983288e-13
8.599189415e-10
4.248259289e-13
8.981466287e-10
4.6201339e-13
9.336261229e-10
4.977996239e-13
9.664836018e-10
5.318738965e-13
9.968403174e-10
5.639310532e-13
1.024812836e-09
5.936986424e-13
1.050513118e-09
6.209359327e-13
1.074048692e-09
6.454465801e-13
1.095522837e-09
6.670265707e-13
1.115034616e-09
6.85544056e-13
1.132679077e-09
7.008499477e-13
1.148547412e-09
7.128401872e-13
1.162727096e-09
7.214415712e-13
1.175302011e-09
7.26578897e-13
1.186352531e-09
7.282283568e-13
1.195955597e-09
7.262995074e-13
1.20418507e-09
7.208358901e-13
1.211111587e-09
7.118398745e-13
1.216802901e-09
6.992590764e-13
1.221323795e-09
6.831886633e-13
1.224736205e-09
6.63631627e-13
1.227099573e-09
6.40663203e-13
1.228470648e-09
6.143610509e-13
1.228903754e-09
5.846870488e-13
1.228450898e-09
5.518174269e-13
1.227161669e-09
5.158167748e-13
1.225083627e-09
4.767086503e-13
1.222262182e-09
4.346435997e-13
1.218740657e-09
3.895962021e-13
1.214560568e-09
3.417525164e-13
1.209761463e-09
2.911511179e-13
1.204381227e-09
2.378862968e-13
1.198455937e-09
1.821069384e-13
1.192020004e-09
1.237730977e-13
1.185106485e-09
6.308080889e-14
1.17774662e-09
1.169970513e-09
2.927269087e-15
4.564825929e-11
1.1458336e-14
1.335735328e-10
2.517329601e-14
2.165980387e-10
4.361021071e-14
2.949251155e-10
6.626543693e-14
3.687513224e-10
9.263685059e-14
4.382664827e-10
1.222008878e-13
5.036539119e-10
1.544355201e-13
5.650905065e-10
1.888003703e-13
6.227469621e-10
2.247959765e-13
6.767877786e-10
2.619231116e-13
7.273715917e-10
2.997104167e-13
7.746512475e-10
3.377135878e-13
8.187738743e-10
3.754830188e-13
8.598811721e-10
4.126160465e-13
8.981094957e-10
4.487400867e-13
9.335899988e-10
4.835161178e-13
9.664488258e-10
5.166269199e-13
9.968072066e-10
5.477717444e-13
1.024781692e-09
5.766962754e-13
1.050484194e-09
6.031618574e-13
1.074022226e-09
6.269760684e-13
1.095499023e-09
6.479704748e-13
1.115013621e-09
6.659718399e-13
1.132661075e-09
6.808691495e-13
1.148532514e-09
6.925136303e-13
1.162715452e-09
7.008937586e-13
1.175293631e-09
7.059445884e-13
1.18634748e-09
7.075424709e-13
1.195953999e-09
7.057226112e-13
1.20418689e-09
7.004209559e-13
1.211116889e-09
6.916721525e-13
1.21681165e-09
6.795111279e-13
1.221335956e-09
6.63886204e-13
1.22475183e-09
6.449288243e-13
1.22711853e-09
6.226678413e-13
1.228492909e-09
5.970850919e-13
1.228929337e-09
5.68325548e-13
1.228479658e-09
5.363732779e-13
1.227193621e-09
5.013964917e-13
1.225118603e-09
4.634488698e-13
1.22230013e-09
4.225342933e-13
1.218781572e-09
3.788195687e-13
1.214604283e-09
3.322717466e-13
1.209808011e-09
2.831005545e-13
1.204430398e-09
2.313237092e-13
1.198507714e-09
1.770430889e-13
1.192074285e-09
1.203795104e-13
1.185163149e-09
6.129683743e-14
1.177805702e-09
1.170031809e-09
2.843315017e-15
4.564541597e-11
1.113029196e-14
1.335652459e-10
2.445313417e-14
2.165847159e-10
4.2362728e-14
2.949072059e-10
6.438040677e-14
3.687293047e-10
9.001017002e-14
4.38240853e-10
1.187345152e-13
5.036251876e-10
1.500476712e-13
5.650591934e-10
1.834421932e-13
6.227135675e-10
2.184176965e-13
6.767528031e-10
2.545048468e-13
7.273355045e-10
2.912417913e-13
7.746145106e-10
3.28172269e-13
8.187369438e-10
3.648754853e-13
8.598444689e-10
4.00968767e-13
8.980734024e-10
4.360868285e-13
9.335548808e-10
4.699007276e-13
9.664150119e-10
5.020830197e-13
9.967750243e-10
5.323658154e-13
1.024751409e-09
5.604797923e-13
1.05045608e-09
5.862204722e-13
1.073996485e-09
6.093913323e-13
1.095475852e-09
6.298071494e-13
1.114993206e-09
6.473418707e-13
1.132643541e-09
6.618117725e-13
1.148518045e-09
6.731886818e-13
1.162704075e-09
6.813586133e-13
1.175285461e-09
6.862604766e-13
1.186342578e-09
6.878720142e-13
1.195952388e-09
6.860948157e-13
1.204188667e-09
6.809829129e-13
1.211122001e-09
6.725146933e-13
1.216820118e-09
6.606794051e-13
1.221347791e-09
6.455682059e-13
1.224766941e-09
6.27133128e-13
1.227136965e-09
6.05489248e-13
1.228514553e-09
5.806803921e-13
1.228954146e-09
5.527075598e-13
1.22850763e-09
5.217292135e-13
1.227224599e-09
4.876991445e-13
1.225152634e-09
4.507947711e-13
1.222337034e-09
4.110592316e-13
1.218821307e-09
3.685091303e-13
1.214646833e-09
3.233234978e-13
1.209853196e-09
2.754657643e-13
1.204478256e-09
2.251408887e-13
1.198558038e-09
1.723158287e-13
1.19212711e-09
1.171457357e-13
1.185218319e-09
5.97013176e-14
1.177863147e-09
1.170091511e-09
2.764669296e-15
4.56426513e-11
1.08221304e-14
1.335571884e-10
2.37761379e-14
2.165717619e-10
4.119075395e-14
2.948897913e-10
6.259639281e-14
3.68707899e-10
8.751072067e-14
4.382159386e-10
1.154388625e-13
5.035972594e-10
1.458831306e-13
5.650287491e-10
1.78355838e-13
6.226810948e-10
2.123765284e-13
6.767187824e-10
2.474813951e-13
7.273003997e-10
2.832031993e-13
7.745787888e-10
3.191106048e-13
8.187010364e-10
3.548124606e-13
8.59808767e-10
3.899196182e-13
8.980382953e-10
4.240919945e-13
9.335207084e-10
4.569773311e-13
9.663821265e-10
4.882945502e-13
9.967437071e-10
5.177457833e-13
1.024721958e-09
5.451157071e-13
1.05042871e-09
5.701467725e-13
1.073971454e-09
5.926975483e-13
1.095453301e-09
6.126024427e-13
1.114973301e-09
6.296431224e-13
1.1326265e-09
6.437743444e-13
1.148503913e-09
6.548501571e-13
1.162692999e-09
6.628319393e-13
1.175277479e-09
6.676360748e-13
1.186337774e-09
6.691956135e-13
1.195950828e-09
6.675311412e-13
1.204190331e-09
6.625415963e-13
1.211126991e-09
6.543181242e-13
1.216828342e-09
6.428660714e-13
1.221359243e-09
6.281592293e-13
1.224781648e-09
6.103007119e-13
1.227154823e-09
5.892124395e-13
1.228535641e-09
5.650749384e-13
1.228978283e-09
5.37939715e-13
1.228534766e-09
5.077764166e-13
1.227254763e-09
4.747508809e-13
1.225185659e-09
4.388029004e-13
1.222372982e-09
4.001277618e-13
1.218859982e-09
3.587543408e-13
1.214688206e-09
3.147415477e-13
1.209897209e-09
2.682518642e-13
1.204524746e-09
2.192167418e-13
1.198607074e-09
1.67846262e-13
1.19217848e-09
1.140837472e-13
1.185272081e-09
5.813945692e-14
1.177919091e-09
1.17014965e-09
2.690154544e-15
4.563996115e-11
1.053034517e-14
1.335493482e-10
2.313439251e-14
2.165591578e-10
4.007694163e-14
2.948728488e-10
6.090508229e-14
3.686870709e-10
8.514635524e-14
4.381916974e-10
1.123249281e-13
5.035700809e-10
1.41956893e-13
5.649991171e-10
1.735648938e-13
6.226494868e-10
2.066851739e-13
6.766856621e-10
2.408437295e-13
7.272662411e-10
2.756014994e-13
7.74544031e-10
3.105609585e-13
8.186660769e-10
3.453119682e-13
8.59774016e-10
3.795041248e-13
8.980041031e-10
4.127625425e-13
9.3348745e-10
4.447935065e-13
9.663500956e-10
4.752724262e-13
9.967132281e-10
5.039721314e-13
1.024693258e-09
5.306071047e-13
1.050402075e-09
5.550202056e-13
1.073947041e-09
5.769715804e-13
1.09543135e-09
5.963322447e-13
1.11495394e-09
6.129777722e-13
1.132609854e-09
6.267451516e-13
1.148490146e-09
6.375917481e-13
1.162682153e-09
6.45348648e-13
1.175269722e-09
6.500420769e-13
1.186333081e-09
6.516183369e-13
1.195949252e-09
6.499782715e-13
1.204191971e-09
6.451941907e-13
1.211131775e-09
6.371663885e-13
1.216836369e-09
6.260247346e-13
1.221370385e-09
6.117817925e-13
1.224795891e-09
5.943579585e-13
1.227172247e-09
5.739120132e-13
1.228556087e-09
5.503866369e-13
1.229001809e-09
5.239542848e-13
1.228561198e-09
4.946479408e-13
1.227284069e-09
4.624463039e-13
1.225217861e-09
4.275203205e-13
1.222407908e-09
3.89804524e-13
1.218897698e-09
3.495189221e-13
1.214728492e-09
3.066627963e-13
1.209940065e-09
2.613259985e-13
1.204570082e-09
2.136279291e-13
1.198654772e-09
1.635197744e-13
1.192228588e-09
1.112145021e-13
1.185324386e-09
5.663175411e-14
1.177973674e-09
1.170206282e-09
2.619903202e-15
4.563734124e-11
1.025545309e-14
1.335417127e-10
2.253034815e-14
2.165468829e-10
3.902962679e-14
2.948563495e-10
5.931891866e-14
3.686667816e-10
8.293563741e-14
4.381680806e-10
1.094134276e-13
5.035436031e-10
1.382814496e-13
5.649702491e-10
1.690800543e-13
6.226186882e-10
2.013369589e-13
6.766534052e-10
2.346036407e-13
7.272329744e-10
2.684798684e-13
7.745101548e-10
3.025379657e-13
8.186320188e-10
3.364181702e-13
8.597401358e-10
3.697253133e-13
8.97970796e-10
4.021535954e-13
9.334550217e-10
4.333537186e-13
9.663188955e-10
4.630862774e-13
9.966834956e-10
4.910393245e-13
1.024665305e-09
5.170394664e-13
1.050376075e-09
5.408240278e-13
1.073923257e-09
5.622542831e-13
1.09540992e-09
5.811114681e-13
1.114935083e-09
5.973404329e-13
1.132593625e-09
6.108317327e-13
1.148476655e-09
6.21384637e-13
1.1626716e-09
6.290153175e-13
1.175262092e-09
6.335712195e-13
1.186328525e-09
6.350991309e-13
1.195947724e-09
6.335710621e-13
1.2041935e-09
6.288843839e-13
1.211136461e-09
6.211498943e-13
1.216844104e-09
6.102733271e-13
1.221381262e-09
5.963689059e-13
1.224809795e-09
5.79455615e-13
1.227189161e-09
5.595035906e-13
1.228576039e-09
5.366700788e-13
1.229024642e-09
5.108723274e-13
1.228586996e-09
4.822942615e-13
1.227312647e-09
4.509487981e-13
1.225249206e-09
4.168530634e-13
1.222442004e-09
3.80179099e-13
1.218934372e-09
3.408606152e-13
1.21476781e-09
2.991146858e-13
1.209981811e-09
2.548834452e-13
1.204614314e-09
2.083303076e-13
1.198701325e-09
1.595075169e-13
1.192277411e-09
1.084383603e-13
1.185375456e-09
5.5295342e-14
1.178026817e-09
1.170261577e-09
2.554920708e-15
4.563478632e-11
1.00008531e-14
1.335342667e-10
2.197136195e-14
2.165349124e-10
3.806331887e-14
2.948402575e-10
5.784849613e-14
3.686469964e-10
8.087865712e-14
4.381450505e-10
1.067093753e-13
5.035177723e-10
1.348646784e-13
5.649420938e-10
1.64889571e-13
6.225886633e-10
1.963583314e-13
6.766219365e-10
2.288178261e-13
7.272005149e-10
2.618535228e-13
7.744771191e-10
2.950965177e-13
8.185987758e-10
3.281337475e-13
8.597070986e-10
3.606479089e-13
8.979382818e-10
3.92267093e-13
9.334234025e-10
4.227393945e-13
9.662884232e-10
4.517280717e-13
9.966545069e-10
4.790436847e-13
1.024637989e-09
5.044014593e-13
1.050350717e-09
5.276526899e-13
1.073900005e-09
5.485384483e-13
1.095389034e-09
5.670009454e-13
1.11491662e-09
5.828459579e-13
1.13257778e-09
5.9598741e-13
1.148463513e-09
6.063569117e-13
1.16266123e-09
6.137820586e-13
1.175254667e-09
6.183007447e-13
1.186324006e-09
6.197638394e-13
1.195946261e-09
6.182554703e-13
1.204195008e-09
6.137572755e-13
1.21114096e-09
6.061908362e-13
1.21685167e-09
5.956614066e-13
1.221391791e-09
5.820498829e-13
1.224823407e-09
5.655372782e-13
1.227205673e-09
5.461366993e-13
1.22859544e-09
5.238191719e-13
1.22904696e-09
4.987380235e-13
1.228612077e-09
4.707992331e-13
1.227340586e-09
4.402059789e-13
1.225279799e-09
4.069477691e-13
1.222475262e-09
3.711073533e-13
1.218970212e-09
3.328326735e-13
1.214806085e-09
2.920283015e-13
1.210022616e-09
2.489175184e-13
1.204657424e-09
2.034187614e-13
1.198746823e-09
1.557574381e-13
1.192325072e-09
1.058924541e-13
1.185425321e-09
5.395937945e-14
1.17807875e-09
1.170315537e-09
2.494636127e-15
4.563229169e-11
9.765412059e-15
1.33526996e-10
2.145453888e-14
2.165232233e-10
3.716781289e-14
2.948245443e-10
5.64971384e-14
3.686276671e-10
7.899326169e-14
4.381225544e-10
1.042113696e-13
5.034925542e-10
1.316987097e-13
5.649146065e-10
1.610372309e-13
6.225593248e-10
1.917680751e-13
6.765912056e-10
2.234668772e-13
7.271688161e-10
2.557593431e-13
7.744448266e-10
2.882181777e-13
8.18566317e-10
3.205154564e-13
8.596748013e-10
3.522588743e-13
8.979065384e-10
3.831842267e-13
9.333924772e-10
4.12930537e-13
9.662586768e-10
4.412944553e-13
9.96626143e-10
4.67968089e-13
1.024611316e-09
4.927937102e-13
1.050325892e-09
5.154814969e-13
1.073877318e-09
5.359547693e-13
1.095368561e-09
5.539863378e-13
1.114898589e-09
5.69515155e-13
1.132562252e-09
5.82347812e-13
1.148450681e-09
5.924570606e-13
1.162651121e-09
5.997900717e-13
1.175247334e-09
6.041725589e-13
1.186319624e-09
6.056825063e-13
1.195944751e-09
6.041735507e-13
1.204196517e-09
5.997699646e-13
1.211145363e-09
5.924460073e-13
1.216858994e-09
5.821086014e-13
1.221402129e-09
5.68902078e-13
1.224836613e-09
5.527303663e-13
1.227221845e-09
5.337689877e-13
1.228614401e-09
5.120034604e-13
1.229068725e-09
4.87441959e-13
1.228636638e-09
4.602317502e-13
1.227367796e-09
4.302754706e-13
1.225309756e-09
3.978021275e-13
1.222507735e-09
3.627661249e-13
1.219005248e-09
3.253045719e-13
1.214843547e-09
2.85477662e-13
1.210062443e-09
2.43281189e-13
1.204699621e-09
1.989088411e-13
1.198791196e-09
1.522563207e-13
1.192371725e-09
1.035704785e-13
1.185474006e-09
5.274186039e-14
1.178129579e-09
1.170368278e-09
2.441010257e-15
4.562985068e-11
9.554597963e-15
1.335198824e-10
2.099034927e-14
2.165117875e-10
3.636258578e-14
2.94809172e-10
5.526149459e-14
3.686087682e-10
7.725658966e-14
4.381005593e-10
1.019308624e-13
5.0346788e-10
1.288318627e-13
5.648877055e-10
1.575244611e-13
6.225306322e-10
1.875868461e-13
6.765611432e-10
2.186205625e-13
7.271377824e-10
2.501983974e-13
7.744132488e-10
2.819825134e-13
8.185345329e-10
3.135628913e-13
8.596432209e-10
3.446562617e-13
8.97875445e-10
3.748941453e-13
9.333622393e-10
4.040231307e-13
9.662295479e-10
4.317663915e-13
9.965983997e-10
4.579080299e-13
1.024585174e-09
4.821694119e-13
1.05030163e-09
5.044357128e-13
1.073855051e-09
5.244614017e-13
1.095348535e-09
5.42179391e-13
1.114880871e-09
5.573454156e-13
1.132547086e-09
5.699607878e-13
1.148438065e-09
5.798384222e-13
1.162641243e-09
5.869790479e-13
1.175240193e-09
5.913455382e-13
1.186315257e-09
5.927831401e-13
1.195943313e-09
5.913987561e-13
1.204197901e-09
5.870545354e-13
1.211149707e-09
5.79862366e-13
1.216866186e-09
5.69789448e-13
1.221412201e-09
5.568230713e-13
1.22484958e-09
5.41094993e-13
1.227237573e-09
5.224873966e-13
1.228633009e-09
5.011894568e-13
1.229090023e-09
4.771571349e-13
1.228660671e-09
4.504622222e-13
1.227394491e-09
4.212393455e-13
1.225338979e-09
3.89397792e-13
1.222539577e-09
3.551677097e-13
1.219039478e-09
3.18438976e-13
1.214880275e-09
2.794393796e-13
1.210101442e-09
2.38147089e-13
1.204740913e-09
1.946504254e-13
1.198834693e-09
1.490524835e-13
1.192417323e-09
1.013354095e-13
1.185521723e-09
5.16866116e-14
1.178179227e-09
1.170419965e-09
2.391077095e-15
4.56274596e-11
9.360139084e-15
1.335129133e-10
2.05635054e-14
2.165005842e-10
3.562164676e-14
2.947941139e-10
5.414483996e-14
3.68590245e-10
7.571029939e-14
4.380789938e-10
9.988521483e-14
5.034437051e-10
1.262398391e-13
5.648613509e-10
1.543821313e-13
6.225024899e-10
1.838564151e-13
6.765316689e-10
2.142568677e-13
7.27107382e-10
2.452368846e-13
7.743822688e-10
2.763723758e-13
8.185033974e-10
3.073534804e-13
8.596122398e-10
3.37821186e-13
8.978449773e-10
3.674595103e-13
9.33332601e-10
3.960350139e-13
9.662009724e-10
4.232325321e-13
9.965712022e-10
4.488551112e-13
1.024559551e-09
4.726557506e-13
1.05027783e-09
4.944787283e-13
1.073833228e-09
5.141806447e-13
1.095328833e-09
5.315181364e-13
1.114863533e-09
5.46465806e-13
1.132532138e-09
5.587999222e-13
1.148425731e-09
5.685449773e-13
1.162631498e-09
5.755126767e-13
1.175233225e-09
5.797594591e-13
1.186311011e-09
5.812320742e-13
1.195941841e-09
5.798380911e-13
1.204199295e-09
5.756654718e-13
1.21115388e-09
5.685533098e-13
1.216873299e-09
5.586788934e-13
1.221422076e-09
5.459951872e-13
1.224862264e-09
5.305214249e-13
1.227253047e-09
5.123742713e-13
1.228651156e-09
4.91426704e-13
1.229110971e-09
4.678895273e-13
1.228684208e-09
4.416863169e-13
1.227420694e-09
4.129777153e-13
1.225367687e-09
3.818190504e-13
1.222570736e-09
3.481912451e-13
1.219073106e-09
3.12278761e-13
1.214916188e-09
2.739774265e-13
1.210139744e-09
2.335306671e-13
1.20478136e-09
1.908411277e-13
1.198877382e-09
1.461281484e-13
1.192462036e-09
9.935284678e-14
1.185568499e-09
5.06251303e-14
1.178227955e-09
1.17047059e-09
2.347809449e-15
4.562511179e-11
9.19264488e-15
1.335060685e-10
2.019671319e-14
2.164895801e-10
3.498932778e-14
2.947793213e-10
5.317632154e-14
3.68572058e-10
7.43481528e-14
4.38057822e-10
9.807982915e-14
5.034199734e-10
1.239856809e-13
5.64835445e-10
1.516121539e-13
6.224748635e-10
1.805455936e-13
6.765027355e-10
2.104340815e-13
7.270774935e-10
2.408431031e-13
7.743518597e-10
2.714442589e-13
8.184727962e-10
3.018743237e-13
8.595818098e-10
3.317793189e-13
8.978150723e-10
3.609382117e-13
9.333034421e-10
3.889894614e-13
9.661729211e-10
4.157485426e-13
9.965444431e-10
4.408886859e-13
1.024534411e-09
4.643148958e-13
1.050254403e-09
4.857510495e-13
1.073811792e-09
5.050895033e-13
1.095309494e-09
5.22155923e-13
1.114846467e-09
5.368043098e-13
1.13251749e-09
5.490017921e-13
1.148413534e-09
5.585270809e-13
1.162621973e-09
5.654461161e-13
1.175226306e-09
5.695663386e-13
1.18630689e-09
5.710019263e-13
1.195940405e-09
5.696709644e-13
1.204200626e-09
5.655044962e-13
1.211158046e-09
5.586089374e-13
1.216880194e-09
5.488515601e-13
1.221431833e-09
5.364093075e-13
1.224874706e-09
5.211973006e-13
1.227268259e-09
5.033001334e-13
1.228669053e-09
4.827948057e-13
1.229131476e-09
4.595949675e-13
1.228707408e-09
4.339173904e-13
1.227446372e-09
4.056488297e-13
1.225395956e-09
3.750240351e-13
1.22260136e-09
3.419911875e-13
1.219106139e-09
3.066451487e-13
1.214951534e-09
2.690922439e-13
1.210177296e-09
2.292906733e-13
1.204821161e-09
1.874615076e-13
1.198919211e-09
1.43479861e-13
1.192506017e-09
9.759466537e-14
1.185614384e-09
4.968129397e-14
1.178275868e-09
1.170520272e-09
2.310891151e-15
4.56228009e-11
9.045834195e-15
1.334993335e-10
1.987415776e-14
2.164787518e-10
3.443073644e-14
2.947647647e-10
5.232360719e-14
3.685541651e-10
7.317897018e-14
4.380369666e-10
9.655551294e-14
5.033965968e-10
1.220419716e-13
5.648099585e-10
1.49222023e-13
6.224476834e-10
1.777308452e-13
6.764742267e-10
2.071316329e-13
7.270480927e-10
2.370847091e-13
7.743219067e-10
2.672094892e-13
8.184426715e-10
2.971381904e-13
8.595518811e-10
3.266320329e-13
8.977855785e-10
3.553120375e-13
9.332747621e-10
3.829793262e-13
9.661452538e-10
4.092822762e-13
9.965181402e-10
4.34104049e-13
1.024509589e-09
4.571415747e-13
1.050231366e-09
4.78302219e-13
1.073790631e-09
4.972986385e-13
1.095290498e-09
5.141127512e-13
1.114829653e-09
5.285344111e-13
1.132503068e-09
5.404923181e-13
1.148401576e-09
5.499370222e-13
1.162612528e-09
5.566896313e-13
1.175219554e-09
5.608345741e-13
1.186302745e-09
5.621923509e-13
1.195939047e-09
5.60869986e-13
1.204201949e-09
5.567610402e-13
1.211162155e-09
5.499077517e-13
1.216887047e-09
5.403934827e-13
1.221441348e-09
5.280700924e-13
1.224887029e-09
5.131305164e-13
1.227283198e-09
4.954498669e-13
1.228686734e-09
4.752018164e-13
1.229151724e-09
4.523895789e-13
1.22873022e-09
4.270339134e-13
1.227471727e-09
3.993090559e-13
1.225423681e-09
3.690798949e-13
1.22263159e-09
3.365927849e-13
1.219138626e-09
3.017501221e-13
1.214986377e-09
2.64759799e-13
1.210214287e-09
2.256005951e-13
1.204860321e-09
1.843740704e-13
1.198960438e-09
1.411559498e-13
1.192549236e-09
9.59469549e-14
1.185659593e-09
4.891488367e-14
1.1783229e-09
1.170569186e-09
2.279011566e-15
4.562052189e-11
8.92079576e-15
1.334926917e-10
1.960640647e-14
2.164680662e-10
3.397891605e-14
2.947503922e-10
5.164691214e-14
3.685364971e-10
7.221320589e-14
4.380164003e-10
9.526708629e-14
5.03373543e-10
1.204284458e-13
5.647847972e-10
1.472676497e-13
6.224208442e-10
1.753779293e-13
6.764461164e-10
2.044147046e-13
7.270190559e-10
2.339691519e-13
7.742923522e-10
2.636676888e-13
8.184129729e-10
2.932544458e-13
8.595222943e-10
3.223324961e-13
8.977565004e-10
3.506881637e-13
9.332464064e-10
3.779443899e-13
9.661179976e-10
4.039653286e-13
9.964921192e-10
4.284281265e-13
1.024485127e-09
4.512319399e-13
1.050208562e-09
4.720604509e-13
1.073769803e-09
4.908804865e-13
1.095271678e-09
5.074190572e-13
1.114813114e-09
5.216817045e-13
1.132488805e-09
5.334398989e-13
1.148389817e-09
5.427183732e-13
1.16260325e-09
5.494131839e-13
1.175212859e-09
5.534443811e-13
1.186298714e-09
5.548669982e-13
1.195937625e-09
5.534770061e-13
1.204203339e-09
5.494448534e-13
1.211166188e-09
5.426451639e-13
1.216893847e-09
5.331830889e-13
1.22145081e-09
5.21067197e-13
1.224899145e-09
5.062350341e-13
1.227298031e-09
4.888551928e-13
1.228704113e-09
4.687831276e-13
1.229171796e-09
4.462632956e-13
1.22875274e-09
4.212266894e-13
1.227496764e-09
3.937895006e-13
1.225451118e-09
3.640127201e-13
1.222661366e-09
3.318810386e-13
1.219170758e-09
2.976009816e-13
1.215020657e-09
2.610354472e-13
1.210250852e-09
2.224602799e-13
1.204898896e-09
1.817470064e-13
1.199001151e-09
1.391356681e-13
1.192591847e-09
9.455623351e-14
1.185704172e-09
4.817991559e-14
1.178369277e-09
1.170617366e-09
2.256823139e-15
4.561826506e-11
8.8332806e-15
1.334861153e-10
1.940653122e-14
2.164574929e-10
3.362118985e-14
2.947361775e-10
5.109669365e-14
3.685190216e-10
7.14379661e-14
4.37996059e-10
9.427197823e-14
5.033507089e-10
1.191589073e-13
5.647599103e-10
1.456966723e-13
6.223943064e-10
1.735474485e-13
6.764182656e-10
2.022661221e-13
7.269903373e-10
2.314805844e-13
7.742631378e-10
2.609182374e-13
8.183835353e-10
2.901645814e-13
8.59493048e-10
3.189933035e-13
8.977276717e-10
3.470041311e-13
9.332183956e-10
3.740093024e-13
9.660909924e-10
3.997276377e-13
9.964664009e-10
4.239746951e-13
1.02446088e-09
4.464848459e-13
1.050186052e-09
4.671467068e-13
1.073749141e-09
4.857085964e-13
1.095253116e-09
5.021438115e-13
1.114796679e-09
5.161832634e-13
1.132474766e-09
5.278753334e-13
1.148378125e-09
5.369806871e-13
1.162594144e-09
5.435973706e-13
1.175206242e-09
5.475733833e-13
1.186294738e-09
5.488902312e-13
1.195936308e-09
5.47572985e-13
1.204204656e-09
5.434987499e-13
1.211170262e-09
5.368225606e-13
1.216900523e-09
5.273712986e-13
1.221460261e-09
5.153398006e-13
1.224911177e-09
5.006532974e-13
1.227312717e-09
4.833580383e-13
1.228721409e-09
4.635724166e-13
1.229191582e-09
4.412014044e-13
1.228775111e-09
4.164753302e-13
1.22752149e-09
3.892501525e-13
1.225478343e-09
3.59768834e-13
1.222690848e-09
3.279815096e-13
1.219202545e-09
2.939990467e-13
1.215054639e-09
2.578985338e-13
1.210286953e-09
2.196865075e-13
1.204937108e-09
1.795313757e-13
1.199041306e-09
1.373467657e-13
1.192634032e-09
9.33870437e-14
1.185748132e-09
4.75152613e-14
1.178415149e-09
1.170664882e-09
2.23824421e-15
4.561602682e-11
8.761953209e-15
1.334795916e-10
1.924867344e-14
2.164470062e-10
3.335052041e-14
2.947220757e-10
5.070626275e-14
3.685016659e-10
7.090326731e-14
4.37975862e-10
9.354450302e-14
5.033280677e-10
1.182212746e-13
5.647352335e-10
1.445924625e-13
6.223679352e-10
1.722048922e-13
6.763906532e-10
2.006758012e-13
7.269618663e-10
2.29717906e-13
7.742340956e-10
2.589023539e-13
8.183543508e-10
2.879609537e-13
8.594639894e-10
3.165274987e-13
8.976991051e-10
3.443209678e-13
9.331906021e-10
3.711272158e-13
9.660641862e-10
3.966389398e-13
9.964408892e-10
4.206947386e-13
1.024436824e-09
4.430145865e-13
1.050163732e-09
4.634895149e-13
1.073728666e-09
4.819130992e-13
1.095234693e-09
4.981525063e-13
1.11478044e-09
5.121251718e-13
1.132460793e-09
5.236432896e-13
1.148366607e-09
5.327542702e-13
1.162585033e-09
5.392365163e-13
1.17519976e-09
5.431906816e-13
1.186290784e-09
5.444191019e-13
1.195935079e-09
5.430463768e-13
1.204206029e-09
5.390154834e-13
1.211174293e-09
5.322907094e-13
1.216907248e-09
5.229928099e-13
1.221469559e-09
5.109457497e-13
1.224923224e-09
4.963708841e-13
1.227327292e-09
4.791445387e-13
1.228738635e-09
4.594427077e-13
1.229211283e-09
4.372723616e-13
1.228797281e-09
4.126499937e-13
1.227546112e-09
3.857282737e-13
1.225505265e-09
3.564043148e-13
1.222720172e-09
3.249319567e-13
1.219234018e-09
2.911698881e-13
1.215088401e-09
2.553936709e-13
1.210322729e-09
2.175156391e-13
1.204974986e-09
1.776982461e-13
1.199081124e-09
1.359554105e-13
1.192675774e-09
9.238239136e-14
1.185791705e-09
4.705377418e-14
1.178460477e-09
1.170711935e-09
2.229073475e-15
4.561379775e-11
8.724878471e-15
1.334730958e-10
1.916757577e-14
2.164365635e-10
3.320553982e-14
2.947080377e-10
5.046446786e-14
3.68484407e-10
7.055245002e-14
4.379557741e-10
9.308402066e-14
5.033055361e-10
1.176740553e-13
5.647106435e-10
1.438930777e-13
6.223417162e-10
1.713445487e-13
6.763632017e-10
1.997277162e-13
7.269334832e-10
2.286009918e-13
7.742052224e-10
2.576621854e-13
8.183252896e-10
2.865629722e-13
8.594350886e-10
3.149467549e-13
8.976707214e-10
3.426459256e-13
9.331629029e-10
3.692802913e-13
9.660375518e-10
3.947124589e-13
9.96415457e-10
4.185858348e-13
1.02441295e-09
4.408366076e-13
1.050141481e-09
4.61141088e-13
1.073708362e-09
4.794804007e-13
1.095216353e-09
4.95577969e-13
1.114764342e-09
5.094371936e-13
1.132446934e-09
5.208839368e-13
1.148355161e-09
5.298658006e-13
1.162576052e-09
5.363561427e-13
1.175193269e-09
5.401761332e-13
1.186286964e-09
5.414489043e-13
1.195933807e-09
5.399792659e-13
1.204207498e-09
5.359412889e-13
1.211178331e-09
5.292013735e-13
1.216913988e-09
5.198380878e-13
1.221478922e-09
5.078774444e-13
1.224935184e-09
4.932593256e-13
1.22734191e-09
4.761758588e-13
1.228755718e-09
4.564737744e-13
1.229230986e-09
4.344094495e-13
1.228819346e-09
4.098723726e-13
1.22757065e-09
3.830247501e-13
1.225532112e-09
3.538947842e-13
1.222749302e-09
3.225182274e-13
1.219265394e-09
2.890488666e-13
1.215121871e-09
2.534214728e-13
1.210358356e-09
2.158762612e-13
1.205012531e-09
1.762654993e-13
1.199120734e-09
1.348859436e-13
1.192717154e-09
9.159870295e-14
1.185834992e-09
4.667515534e-14
1.178505401e-09
1.170758611e-09
2.223944603e-15
4.56115738e-11
8.705392847e-15
1.334666143e-10
1.912546005e-14
2.164261434e-10
3.313175561e-14
2.946940314e-10
5.034981372e-14
3.684671889e-10
7.042457895e-14
4.379356993e-10
9.292056763e-14
5.032830401e-10
1.174404465e-13
5.646861236e-10
1.435937964e-13
6.223155629e-10
1.710353015e-13
6.763357602e-10
1.993305871e-13
7.269051879e-10
2.281500034e-13
7.74176403e-10
2.571460961e-13
8.182962935e-10
2.859331287e-13
8.594063015e-10
3.143166411e-13
8.976423379e-10
3.419005078e-13
9.331353191e-10
3.685318405e-13
9.660109205e-10
3.9382509e-13
9.963901638e-10
4.176995543e-13
1.024389076e-09
4.398087501e-13
1.050119372e-09
4.601191502e-13
1.073688051e-09
4.783129768e-13
1.095198159e-09
4.944138583e-13
1.114748241e-09
5.081348004e-13
1.132433213e-09
5.195523143e-13
1.148343743e-09
5.284338631e-13
1.16256717e-09
5.348263673e-13
1.175186877e-09
5.386097977e-13
1.186283181e-09
5.397652031e-13
1.195932651e-09
5.383447275e-13
1.204208919e-09
5.341926842e-13
1.211182483e-09
5.274810961e-13
1.2169207e-09
5.180198948e-13
1.221488383e-09
5.060224413e-13
1.224947182e-09
4.914033302e-13
1.227356529e-09
4.742498253e-13
1.228772872e-09
4.546453251e-13
1.22925059e-09
4.325282808e-13
1.228841463e-09
4.081116053e-13
1.227595066e-09
3.812464779e-13
1.225558977e-09
3.522127204e-13
1.222778335e-09
3.208983165e-13
1.219296709e-09
2.875152719e-13
1.215155254e-09
2.520410142e-13
1.210393831e-09
2.145814313e-13
1.205049991e-09
1.752143232e-13
1.199160101e-09
1.339799189e-13
1.192758388e-09
9.101419097e-14
1.185877958e-09
4.629497619e-14
1.17855012e-09
1.170804905e-09
2.224340649e-15
8.708555988e-15
1.91385188e-14
3.317165832e-14
5.041905321e-14
7.049241194e-14
9.298975451e-14
1.175374563e-13
1.437389756e-13
1.711734229e-13
1.994922685e-13
2.283357929e-13
2.572987565e-13
2.861630411e-13
3.145140062e-13
3.421447949e-13
3.687207281e-13
3.940311184e-13
4.17842397e-13
4.399585546e-13
4.601841873e-13
4.783918612e-13
4.943879503e-13
5.081485359e-13
5.194527343e-13
5.28366365e-13
5.346231641e-13
5.383783273e-13
5.394450139e-13
5.379219015e-13
5.337454163e-13
5.268924708e-13
5.174696927e-13
5.053309881e-13
4.907100715e-13
4.734558905e-13
4.537924593e-13
1.229270253e-09
4.316528225e-13
1.228863602e-09
4.071387428e-13
1.22761958e-09
3.803359962e-13
1.22558578e-09
3.512257079e-13
1.222807446e-09
3.20018802e-13
1.219327915e-09
2.865977991e-13
1.215188675e-09
2.512377983e-13
1.210429191e-09
2.137876207e-13
1.205087441e-09
1.74552732e-13
1.199199336e-09
1.33419204e-13
1.192799522e-09
9.061587657e-14
1.185920761e-09
4.608077845e-14
1.178594655e-09
1.170850986e-09
4.538332385e-13
4.316622005e-13
4.070060047e-13
3.801303467e-13
3.509548503e-13
3.196483812e-13
2.862344634e-13
2.507825248e-13
2.13415168e-13
1.741382587e-13
1.331324538e-13
9.034255097e-14
4.599340649e-14
)
;

boundaryField
{
    front_top
    {
        type            wedge;
        value           nonuniform List<scalar> 
1166
(
-4.440395294e-25
9.893852028e-26
3.186150852e-25
-5.175217438e-25
-4.966321896e-25
-1.984411232e-25
-2.006283453e-25
-2.335581757e-25
-1.681918974e-25
-4.356401558e-25
-4.574169472e-25
1.304150248e-25
8.688482413e-26
-3.027572228e-25
4.048225321e-25
-1.072007561e-25
-1.066508623e-24
-9.055053981e-26
-1.497862792e-25
-3.386808314e-25
7.745687102e-26
-2.396912621e-25
9.996888331e-26
6.190308279e-25
-1.587512149e-24
-1.331374133e-24
-1.357373102e-24
-1.647021368e-24
-1.528567053e-24
-1.364318908e-24
-1.358530108e-24
-1.434196247e-24
-1.2021979e-24
-1.201148111e-24
-1.270205973e-24
-1.099798424e-24
-1.222799864e-24
-1.57380935e-24
-1.022851191e-24
-8.954992719e-25
-1.228487975e-24
-7.697968993e-25
-1.02250544e-24
-1.547534877e-24
-1.21761268e-24
-4.70248067e-25
-3.631473372e-25
-6.485796592e-25
4.135794899e-24
3.713604123e-24
3.59757892e-24
3.640415022e-24
3.552241758e-24
3.380040279e-24
3.048580282e-24
3.344483092e-24
3.398053429e-24
3.092740894e-24
2.853159278e-24
2.549787547e-24
2.476001167e-24
2.584603506e-24
2.434758382e-24
2.784978573e-24
3.195795821e-24
2.613818382e-24
2.19368843e-24
2.483127939e-24
2.970438878e-24
2.879407446e-24
2.519730514e-24
-3.420187219e-24
-3.910423894e-24
-3.512556036e-24
-3.144587022e-24
-3.105535934e-24
-3.09888984e-24
-3.104657248e-24
-2.691251734e-24
-2.675446242e-24
-2.636197666e-24
-2.911347505e-24
-3.188071282e-24
-2.873808556e-24
-2.816167869e-24
-2.445171367e-24
-2.081127986e-24
-2.05112354e-24
-2.290435936e-24
-2.723049618e-24
-2.260107687e-24
-1.705526758e-24
-2.005681011e-24
-2.189936477e-24
4.881140327e-24
4.377046214e-24
4.696963962e-24
4.709854578e-24
4.42154381e-24
4.185506395e-24
4.003471359e-24
4.039788013e-24
3.91853818e-24
3.918591156e-24
3.604732714e-24
3.022696411e-24
2.902442955e-24
3.179637369e-24
3.486061382e-24
3.491476785e-24
3.430847257e-24
3.256450975e-24
3.025757961e-24
3.173864219e-24
3.401100477e-24
3.280315753e-24
3.148128009e-24
1.525583556e-24
1.364655514e-24
1.509763013e-24
1.538901811e-24
1.418198011e-24
1.249823704e-24
1.15251687e-24
1.192627082e-24
1.149203758e-24
1.168342008e-24
1.034854071e-24
7.261572169e-25
6.58703963e-25
8.62755043e-25
1.085084964e-24
1.1468919e-24
1.142263916e-24
1.07789654e-24
9.521853908e-25
9.99861232e-25
1.138277592e-24
1.065116452e-24
8.973652372e-25
-3.868170891e-24
-3.718217232e-24
-3.560700678e-24
-3.433459502e-24
-3.36274031e-24
-3.426399662e-24
-3.399832788e-24
-3.261131792e-24
-3.204407775e-24
-3.083480596e-24
-3.005800099e-24
-3.110844991e-24
-3.106521192e-24
-2.881892256e-24
-2.649700606e-24
-2.522385389e-24
-2.45220397e-24
-2.409422242e-24
-2.488419516e-24
-2.479611438e-24
-2.327119777e-24
-2.396691758e-24
-2.692174903e-24
-3.46076764e-23
-3.354177382e-23
-3.244733865e-23
-3.149433024e-23
-3.055109247e-23
-2.987383492e-23
-2.909685932e-23
-2.823337281e-23
-2.75271629e-23
-2.675084938e-23
-2.595327907e-23
-2.545009387e-23
-2.495980338e-23
-2.427363442e-23
-2.364635688e-23
-2.314957633e-23
-2.274597452e-23
-2.236830711e-23
-2.226676776e-23
-2.216910626e-23
-2.184017605e-23
-2.187646156e-23
-2.211818874e-23
4.990586001e-23
4.855420422e-23
4.717439288e-23
4.571909769e-23
4.429905719e-23
4.2948434e-23
4.163893355e-23
4.038567501e-23
3.912058136e-23
3.811278065e-23
3.73739578e-23
3.631193171e-23
3.528674556e-23
3.468666251e-23
3.411806941e-23
3.3563578e-23
3.307115302e-23
3.266719179e-23
3.225125268e-23
3.197101161e-23
3.192266994e-23
3.188690577e-23
3.178548325e-23
-1.086991578e-24
-8.454651686e-25
-7.34025746e-25
-8.006367961e-25
-8.176628261e-25
-7.99051864e-25
-8.341705278e-25
-9.819864224e-25
-1.09953921e-24
-1.022280567e-24
-8.731913897e-25
-9.307004345e-25
-9.802110088e-25
-8.173163974e-25
-6.854661265e-25
-6.321237685e-25
-5.977161682e-25
-5.728782119e-25
-6.011962938e-25
-6.039124789e-25
-5.429277695e-25
-5.318044434e-25
-6.016621499e-25
-3.157247089e-23
-3.047554219e-23
-2.945727525e-23
-2.863814564e-23
-2.781137291e-23
-2.694785704e-23
-2.619929834e-23
-2.574612759e-23
-2.521315171e-23
-2.446239886e-23
-2.377668358e-23
-2.323980107e-23
-2.271214541e-23
-2.20629241e-23
-2.150772128e-23
-2.110624074e-23
-2.076089998e-23
-2.047811621e-23
-2.027789967e-23
-2.011479134e-23
-1.998154648e-23
-1.994279173e-23
-2.000215904e-23
1.832080967e-23
1.791398923e-23
1.752638064e-23
1.695767779e-23
1.645682075e-23
1.601714596e-23
1.551704362e-23
1.486335872e-23
1.429024435e-23
1.389622333e-23
1.35430402e-23
1.316520483e-23
1.287360138e-23
1.279257266e-23
1.266574049e-23
1.241586371e-23
1.222697792e-23
1.206936599e-23
1.192978758e-23
1.185227462e-23
1.181871894e-23
1.178022633e-23
1.175466768e-23
-7.218102361e-24
-6.982564573e-24
-6.581699767e-24
-6.312145139e-24
-6.177627911e-24
-5.949944379e-24
-5.809450504e-24
-5.830593049e-24
-5.842602159e-24
-5.753890885e-24
-5.632302013e-24
-5.548543723e-24
-5.31867282e-24
-5.00530218e-24
-4.836850212e-24
-4.75331866e-24
-4.675895712e-24
-4.611889783e-24
-4.582653692e-24
-4.515177571e-24
-4.459859375e-24
-4.479549093e-24
-4.496138707e-24
-4.923825512e-23
-4.779345822e-23
-4.61790059e-23
-4.469594502e-23
-4.342849676e-23
-4.215303242e-23
-4.096477312e-23
-3.991332835e-23
-3.893423582e-23
-3.800672484e-23
-3.714011716e-23
-3.625102282e-23
-3.529411143e-23
-3.437305357e-23
-3.360757714e-23
-3.300310541e-23
-3.248485938e-23
-3.205272008e-23
-3.16905609e-23
-3.145289941e-23
-3.131102899e-23
-3.122861752e-23
-3.124177892e-23
1.312133439e-23
1.272832825e-23
1.251494943e-23
1.224874915e-23
1.18803282e-23
1.152128581e-23
1.118168515e-23
1.083063427e-23
1.038727942e-23
9.961298934e-24
9.640000486e-24
9.388867614e-24
9.241750139e-24
9.179303308e-24
9.094388745e-24
8.930036577e-24
8.790926859e-24
8.675427403e-24
8.578824213e-24
8.538194548e-24
8.511162985e-24
8.475895339e-24
8.495980249e-24
9.608098136e-23
9.324125395e-23
9.063424108e-23
8.805268472e-23
8.5484009e-23
8.296312074e-23
8.059045769e-23
7.830200499e-23
7.60196438e-23
7.386090802e-23
7.189194403e-23
7.011310632e-23
6.851838806e-23
6.716975285e-23
6.595953328e-23
6.476125866e-23
6.375105535e-23
6.291101894e-23
6.220560168e-23
6.178867218e-23
6.152913632e-23
6.13365086e-23
6.139813484e-23
9.099979808e-24
8.772950385e-24
8.687104624e-24
8.523994391e-24
8.263894656e-24
8.009283609e-24
7.808975448e-24
7.595959829e-24
7.261962684e-24
6.946549713e-24
6.6949652e-24
6.517784682e-24
6.40670908e-24
6.356827087e-24
6.341471143e-24
6.221054383e-24
6.127370265e-24
6.050140613e-24
5.935183773e-24
5.959505763e-24
5.97647796e-24
5.926932528e-24
5.957281771e-24
-1.530385158e-23
-1.493945899e-23
-1.432179964e-23
-1.380824968e-23
-1.344820644e-23
-1.305639598e-23
-1.262522914e-23
-1.22739625e-23
-1.202787435e-23
-1.177941594e-23
-1.160073152e-23
-1.133012906e-23
-1.102209132e-23
-1.073770888e-23
-1.039830538e-23
-1.022429417e-23
-1.006000205e-23
-9.910366149e-24
-9.851581936e-24
-9.725065543e-24
-9.665924272e-24
-9.63947164e-24
-9.605693234e-24
-1.560178344e-22
-1.514566151e-22
-1.468414204e-22
-1.424547126e-22
-1.383325216e-22
-1.342998265e-22
-1.303622574e-22
-1.267079417e-22
-1.233007203e-22
-1.200810122e-22
-1.171051603e-22
-1.142428538e-22
-1.115985517e-22
-1.091541319e-22
-1.069037459e-22
-1.04993066e-22
-1.033603563e-22
-1.020124268e-22
-1.009574569e-22
-1.001181018e-22
-9.958899468e-23
-9.937204361e-23
-9.939325874e-23
8.233620955e-23
7.985594567e-23
7.759898474e-23
7.532901203e-23
7.303822016e-23
7.098358342e-23
6.906051856e-23
6.706270804e-23
6.520835376e-23
6.342892231e-23
6.166648078e-23
6.018389571e-23
5.883187151e-23
5.757329141e-23
5.648866101e-23
5.552534422e-23
5.465653059e-23
5.393615468e-23
5.336196504e-23
5.295784786e-23
5.272501553e-23
5.258587861e-23
5.259265767e-23
-2.453856747e-23
-2.387248977e-23
-2.306043173e-23
-2.238943241e-23
-2.18277655e-23
-2.1109972e-23
-2.040177567e-23
-1.988007339e-23
-1.936505034e-23
-1.887724833e-23
-1.84884662e-23
-1.803443485e-23
-1.758456467e-23
-1.721016255e-23
-1.683377118e-23
-1.650451621e-23
-1.624560761e-23
-1.602458054e-23
-1.586747843e-23
-1.573562148e-23
-1.562071744e-23
-1.558483094e-23
-1.562785771e-23
-3.478414664e-23
-3.380862934e-23
-3.274549837e-23
-3.178840537e-23
-3.091679646e-23
-2.997397668e-23
-2.903722762e-23
-2.824842457e-23
-2.748124595e-23
-2.678095541e-23
-2.620580939e-23
-2.554032257e-23
-2.491254114e-23
-2.441168736e-23
-2.389645758e-23
-2.34360613e-23
-2.307106993e-23
-2.274737613e-23
-2.252632425e-23
-2.235093335e-23
-2.219521812e-23
-2.21489298e-23
-2.218214697e-23
1.49162379e-23
1.441916836e-23
1.402746532e-23
1.360506683e-23
1.316842346e-23
1.279988081e-23
1.250131248e-23
1.216396785e-23
1.179815083e-23
1.146496926e-23
1.111742885e-23
1.084643003e-23
1.061913044e-23
1.035035157e-23
1.018217118e-23
1.004765437e-23
9.890693346e-24
9.785882736e-24
9.670587564e-24
9.593809661e-24
9.582340541e-24
9.540474311e-24
9.502225594e-24
2.31806467e-23
2.245666795e-23
2.18100747e-23
2.115709794e-23
2.051414737e-23
1.992827279e-23
1.939556405e-23
1.887019201e-23
1.832012897e-23
1.783142148e-23
1.736200907e-23
1.691723685e-23
1.654242445e-23
1.614316477e-23
1.584973715e-23
1.561371899e-23
1.537494002e-23
1.519045942e-23
1.503619127e-23
1.493243252e-23
1.486783859e-23
1.481614883e-23
1.479278221e-23
-5.403422562e-23
-5.24590533e-23
-5.089989743e-23
-4.941205058e-23
-4.797960898e-23
-4.658872449e-23
-4.524766782e-23
-4.39593641e-23
-4.277887592e-23
-4.165449597e-23
-4.059952094e-23
-3.963458656e-23
-3.872536068e-23
-3.793196793e-23
-3.717329716e-23
-3.649858927e-23
-3.591568982e-23
-3.541758548e-23
-3.503721632e-23
-3.473926901e-23
-3.454127822e-23
-3.445905629e-23
-3.446477137e-23
6.985101671e-23
6.776799938e-23
6.576389287e-23
6.381074403e-23
6.194187662e-23
6.014167083e-23
5.842885322e-23
5.682907428e-23
5.526167643e-23
5.379758239e-23
5.244948141e-23
5.114397721e-23
4.995394002e-23
4.887371814e-23
4.792703685e-23
4.70752518e-23
4.637684644e-23
4.581175985e-23
4.532432493e-23
4.497914083e-23
4.474366175e-23
4.460720356e-23
4.458245249e-23
1.10103495e-22
1.0683772e-22
1.036744403e-22
1.005999725e-22
9.766934384e-23
9.482445531e-23
9.211552623e-23
8.959128969e-23
8.712628191e-23
8.48274161e-23
8.271183322e-23
8.066903404e-23
7.879882005e-23
7.710817889e-23
7.560590903e-23
7.426145494e-23
7.313470892e-23
7.221403543e-23
7.145384916e-23
7.090187149e-23
7.053413518e-23
7.030163258e-23
7.024605209e-23
-3.935282576e-23
-3.818265374e-23
-3.706104023e-23
-3.600185188e-23
-3.494338961e-23
-3.395587809e-23
-3.299364114e-23
-3.202566663e-23
-3.118731821e-23
-3.037593076e-23
-2.955465894e-23
-2.888012419e-23
-2.82499875e-23
-2.765241041e-23
-2.711811178e-23
-2.665177621e-23
-2.620709347e-23
-2.582638334e-23
-2.553909054e-23
-2.529820147e-23
-2.512953896e-23
-2.509005468e-23
-2.510867241e-23
-6.391723579e-23
-6.20256376e-23
-6.018469757e-23
-5.844150155e-23
-5.674407283e-23
-5.513102169e-23
-5.356832343e-23
-5.202393135e-23
-5.063195441e-23
-4.931388077e-23
-4.803279866e-23
-4.690808488e-23
-4.586253324e-23
-4.488319368e-23
-4.40136939e-23
-4.326432227e-23
-4.255064943e-23
-4.194577248e-23
-4.15002893e-23
-4.112755635e-23
-4.085693058e-23
-4.076521769e-23
-4.077154866e-23
-2.866102859e-23
-2.783339064e-23
-2.700541086e-23
-2.622143801e-23
-2.547444885e-23
-2.475901064e-23
-2.405523731e-23
-2.334507384e-23
-2.273051684e-23
-2.214021833e-23
-2.155839319e-23
-2.107707908e-23
-2.060646028e-23
-2.016295824e-23
-1.979112198e-23
-1.947115321e-23
-1.911811074e-23
-1.881993415e-23
-1.863647802e-23
-1.844747196e-23
-1.829529193e-23
-1.826501564e-23
-1.828044095e-23
-6.893243288e-23
-6.692988085e-23
-6.495285375e-23
-6.304473512e-23
-6.123046588e-23
-5.948450812e-23
-5.779591139e-23
-5.616222652e-23
-5.465188866e-23
-5.32259965e-23
-5.185640067e-23
-5.063802099e-23
-4.949607419e-23
-4.844883992e-23
-4.752181425e-23
-4.669676092e-23
-4.593383674e-23
-4.528199204e-23
-4.481443657e-23
-4.440995875e-23
-4.410147103e-23
-4.397137522e-23
-4.395940977e-23
1.076636791e-23
1.040849193e-23
1.010133564e-23
9.806785817e-24
9.505184328e-24
9.224714841e-24
8.95826021e-24
8.730507895e-24
8.489362175e-24
8.254034525e-24
8.08023181e-24
7.850483598e-24
7.649841574e-24
7.48747911e-24
7.330595974e-24
7.189834836e-24
7.105678243e-24
7.060104501e-24
6.958007168e-24
6.921951994e-24
6.923714761e-24
6.894256177e-24
6.873870627e-24
1.187398147e-22
1.151834292e-22
1.117991668e-22
1.085281254e-22
1.053553065e-22
1.023223867e-22
9.942014704e-23
9.669069373e-23
9.406977539e-23
9.158661349e-23
8.931507134e-23
8.713929727e-23
8.513130867e-23
8.332334382e-23
8.169105317e-23
8.02386554e-23
7.901983835e-23
7.800833181e-23
7.713576132e-23
7.649737312e-23
7.606732735e-23
7.579790832e-23
7.569680602e-23
3.510910696e-23
3.402350691e-23
3.303287294e-23
3.206974844e-23
3.112087316e-23
3.022342624e-23
2.936499518e-23
2.857722565e-23
2.778808087e-23
2.703779393e-23
2.639571062e-23
2.574636763e-23
2.514575949e-23
2.460022679e-23
2.41080847e-23
2.367611331e-23
2.334380655e-23
2.307370652e-23
2.280005945e-23
2.261616552e-23
2.249986959e-23
2.242066723e-23
2.238789273e-23
-7.478513257e-23
-7.262336538e-23
-7.047764945e-23
-6.84183466e-23
-6.644442177e-23
-6.45424621e-23
-6.272508922e-23
-6.097046692e-23
-5.934444366e-23
-5.782528211e-23
-5.633827951e-23
-5.498269166e-23
-5.375544986e-23
-5.262747862e-23
-5.160338498e-23
-5.06967502e-23
-4.987533689e-23
-4.917009083e-23
-4.863618087e-23
-4.820765588e-23
-4.788782814e-23
-4.76963767e-23
-4.762095982e-23
7.586018353e-23
7.358212153e-23
7.142569271e-23
6.932043703e-23
6.731238733e-23
6.538723726e-23
6.354186314e-23
6.18111219e-23
6.01339961e-23
5.853031077e-23
5.707752821e-23
5.572681518e-23
5.445324863e-23
5.328096267e-23
5.224324149e-23
5.132092171e-23
5.053753487e-23
4.988203183e-23
4.931630645e-23
4.888763686e-23
4.859125115e-23
4.840332015e-23
4.832280128e-23
2.87442006e-23
2.786311854e-23
2.703585506e-23
2.621882297e-23
2.547355813e-23
2.474983874e-23
2.404868326e-23
2.340555948e-23
2.277008085e-23
2.213856107e-23
2.158747058e-23
2.1101272e-23
2.061534924e-23
2.015709611e-23
1.977255727e-23
1.942877611e-23
1.913461001e-23
1.889586034e-23
1.867930656e-23
1.851480113e-23
1.840827061e-23
1.833983397e-23
1.83085902e-23
1.830991803e-23
-1.067917194e-22
-1.036834223e-22
-1.006692944e-22
-9.775829028e-23
-9.491754427e-23
-9.220697656e-23
-8.962212975e-23
-8.713879332e-23
-8.479977281e-23
-8.263356037e-23
-8.05763766e-23
-7.861757087e-23
-7.683537037e-23
-7.522769427e-23
-7.375712928e-23
-7.243927667e-23
-7.128445338e-23
-7.029697774e-23
-6.949900677e-23
-6.887233737e-23
-6.840148531e-23
-6.809583992e-23
-6.794546987e-23
-6.794713687e-23
3.117655346e-23
3.021657585e-23
2.929314982e-23
2.842295549e-23
2.761918034e-23
2.683312129e-23
2.608402604e-23
2.538464221e-23
2.470391266e-23
2.403361175e-23
2.342226742e-23
2.288510937e-23
2.237052425e-23
2.188430886e-23
2.145313621e-23
2.108493127e-23
2.076180719e-23
2.048670656e-23
2.025917807e-23
2.007218431e-23
1.994372479e-23
1.986469668e-23
1.982381961e-23
1.980209823e-23
-3.140591569e-23
-3.053694261e-23
-2.967677019e-23
-2.882488892e-23
-2.798617832e-23
-2.719214942e-23
-2.64231208e-23
-2.568574873e-23
-2.500859646e-23
-2.437554805e-23
-2.37747093e-23
-2.319880536e-23
-2.267060938e-23
-2.219599364e-23
-2.176452793e-23
-2.137318188e-23
-2.102220248e-23
-2.071820911e-23
-2.046864508e-23
-2.028157921e-23
-2.013606499e-23
-2.003024805e-23
-1.99704393e-23
-1.997262417e-23
-2.045251912e-23
-1.990623413e-23
-1.93588098e-23
-1.880302496e-23
-1.825869035e-23
-1.774565916e-23
-1.723629653e-23
-1.675224718e-23
-1.632159305e-23
-1.590625359e-23
-1.551098534e-23
-1.513873435e-23
-1.479661616e-23
-1.448386072e-23
-1.420332283e-23
-1.395508819e-23
-1.371853408e-23
-1.351008408e-23
-1.333854725e-23
-1.32178747e-23
-1.312450454e-23
-1.304682537e-23
-1.300482221e-23
-1.300320381e-23
-3.516358151e-24
-3.469547458e-24
-3.403830836e-24
-3.306124344e-24
-3.210821449e-24
-3.123429235e-24
-3.022178777e-24
-2.931614094e-24
-2.872606274e-24
-2.797146549e-24
-2.721957378e-24
-2.661737505e-24
-2.604646184e-24
-2.544694287e-24
-2.49915408e-24
-2.469458234e-24
-2.411637474e-24
-2.356574066e-24
-2.31598297e-24
-2.295193709e-24
-2.281057608e-24
-2.257857926e-24
-2.247304272e-24
-2.251311716e-24
-9.758881433e-24
-9.534246154e-24
-9.294704547e-24
-9.020849682e-24
-8.765542058e-24
-8.520913288e-24
-8.268598455e-24
-8.039145102e-24
-7.849032834e-24
-7.637543791e-24
-7.434474677e-24
-7.269302107e-24
-7.111825326e-24
-6.95053249e-24
-6.819172506e-24
-6.722868726e-24
-6.592603755e-24
-6.47444085e-24
-6.38473092e-24
-6.319515734e-24
-6.277763097e-24
-6.233501802e-24
-6.211418018e-24
-6.206928605e-24
3.713332593e-25
2.962228517e-25
2.503905834e-25
2.524989993e-25
2.393271685e-25
2.294904587e-25
2.361428501e-25
2.31536142e-25
2.077433124e-25
2.152483177e-25
2.236788644e-25
2.027648903e-25
1.871151044e-25
2.008073137e-25
1.87554594e-25
1.527379939e-25
1.775645227e-25
2.051050921e-25
2.103986685e-25
2.075044834e-25
2.037689781e-25
2.140622136e-25
2.135649715e-25
2.097089366e-25
3.03603345e-23
2.941188709e-23
2.852308674e-23
2.771010939e-23
2.691471974e-23
2.61527837e-23
2.543927265e-23
2.475137489e-23
2.408281892e-23
2.347887019e-23
2.291291833e-23
2.234980144e-23
2.183245085e-23
2.13856957e-23
2.095369115e-23
2.054700192e-23
2.023612244e-23
1.997490977e-23
1.974083313e-23
1.954362365e-23
1.938367204e-23
1.928239103e-23
1.920884272e-23
1.916545779e-23
9.277111299e-25
8.428589916e-25
7.766113298e-25
7.630276925e-25
7.350443271e-25
7.089398457e-25
7.005497177e-25
6.805252062e-25
6.515516092e-25
6.561179125e-25
6.598481527e-25
6.162768909e-25
5.883741877e-25
5.921293781e-25
5.694564117e-25
5.367012532e-25
5.457571117e-25
5.610884208e-25
5.749343906e-25
5.719875311e-25
5.563100298e-25
5.657480206e-25
5.644886593e-25
5.581283968e-25
-1.640615716e-24
-1.654694262e-24
-1.647753685e-24
-1.589199825e-24
-1.551124749e-24
-1.511803502e-24
-1.461511682e-24
-1.424704901e-24
-1.393707356e-24
-1.338746246e-24
-1.279104845e-24
-1.278556435e-24
-1.270376814e-24
-1.225963685e-24
-1.211063328e-24
-1.210039507e-24
-1.176358818e-24
-1.138771207e-24
-1.09550425e-24
-1.079540094e-24
-1.088920266e-24
-1.067472134e-24
-1.059199039e-24
-1.063525403e-24
7.561593954e-24
7.281840806e-24
7.028428462e-24
6.840345196e-24
6.639554936e-24
6.450367185e-24
6.277274154e-24
6.104754993e-24
5.941286126e-24
5.804961207e-24
5.696766336e-24
5.528617201e-24
5.374582789e-24
5.280039829e-24
5.166203667e-24
5.05008147e-24
4.976249656e-24
4.920234729e-24
4.893034595e-24
4.847336586e-24
4.776747962e-24
4.759965122e-24
4.743706774e-24
4.723339338e-24
-1.085011539e-23
-1.058753952e-23
-1.032747547e-23
-1.002005829e-23
-9.744214631e-24
-9.475542358e-24
-9.205747647e-24
-8.963882274e-24
-8.727998423e-24
-8.483106557e-24
-8.233341953e-24
-8.074066957e-24
-7.922681022e-24
-7.728181547e-24
-7.57939958e-24
-7.461818456e-24
-7.326433033e-24
-7.196373502e-24
-7.059314792e-24
-6.96973226e-24
-6.93585974e-24
-6.868443813e-24
-6.825349181e-24
-6.80643578e-24
2.078880133e-24
1.960059593e-24
1.858490315e-24
1.816920004e-24
1.759978671e-24
1.707865228e-24
1.664021678e-24
1.610853899e-24
1.572478161e-24
1.553432747e-24
1.549554768e-24
1.470742954e-24
1.40603373e-24
1.402231685e-24
1.361497929e-24
1.31130335e-24
1.299345711e-24
1.293417386e-24
1.317191224e-24
1.314095518e-24
1.270494751e-24
1.27033481e-24
1.268540019e-24
1.260576678e-24
)
;
    }
    front_middle
    {
        type            wedge;
        value           nonuniform 0();
    }
    front_bottom
    {
        type            wedge;
        value           nonuniform 0();
    }
    back_top
    {
        type            wedge;
        value           nonuniform List<scalar> 
1166
(
1.81770757e-25
-3.532052908e-25
-5.653366764e-25
2.784153683e-25
2.647124359e-25
-2.661213615e-26
-1.776529296e-26
2.145599671e-26
-3.785734712e-26
2.352781406e-25
2.624369146e-25
-3.203233614e-25
-2.720958422e-25
1.218917477e-25
-5.817997701e-25
-6.618826362e-26
8.962210848e-25
-7.704051136e-26
-1.550642131e-26
1.750050989e-25
-2.398215183e-25
7.800707602e-26
-2.612999973e-25
-7.804247451e-25
-1.284015991e-24
-1.452703304e-24
-1.343567147e-24
-9.712445232e-25
-1.010944237e-24
-1.100211263e-24
-1.033173611e-24
-8.885990981e-25
-1.054407532e-24
-9.93173264e-25
-8.651512517e-25
-9.800225405e-25
-8.055942221e-25
-4.070238615e-25
-9.152608693e-25
-1.003361348e-24
-6.364292155e-25
-1.065460398e-24
-7.879461723e-25
-2.445872718e-25
-5.601600427e-25
-1.299793949e-24
-1.402958394e-24
-1.11854971e-24
4.196724358e-24
4.368127357e-24
4.238325467e-24
3.959337551e-24
3.823027959e-24
3.777041295e-24
3.901844711e-24
3.407636582e-24
3.167296432e-24
3.295621646e-24
3.368619051e-24
3.517805788e-24
3.449006127e-24
3.211917324e-24
3.244019229e-24
2.792040424e-24
2.292009091e-24
2.800374765e-24
3.164026619e-24
2.831422144e-24
2.319943718e-24
2.398729639e-24
2.762178942e-24
-3.30269432e-24
-2.609329861e-24
-2.810255824e-24
-2.987780415e-24
-2.845584711e-24
-2.676651108e-24
-2.503979675e-24
-2.757716061e-24
-2.622800952e-24
-2.519172683e-24
-2.109797279e-24
-1.708664566e-24
-1.908210126e-24
-1.861767977e-24
-2.138092504e-24
-2.420015743e-24
-2.378113928e-24
-2.080054562e-24
-1.60124944e-24
-2.029927013e-24
-2.564325026e-24
-2.254512041e-24
-2.073998351e-24
5.383355876e-24
5.576971916e-24
4.957587161e-24
4.654650809e-24
4.665805832e-24
4.634419714e-24
4.561447589e-24
4.28184798e-24
4.172841152e-24
3.954580279e-24
4.063832098e-24
4.455960723e-24
4.401398439e-24
3.964697565e-24
3.514269248e-24
3.383146513e-24
3.334619974e-24
3.419544151e-24
3.579174758e-24
3.379423763e-24
3.120436956e-24
3.227241373e-24
3.365166533e-24
1.945611107e-24
2.001732889e-24
1.755594907e-24
1.628588383e-24
1.655434214e-24
1.733508181e-24
1.744595818e-24
1.622325677e-24
1.587811488e-24
1.494911886e-24
1.55929436e-24
1.803831648e-24
1.812149333e-24
1.554081838e-24
1.283133971e-24
1.178716391e-24
1.146634445e-24
1.1806778e-24
1.282364473e-24
1.217274764e-24
1.067955554e-24
1.136539859e-24
1.306088106e-24
-3.479356744e-24
-3.408030578e-24
-3.352154861e-24
-3.272660318e-24
-3.144641874e-24
-2.890180233e-24
-2.734380677e-24
-2.699331552e-24
-2.59099372e-24
-2.555975542e-24
-2.487618483e-24
-2.246849333e-24
-2.125937725e-24
-2.236253956e-24
-2.365650951e-24
-2.402828032e-24
-2.395488646e-24
-2.374032978e-24
-2.24414754e-24
-2.216074402e-24
-2.345494097e-24
-2.266269098e-24
-1.974346394e-24
-3.418016321e-23
-3.317946861e-23
-3.227644617e-23
-3.129821526e-23
-3.038079812e-23
-2.927384404e-23
-2.83443001e-23
-2.758072973e-23
-2.674116557e-23
-2.605880076e-23
-2.549072799e-23
-2.472233765e-23
-2.403969844e-23
-2.365581619e-23
-2.332256523e-23
-2.297497914e-23
-2.265364222e-23
-2.24294092e-23
-2.205384537e-23
-2.180674298e-23
-2.191867625e-23
-2.17921988e-23
-2.158263453e-23
5.04786324e-23
4.882293988e-23
4.728955696e-23
4.593012145e-23
4.463853898e-23
4.338716057e-23
4.220872135e-23
4.108679624e-23
4.009798485e-23
3.898005409e-23
3.772672428e-23
3.693306869e-23
3.624592577e-23
3.52862225e-23
3.445559416e-23
3.377720737e-23
3.321283013e-23
3.273773393e-23
3.246003105e-23
3.22348513e-23
3.196503156e-23
3.186970825e-23
3.201622263e-23
-4.399147081e-25
-6.357628738e-25
-7.029486599e-25
-5.935680309e-25
-5.353607964e-25
-5.144147891e-25
-4.414693214e-25
-2.575392284e-25
-1.0574581e-25
-1.507012656e-25
-2.694775768e-25
-1.837514439e-25
-1.081945425e-25
-2.474019795e-25
-3.57990223e-25
-3.926085202e-25
-4.109213684e-25
-4.224167229e-25
-3.835511336e-25
-3.731060797e-25
-4.29272776e-25
-4.383707437e-25
-3.691983538e-25
-3.091952112e-23
-3.015070546e-23
-2.935911355e-23
-2.843061221e-23
-2.757338685e-23
-2.681906193e-23
-2.601954115e-23
-2.49962447e-23
-2.41291263e-23
-2.355810099e-23
-2.300323212e-23
-2.238552855e-23
-2.184852347e-23
-2.152871402e-23
-2.121543278e-23
-2.085061492e-23
-2.053759727e-23
-2.027483931e-23
-2.004231182e-23
-1.989040473e-23
-1.982540853e-23
-1.978112561e-23
-1.974917312e-23
1.905009904e-23
1.834318543e-23
1.76502202e-23
1.717489683e-23
1.666971161e-23
1.614211475e-23
1.571715759e-23
1.548866678e-23
1.522496025e-23
1.482861465e-23
1.443992185e-23
1.412806763e-23
1.378346785e-23
1.328569855e-23
1.289355507e-23
1.26856071e-23
1.248123661e-23
1.231191594e-23
1.219325656e-23
1.208226797e-23
1.199744987e-23
1.19861325e-23
1.202634263e-23
-6.492238437e-24
-6.319748784e-24
-6.324812669e-24
-6.211732969e-24
-5.977421745e-24
-5.850534716e-24
-5.65188332e-24
-5.307319128e-24
-4.98838388e-24
-4.787169036e-24
-4.636785106e-24
-4.467736722e-24
-4.464451333e-24
-4.565667797e-24
-4.543854716e-24
-4.45962802e-24
-4.392637309e-24
-4.336814882e-24
-4.271291783e-24
-4.269831524e-24
-4.281808115e-24
-4.243257933e-24
-4.231829642e-24
-4.848514224e-23
-4.7025125e-23
-4.582173746e-23
-4.457986205e-23
-4.322042565e-23
-4.19712093e-23
-4.074374244e-23
-3.949091369e-23
-3.828278122e-23
-3.714519449e-23
-3.607530055e-23
-3.516378005e-23
-3.446032945e-23
-3.387046518e-23
-3.328077123e-23
-3.26891576e-23
-3.217931535e-23
-3.175742205e-23
-3.144588744e-23
-3.119319054e-23
-3.102316621e-23
-3.09695666e-23
-3.099113386e-23
1.393280725e-23
1.352231133e-23
1.295626506e-23
1.246873624e-23
1.211055262e-23
1.177125705e-23
1.1442428e-23
1.115578082e-23
1.09939756e-23
1.084877826e-23
1.06344882e-23
1.038745578e-23
1.007529456e-23
9.719744769e-24
9.429486133e-24
9.263078528e-24
9.117756862e-24
8.997251912e-24
8.907717552e-24
8.812193043e-24
8.752487437e-24
8.749509251e-24
8.738643368e-24
9.698332345e-23
9.409296877e-23
9.114216371e-23
8.834953612e-23
8.573677809e-23
8.327745098e-23
8.088188606e-23
7.862234652e-23
7.658954682e-23
7.467594826e-23
7.282584792e-23
7.105208454e-23
6.937173338e-23
6.773881396e-23
6.627368536e-23
6.511334644e-23
6.409745244e-23
6.32557006e-23
6.263294265e-23
6.207657317e-23
6.171315927e-23
6.163158221e-23
6.163222858e-23
9.942985059e-24
9.705238435e-24
9.243293587e-24
8.876672941e-24
8.625989055e-24
8.389589276e-24
8.119840054e-24
7.884569166e-24
7.793283599e-24
7.707309952e-24
7.582486192e-24
7.409503367e-24
7.197830237e-24
6.953821755e-24
6.705409423e-24
6.593537345e-24
6.487681248e-24
6.399192479e-24
6.383124832e-24
6.262538963e-24
6.184053413e-24
6.206344373e-24
6.181386087e-24
-1.449603254e-23
-1.397720698e-23
-1.373806203e-23
-1.342307466e-23
-1.29840779e-23
-1.260788204e-23
-1.230388764e-23
-1.195411592e-23
-1.153507685e-23
-1.11558603e-23
-1.074595599e-23
-1.046908714e-23
-1.027260703e-23
-1.009739144e-23
-1.002424261e-23
-9.835217731e-24
-9.687742351e-24
-9.578283714e-24
-9.431891358e-24
-9.407624165e-24
-9.370355307e-24
-9.353577543e-24
-9.394357953e-24
-1.552383165e-22
-1.505793291e-22
-1.462491573e-22
-1.419848447e-22
-1.377646237e-22
-1.337798128e-22
-1.300436267e-22
-1.263793005e-22
-1.228440264e-22
-1.195126959e-22
-1.163472947e-22
-1.134979108e-22
-1.108792616e-22
-1.085263098e-22
-1.064703636e-22
-1.045937715e-22
-1.029755838e-22
-1.016210928e-22
-1.005316456e-22
-9.979329714e-23
-9.931230122e-23
-9.906897828e-23
-9.910362612e-23
8.310538615e-23
8.0686656e-23
7.818965715e-23
7.586284142e-23
7.372097253e-23
7.151621804e-23
6.936204088e-23
6.74717834e-23
6.563792935e-23
6.393891723e-23
6.244077189e-23
6.089109293e-23
5.94488964e-23
5.816044106e-23
5.69570254e-23
5.590973922e-23
5.505361778e-23
5.433944247e-23
5.377313055e-23
5.333555553e-23
5.302836689e-23
5.291782666e-23
5.29311798e-23
-2.383483197e-23
-2.306832225e-23
-2.249087932e-23
-2.181804504e-23
-2.10842685e-23
-2.055712124e-23
-2.007361151e-23
-1.945921812e-23
-1.889651931e-23
-1.836822636e-23
-1.780476927e-23
-1.737315833e-23
-1.700714925e-23
-1.663783947e-23
-1.634612914e-23
-1.608773002e-23
-1.584293975e-23
-1.564500449e-23
-1.546817123e-23
-1.535292519e-23
-1.530857498e-23
-1.526985106e-23
-1.52299487e-23
-3.413122119e-23
-3.306603285e-23
-3.21499944e-23
-3.119311501e-23
-3.021980354e-23
-2.938969747e-23
-2.86296067e-23
-2.780110224e-23
-2.70342537e-23
-2.628770927e-23
-2.550749292e-23
-2.491289117e-23
-2.438002513e-23
-2.382334685e-23
-2.338799874e-23
-2.301181781e-23
-2.265911003e-23
-2.238611489e-23
-2.213108568e-23
-2.195234398e-23
-2.187897373e-23
-2.181643862e-23
-2.178352253e-23
1.551688866e-23
1.511275497e-23
1.463070654e-23
1.420802481e-23
1.383022128e-23
1.341631094e-23
1.296605113e-23
1.25899273e-23
1.227876517e-23
1.197352033e-23
1.17228933e-23
1.143816613e-23
1.115369178e-23
1.095634477e-23
1.070558971e-23
1.047055744e-23
1.031041094e-23
1.015155006e-23
1.005639996e-23
9.976088355e-24
9.884984009e-24
9.877557013e-24
9.914335175e-24
2.378302462e-23
2.311642853e-23
2.24147726e-23
2.176384729e-23
2.115064072e-23
2.05298012e-23
1.990795053e-23
1.933319201e-23
1.883976223e-23
1.834393948e-23
1.789134417e-23
1.747917966e-23
1.706529509e-23
1.674640864e-23
1.639436724e-23
1.606050225e-23
1.580890922e-23
1.558599513e-23
1.541519884e-23
1.52752016e-23
1.517952424e-23
1.515284083e-23
1.517149487e-23
-5.343007372e-23
-5.182340467e-23
-5.0297209e-23
-4.880269416e-23
-4.736207221e-23
-4.599353609e-23
-4.469451109e-23
-4.346812287e-23
-4.226361226e-23
-4.11383792e-23
-4.008555531e-23
-3.909207634e-23
-3.819716718e-23
-3.734886471e-23
-3.663258292e-23
-3.600409842e-23
-3.546409507e-23
-3.502673413e-23
-3.466186877e-23
-3.440040207e-23
-3.422611103e-23
-3.412362306e-23
-3.410193334e-23
7.04510206e-23
6.837885233e-23
6.635589546e-23
6.441701015e-23
6.253655741e-23
6.073678192e-23
5.900529096e-23
5.732559274e-23
5.578292744e-23
5.431425399e-23
5.291511792e-23
5.166540204e-23
5.050168805e-23
4.943798534e-23
4.84606566e-23
4.761317243e-23
4.684381508e-23
4.618439506e-23
4.569521468e-23
4.530790805e-23
4.505216872e-23
4.493783835e-23
4.493395143e-23
1.107038184e-22
1.074302501e-22
1.042574998e-22
1.012094014e-22
9.824257915e-23
9.542671566e-23
9.27202375e-23
9.008797429e-23
8.766496641e-23
8.535328304e-23
8.315081988e-23
8.117735604e-23
7.934408016e-23
7.766182236e-23
7.613420617e-23
7.480618482e-23
7.362410363e-23
7.261107347e-23
7.182889894e-23
7.122338775e-23
7.080837258e-23
7.063182984e-23
7.062713702e-23
-3.875573258e-23
-3.761269342e-23
-3.649366493e-23
-3.538851226e-23
-3.436201599e-23
-3.334949201e-23
-3.239779251e-23
-3.154390634e-23
-3.065479481e-23
-2.983697593e-23
-2.913157798e-23
-2.838695854e-23
-2.770869186e-23
-2.711285339e-23
-2.657523122e-23
-2.609559826e-23
-2.572398793e-23
-2.542008297e-23
-2.515825684e-23
-2.498733073e-23
-2.487630142e-23
-2.476491058e-23
-2.471928714e-23
-6.331780673e-23
-6.144143111e-23
-5.963459589e-23
-5.785446102e-23
-5.615867237e-23
-5.451697312e-23
-5.2966227e-23
-5.154498208e-23
-5.012642055e-23
-4.8792102e-23
-4.758831029e-23
-4.640191641e-23
-4.531848506e-23
-4.435613837e-23
-4.347822145e-23
-4.268626903e-23
-4.206923725e-23
-4.15575865e-23
-4.110474119e-23
-4.079953559e-23
-4.060934022e-23
-4.044751536e-23
-4.03854367e-23
-2.809253687e-23
-2.724017643e-23
-2.644205767e-23
-2.56555496e-23
-2.489066377e-23
-2.415547027e-23
-2.347197687e-23
-2.286053265e-23
-2.222239241e-23
-2.163111382e-23
-2.11048902e-23
-2.055599759e-23
-2.00772266e-23
-1.965576013e-23
-1.92488736e-23
-1.888012612e-23
-1.863894172e-23
-1.84383485e-23
-1.821901186e-23
-1.810273652e-23
-1.804639359e-23
-1.796005471e-23
-1.791501824e-23
-6.839603727e-23
-6.633559857e-23
-6.438078057e-23
-6.24919792e-23
-6.065160652e-23
-5.889002453e-23
-5.722399308e-23
-5.566333865e-23
-5.414461985e-23
-5.271425414e-23
-5.140652998e-23
-5.0132624e-23
-4.897898661e-23
-4.793361601e-23
-4.697771704e-23
-4.613628593e-23
-4.545653565e-23
-4.489904257e-23
-4.438850935e-23
-4.404577434e-23
-4.384247176e-23
-4.36824403e-23
-4.360918838e-23
1.129834626e-23
1.100380007e-23
1.067983536e-23
1.036467748e-23
1.007974762e-23
9.796917362e-24
9.524880608e-24
9.239819731e-24
8.99479549e-24
8.771540653e-24
8.515795014e-24
8.345705846e-24
8.177453439e-24
8.003684932e-24
7.857997038e-24
7.730946298e-24
7.582987129e-24
7.433320551e-24
7.377666389e-24
7.292834608e-24
7.20708032e-24
7.188438984e-24
7.193258696e-24
1.192693744e-22
1.157934466e-22
1.123748757e-22
1.090733498e-22
1.059239336e-22
1.028870686e-22
9.998388045e-23
9.71898453e-23
9.457093154e-23
9.211345742e-23
8.975483274e-23
8.762315714e-23
8.565668399e-23
8.383559971e-23
8.220394123e-23
8.076655385e-23
7.947772768e-23
7.837576984e-23
7.753572209e-23
7.686005908e-23
7.636702519e-23
7.609586486e-23
7.60073917e-23
3.563657297e-23
3.463305278e-23
3.360286446e-23
3.261394773e-23
3.168463664e-23
3.078005092e-23
2.991479638e-23
2.906272274e-23
2.829706033e-23
2.75797848e-23
2.684692914e-23
2.621651086e-23
2.56370313e-23
2.510465841e-23
2.462528652e-23
2.419811527e-23
2.378453344e-23
2.342324059e-23
2.318435213e-23
2.29742203e-23
2.281012359e-23
2.27220573e-23
2.269195525e-23
-7.426019334e-23
-7.202243201e-23
-6.991421796e-23
-6.78642187e-23
-6.588453732e-23
-6.399423508e-23
-6.218592635e-23
-6.04894362e-23
-5.884421808e-23
-5.72767796e-23
-5.586787956e-23
-5.452937635e-23
-5.327158557e-23
-5.213058884e-23
-5.110884032e-23
-5.020098017e-23
-4.944877713e-23
-4.881948301e-23
-4.826241487e-23
-4.785237908e-23
-4.757078396e-23
-4.739268164e-23
-4.732124762e-23
7.638114044e-23
7.416858334e-23
7.198251209e-23
6.989607454e-23
6.78689021e-23
6.592662321e-23
6.407301713e-23
6.228342453e-23
6.062201039e-23
5.907758079e-23
5.757715749e-23
5.617617295e-23
5.491353759e-23
5.376930178e-23
5.271733964e-23
5.178353114e-23
5.095246849e-23
5.023977152e-23
4.968291165e-23
4.924164239e-23
4.891264162e-23
4.870841083e-23
4.862068274e-23
2.924831718e-23
2.842033707e-23
2.759480263e-23
2.681722114e-23
2.602762728e-23
2.527971805e-23
2.457439423e-23
2.387779555e-23
2.324313388e-23
2.267649822e-23
2.210463158e-23
2.154439846e-23
2.10637454e-23
2.063977117e-23
2.02282331e-23
1.986321996e-23
1.953982048e-23
1.925478588e-23
1.90404154e-23
1.886891893e-23
1.873239297e-23
1.864547139e-23
1.860577484e-23
1.8607109e-23
-1.063163994e-22
-1.031513812e-22
-1.000990371e-22
-9.715638712e-23
-9.436627777e-23
-9.167587719e-23
-8.909950357e-23
-8.666952665e-23
-8.434520019e-23
-8.211449268e-23
-8.00495425e-23
-7.816864419e-23
-7.640183064e-23
-7.476173464e-23
-7.330536249e-23
-7.201520612e-23
-7.088761648e-23
-6.994070862e-23
-6.914478655e-23
-6.851661999e-23
-6.80757949e-23
-6.779056207e-23
-6.764978633e-23
-6.763097727e-23
3.162110185e-23
3.073538206e-23
2.98730201e-23
2.902052996e-23
2.816736049e-23
2.736452669e-23
2.659460343e-23
2.584913871e-23
2.515884008e-23
2.453409438e-23
2.393206455e-23
2.333847048e-23
2.280778773e-23
2.233666946e-23
2.190285895e-23
2.15014705e-23
2.11502203e-23
2.085055996e-23
2.060499651e-23
2.041770164e-23
2.027001953e-23
2.016867122e-23
2.011550113e-23
2.012267176e-23
-3.097760659e-23
-3.001518959e-23
-2.910440501e-23
-2.824666115e-23
-2.744270252e-23
-2.666060323e-23
-2.59232989e-23
-2.522770728e-23
-2.454575659e-23
-2.389442339e-23
-2.328953461e-23
-2.274268682e-23
-2.223302974e-23
-2.175624088e-23
-2.132676693e-23
-2.095126858e-23
-2.063077638e-23
-2.035997144e-23
-2.013436657e-23
-1.994502217e-23
-1.980915775e-23
-1.972840632e-23
-1.968589668e-23
-1.965979264e-23
-2.003314515e-23
-1.939207662e-23
-1.879216918e-23
-1.824045998e-23
-1.772063184e-23
-1.721334672e-23
-1.674622924e-23
-1.630194843e-23
-1.58516263e-23
-1.543461481e-23
-1.504834591e-23
-1.46911882e-23
-1.436012841e-23
-1.405590805e-23
-1.377614068e-23
-1.352518458e-23
-1.332493502e-23
-1.315734693e-23
-1.301695665e-23
-1.289037578e-23
-1.279573416e-23
-1.274732676e-23
-1.271764861e-23
-1.269656969e-23
-3.110688983e-24
-2.96339241e-24
-2.841604349e-24
-2.758453337e-24
-2.679940649e-24
-2.600674457e-24
-2.542409208e-24
-2.481128439e-24
-2.396099533e-24
-2.335435823e-24
-2.282891434e-24
-2.223818864e-24
-2.17054896e-24
-2.129567544e-24
-2.083354976e-24
-2.030864419e-24
-2.016964745e-24
-2.010129305e-24
-1.998841636e-24
-1.978623466e-24
-1.961228086e-24
-1.962767915e-24
-1.960718052e-24
-1.951866081e-24
-9.370675559e-24
-9.035719065e-24
-8.735256263e-24
-8.488060329e-24
-8.242747132e-24
-8.00712105e-24
-7.799717852e-24
-7.591791152e-24
-7.366143208e-24
-7.185097511e-24
-7.020139386e-24
-6.841322836e-24
-6.679976507e-24
-6.549421826e-24
-6.415950532e-24
-6.274035736e-24
-6.195818636e-24
-6.134400609e-24
-6.072239508e-24
-6.016986008e-24
-5.965513025e-24
-5.944371901e-24
-5.927384076e-24
-5.914186582e-24
7.472974066e-25
7.897625868e-25
8.040754021e-25
7.715683885e-25
7.555000825e-25
7.372972814e-25
7.03795101e-25
6.828904395e-25
6.82416192e-25
6.519414147e-25
6.220283539e-25
6.228715054e-25
6.198405028e-25
5.890468541e-25
5.868115418e-25
6.076282302e-25
5.705273741e-25
5.324294878e-25
5.18112189e-25
5.138367649e-25
5.120022815e-25
4.976770063e-25
4.957194138e-25
4.983330072e-25
3.072438814e-23
2.989371438e-23
2.906588342e-23
2.822139937e-23
2.742349828e-23
2.665493847e-23
2.590413914e-23
2.520325379e-23
2.454972762e-23
2.390001361e-23
2.329211755e-23
2.276156138e-23
2.225896096e-23
2.176724942e-23
2.135291436e-23
2.099320706e-23
2.062712135e-23
2.030828176e-23
2.004262916e-23
1.983946493e-23
1.968849603e-23
1.955821301e-23
1.94866671e-23
1.945019695e-23
1.287273663e-24
1.30765582e-24
1.311799277e-24
1.265424455e-24
1.23574753e-24
1.206460769e-24
1.161722232e-24
1.131561359e-24
1.112751948e-24
1.062713112e-24
1.016396211e-24
1.020307861e-24
1.011260515e-24
9.733618352e-25
9.652250706e-25
9.701359427e-25
9.36320899e-25
8.997240396e-25
8.674919522e-25
8.556261145e-25
8.5973745e-25
8.414213891e-25
8.370057655e-25
8.400428771e-25
-1.292301831e-24
-1.192863873e-24
-1.117663218e-24
-1.097016821e-24
-1.05902295e-24
-1.025127787e-24
-1.005073826e-24
-9.755196358e-25
-9.434336626e-25
-9.382455991e-25
-9.41341974e-25
-8.893496027e-25
-8.486804657e-25
-8.476908093e-25
-8.216168776e-25
-7.856633242e-25
-7.862122091e-25
-7.953000654e-25
-8.138347036e-25
-8.09700163e-25
-7.845845184e-25
-7.936078346e-25
-7.937081609e-25
-7.843998147e-25
7.900721121e-24
7.729193826e-24
7.550389208e-24
7.321045938e-24
7.122463439e-24
6.927021055e-24
6.72805948e-24
6.551555662e-24
6.382390364e-24
6.201596298e-24
6.011783282e-24
5.901325144e-24
5.797972638e-24
5.652923815e-24
5.548328989e-24
5.468403519e-24
5.366184703e-24
5.268890522e-24
5.162865602e-24
5.100256473e-24
5.084865471e-24
5.031607567e-24
5.00109254e-24
4.991817759e-24
-1.05182773e-23
-1.01548646e-23
-9.81597827e-24
-9.545835586e-24
-9.270304862e-24
-9.008312145e-24
-8.761466827e-24
-8.519644416e-24
-8.294767253e-24
-8.099721606e-24
-7.936700592e-24
-7.707901158e-24
-7.501180266e-24
-7.363189252e-24
-7.205632095e-24
-7.047810095e-24
-6.936486165e-24
-6.848935422e-24
-6.795094025e-24
-6.729473183e-24
-6.638331254e-24
-6.599811584e-24
-6.569939937e-24
-6.54070395e-24
2.400904045e-24
2.387927778e-24
2.363867429e-24
2.283455682e-24
2.225021249e-24
2.166132652e-24
2.100961452e-24
2.052635351e-24
1.99364094e-24
1.920066991e-24
1.837452169e-24
1.833718359e-24
1.822773689e-24
1.756764748e-24
1.731705086e-24
1.722945641e-24
1.682490836e-24
1.641062872e-24
1.575490638e-24
1.544718844e-24
1.560336826e-24
1.535744223e-24
1.520120073e-24
1.516123805e-24
)
;
    }
    back_middle
    {
        type            wedge;
        value           nonuniform 0();
    }
    back_bottom
    {
        type            wedge;
        value           nonuniform 0();
    }
    axis_top
    {
        type            symmetryPlane;
        value           nonuniform 0();
    }
    axis_middle
    {
        type            symmetryPlane;
        value           nonuniform 0();
    }
    axis_bottom
    {
        type            symmetryPlane;
        value           nonuniform 0();
    }
    wall_top
    {
        type            calculated;
        value           uniform 0;
    }
    wall_middle
    {
        type            calculated;
        value           nonuniform 0();
    }
    wall_bottom
    {
        type            calculated;
        value           nonuniform 0();
    }
    inlet
    {
        type            calculated;
        value           nonuniform 0();
    }
    outlet
    {
        type            calculated;
        value           nonuniform 0();
    }
    procBoundary8to7
    {
        type            processor;
        value           nonuniform List<scalar> 
51
(
4.560934946e-11
1.334601301e-10
2.164157135e-10
2.946799983e-10
3.684499415e-10
4.379156259e-10
5.032605428e-10
5.646615759e-10
6.222893614e-10
6.763083258e-10
7.26876869e-10
7.741475594e-10
8.182673306e-10
8.593774373e-10
8.976139869e-10
9.331076883e-10
9.659843445e-10
9.963648534e-10
1.024365265e-09
1.050097256e-09
1.073667826e-09
1.095179952e-09
1.114732245e-09
1.132419452e-09
1.148332439e-09
1.162558256e-09
1.17518062e-09
1.186279425e-09
1.195931584e-09
1.204210442e-09
1.211186659e-09
1.216927553e-09
1.221497806e-09
1.22495932e-09
1.22737115e-09
1.228790126e-09
-4.736674008e-13
1.229290088e-09
1.228885773e-09
1.227644236e-09
1.225612656e-09
1.222836621e-09
1.219359222e-09
1.215222088e-09
1.210464643e-09
1.205124808e-09
1.199238613e-09
1.192840528e-09
1.185963551e-09
1.178639004e-09
1.17089698e-09
)
;
    }
    procBoundary8to9
    {
        type            processor;
        value           nonuniform List<scalar> 
51
(
-4.567434983e-11
-1.336495665e-10
1.417669757e-14
-2.167032883e-10
-2.950665715e-10
-3.689251789e-10
-4.384687811e-10
-5.038806222e-10
-5.653375997e-10
-6.230104296e-10
-6.770636908e-10
-7.276561754e-10
-7.749407825e-10
-8.190649375e-10
-8.601704577e-10
-8.983939252e-10
-9.33866681e-10
-9.667151355e-10
-9.970606981e-10
-1.025020189e-09
-1.050705654e-09
-1.074224895e-09
-1.095681286e-09
-1.115174148e-09
-1.132798716e-09
-1.14864627e-09
-1.162804501e-09
-1.175357382e-09
-1.186385457e-09
-1.195965816e-09
-1.204172329e-09
-1.211075918e-09
-1.216744258e-09
-1.22124219e-09
-1.224631872e-09
-1.226972782e-09
-1.2283217e-09
-1.228733022e-09
-1.228258797e-09
-1.226948742e-09
-1.224850307e-09
-1.222008957e-09
-1.218468157e-09
-1.214269306e-09
-1.209452052e-09
-1.20405413e-09
-1.198111759e-09
-1.191659382e-09
-1.184729918e-09
-1.177354761e-09
-1.169563811e-09
)
;
    }
}


// ************************************************************************* //
