/*--------------------------------*- C++ -*----------------------------------*\
  =========                 |
  \\      /  F ield         | OpenFOAM: The Open Source CFD Toolbox
   \\    /   O peration     | Website:  https://openfoam.org
    \\  /    A nd           | Version:  7
     \\/     M anipulation  |
\*---------------------------------------------------------------------------*/
FoamFile
{
    version     2.0;
    format      ascii;
    class       volVectorField;
    location    "0.0027";
    object      U;
}
// * * * * * * * * * * * * * * * * * * * * * * * * * * * * * * * * * * * * * //

dimensions      [0 1 -1 0 0 0 0];

internalField   nonuniform List<vector> 
1166
(
(2.047546022e-08 2.041388695e-19 -0.002139776169)
(5.339676509e-08 1.008396483e-19 -0.002139778233)
(2.016677689e-08 -1.616504883e-19 -0.002140569109)
(5.259073408e-08 -4.104935315e-20 -0.002140571196)
(8.284157933e-08 2.205771712e-20 -0.002140575782)
(1.133871767e-07 4.114536723e-20 -0.002140582598)
(1.429411957e-07 1.821680348e-19 -0.002140591506)
(1.711335068e-07 1.529172454e-19 -0.002140602425)
(1.978189805e-07 1.420306195e-19 -0.002140615271)
(2.229340331e-07 1.654216415e-19 -0.00214062997)
(2.464321469e-07 2.213792189e-19 -0.00214064645)
(2.68227274e-07 2.531187796e-19 -0.002140664658)
(2.882754711e-07 2.613818599e-19 -0.002140684535)
(3.06552127e-07 2.975545213e-19 -0.002140706025)
(3.23045136e-07 3.01154092e-19 -0.00214072907)
(3.377605427e-07 3.192048387e-19 -0.002140753615)
(3.507026489e-07 3.505626888e-19 -0.002140779612)
(3.618838343e-07 3.966048168e-19 -0.002140807007)
(3.713230913e-07 3.790818873e-19 -0.002140835746)
(3.790467532e-07 3.698936674e-19 -0.002140865771)
(3.850976003e-07 3.642631614e-19 -0.002140897026)
(3.895157648e-07 3.655896812e-19 -0.002140929449)
(3.923353923e-07 3.424318044e-19 -0.002140962968)
(3.935995178e-07 3.21607048e-19 -0.00214099751)
(3.933513085e-07 3.023429929e-19 -0.002141032994)
(3.916538835e-07 3.090697428e-19 -0.002141069337)
(3.885588399e-07 3.151088911e-19 -0.002141106445)
(3.841192852e-07 3.207603489e-19 -0.002141144218)
(3.783890055e-07 3.262360943e-19 -0.002141182548)
(3.714197931e-07 3.31676236e-19 -0.002141221318)
(3.632774101e-07 3.384756387e-19 -0.002141260405)
(3.54014199e-07 3.272118415e-19 -0.002141299675)
(3.436818192e-07 3.151919338e-19 -0.002141338984)
(3.3234567e-07 3.181554008e-19 -0.002141378184)
(3.200608655e-07 3.228348796e-19 -0.002141417118)
(3.068752183e-07 3.277797786e-19 -0.002141455615)
(2.928384598e-07 3.325189631e-19 -0.002141493502)
(2.78000593e-07 3.371478543e-19 -0.002141530595)
(2.624096354e-07 3.325809263e-19 -0.002141566705)
(2.461142987e-07 3.188916432e-19 -0.002141601635)
(2.291672081e-07 3.040112922e-19 -0.002141635184)
(2.116121892e-07 2.99393066e-19 -0.002141667145)
(1.93488892e-07 2.976942124e-19 -0.002141697305)
(1.748407802e-07 2.938193174e-19 -0.002141725447)
(1.557046566e-07 2.872094255e-19 -0.002141751352)
(1.361202246e-07 2.829243079e-19 -0.0021417748)
(1.161228848e-07 2.801615701e-19 -0.002141795567)
(9.574258427e-08 2.811326666e-19 -0.002141813429)
(7.500712584e-08 2.785387005e-19 -0.002141828159)
(5.393825481e-08 2.750072766e-19 -0.002141839534)
(3.266321287e-08 2.742782173e-19 -0.002141847333)
(1.153385724e-08 2.71785555e-19 -0.00214185133)
(1.988347517e-08 -2.855078027e-19 -0.002141344817)
(5.184740684e-08 4.674255289e-21 -0.00214134692)
(8.165060346e-08 2.30001129e-19 -0.002141351542)
(1.117202158e-07 4.635883956e-19 -0.002141358422)
(1.408098485e-07 4.303246752e-19 -0.002141367422)
(1.685851979e-07 2.356867387e-19 -0.002141378447)
(1.94917528e-07 1.175391039e-19 -0.002141391411)
(2.196932242e-07 1.404574552e-19 -0.002141406249)
(2.428455942e-07 1.070338848e-19 -0.002141422889)
(2.643454505e-07 8.254907371e-20 -0.002141441259)
(2.84124498e-07 1.32084513e-19 -0.002141461307)
(3.021529407e-07 1.769429991e-19 -0.002141482977)
(3.184242593e-07 2.79329661e-19 -0.002141506217)
(3.329406677e-07 3.308645346e-19 -0.002141530972)
(3.457089991e-07 3.48495253e-19 -0.002141557189)
(3.567367391e-07 3.794997159e-19 -0.002141584812)
(3.66045322e-07 4.24370168e-19 -0.002141613785)
(3.736702897e-07 4.468690976e-19 -0.002141644053)
(3.796462763e-07 4.164105251e-19 -0.002141675554)
(3.840027398e-07 4.011483172e-19 -0.002141708221)
(3.867796834e-07 3.966456759e-19 -0.002141741983)
(3.880210686e-07 3.717437757e-19 -0.002141776766)
(3.877823845e-07 3.547068279e-19 -0.002141812488)
(3.861104095e-07 3.439258742e-19 -0.002141849064)
(3.830583968e-07 3.368767638e-19 -0.002141886395)
(3.786792687e-07 3.317555225e-19 -0.002141924381)
(3.730249843e-07 3.2713587e-19 -0.002141962911)
(3.661583124e-07 3.216935721e-19 -0.002142001867)
(3.581328942e-07 3.351402475e-19 -0.002142041125)
(3.489997826e-07 3.468876116e-19 -0.002142080547)
(3.388213704e-07 3.547296808e-19 -0.002142119992)
(3.276561483e-07 3.624727953e-19 -0.002142159311)
(3.155502742e-07 3.778209181e-19 -0.002142198342)
(3.025531327e-07 3.84830013e-19 -0.002142236917)
(2.88719706e-07 3.867314215e-19 -0.00214227486)
(2.740954678e-07 3.847151682e-19 -0.002142311989)
(2.587281586e-07 3.717705002e-19 -0.002142348116)
(2.426731888e-07 3.626380519e-19 -0.002142383044)
(2.259746987e-07 3.613060243e-19 -0.002142416573)
(2.086738844e-07 3.695054547e-19 -0.002142448499)
(1.9080735e-07 3.708659864e-19 -0.002142478609)
(1.724179677e-07 3.724461316e-19 -0.002142506691)
(1.535575819e-07 3.745377219e-19 -0.002142532527)
(1.342555277e-07 3.77330271e-19 -0.0021425559)
(1.14541591e-07 3.754886796e-19 -0.00214257659)
(9.444398623e-08 3.692081335e-19 -0.002142594376)
(7.398388334e-08 3.749272034e-19 -0.002142609037)
(5.320178835e-08 3.697070632e-19 -0.002142620353)
(3.221594447e-08 3.639754309e-19 -0.002142628106)
(1.137186964e-08 3.674815753e-19 -0.002142632078)
(1.957508708e-08 2.852960319e-19 -0.002142103923)
(5.104289304e-08 2.355833486e-19 -0.002142106042)
(8.040278058e-08 2.287888144e-19 -0.002142110696)
(1.100608134e-07 2.542090803e-19 -0.002142117629)
(1.387648383e-07 9.485826227e-20 -0.002142126712)
(1.661421779e-07 9.236196227e-20 -0.002142137841)
(1.920775477e-07 8.047781988e-20 -0.00214215093)
(2.16510638e-07 6.935477439e-20 -0.0021421659)
(2.393436595e-07 4.642966201e-20 -0.002142182686)
(2.605214765e-07 1.25391506e-20 -0.00214220122)
(2.800254629e-07 4.051054294e-20 -0.00214222144)
(2.978124522e-07 5.310219272e-20 -0.002142243294)
(3.138689854e-07 1.07623749e-19 -0.002142266728)
(3.281929889e-07 1.55375169e-19 -0.002142291688)
(3.407848717e-07 1.967688419e-19 -0.002142318116)
(3.516601332e-07 2.300817911e-19 -0.002142345956)
(3.608474994e-07 2.568810622e-19 -0.002142375154)
(3.683753356e-07 2.744438152e-19 -0.002142405651)
(3.742674173e-07 2.858519843e-19 -0.00214243738)
(3.785603781e-07 2.89773401e-19 -0.002142470274)
(3.813013593e-07 2.856362647e-19 -0.002142504262)
(3.825350896e-07 3.026892893e-19 -0.002142539268)
(3.822999294e-07 3.134184002e-19 -0.002142575207)
(3.806509836e-07 3.202465664e-19 -0.00214261199)
(3.776411278e-07 3.244545176e-19 -0.002142649521)
(3.733236626e-07 3.266710694e-19 -0.002142687693)
(3.677560418e-07 3.270440884e-19 -0.002142726398)
(3.609914679e-07 3.253449222e-19 -0.002142765516)
(3.530805838e-07 3.206021286e-19 -0.002142804917)
(3.440826609e-07 3.338902349e-19 -0.002142844467)
(3.340609331e-07 3.469308203e-19 -0.002142884022)
(3.230611649e-07 3.579026343e-19 -0.002142923429)
(3.111303013e-07 3.622446706e-19 -0.002142962529)
(2.983233739e-07 3.647570608e-19 -0.002143001151)
(2.846878584e-07 3.683650385e-19 -0.002143039123)
(2.702740787e-07 3.71081557e-19 -0.002143076261)
(2.551283375e-07 3.805720919e-19 -0.002143112377)
(2.39301222e-07 3.948747778e-19 -0.002143147278)
(2.228471595e-07 4.101937733e-19 -0.002143180763)
(2.057959883e-07 4.118026602e-19 -0.002143212628)
(1.881852413e-07 4.152601119e-19 -0.002143242667)
(1.700614165e-07 4.202913142e-19 -0.002143270668)
(1.514645326e-07 4.269191079e-19 -0.002143296417)
(1.324368243e-07 4.290601084e-19 -0.002143319699)
(1.13001102e-07 4.297305586e-19 -0.002143340298)
(9.318238077e-08 4.324004534e-19 -0.002143357997)
(7.300163508e-08 4.360292872e-19 -0.00214337258)
(5.249288684e-08 4.365636044e-19 -0.002143383831)
(3.179269528e-08 4.371270658e-19 -0.002143391535)
(1.122476031e-08 4.402268995e-19 -0.002143395482)
(1.929251008e-08 2.64662882e-19 -0.002142846823)
(5.029803546e-08 1.833215256e-19 -0.002142848969)
(7.92200334e-08 1.162715204e-19 -0.00214285368)
(1.084397483e-07 5.761652135e-20 -0.002142860694)
(1.36720075e-07 -2.200827565e-20 -0.002142869866)
(1.637194017e-07 3.419433763e-20 -0.00214288109)
(1.893073415e-07 6.318101162e-20 -0.00214289429)
(2.133888932e-07 7.905974128e-20 -0.002142909388)
(2.359008803e-07 8.724265294e-20 -0.002142926312)
(2.567940228e-07 8.525401876e-20 -0.002142945)
(2.760241411e-07 8.708429972e-20 -0.002142965392)
(2.93572255e-07 9.290047788e-20 -0.002142987427)
(3.094140012e-07 4.300945072e-20 -0.002143011052)
(3.235396513e-07 5.154300229e-20 -0.002143036205)
(3.359590066e-07 9.96211455e-20 -0.002143062834)
(3.466932845e-07 1.353892826e-19 -0.002143090882)
(3.557637027e-07 1.651771801e-19 -0.002143120294)
(3.631880034e-07 1.843547695e-19 -0.002143151002)
(3.689977178e-07 2.305524016e-19 -0.002143182943)
(3.732356388e-07 2.660596922e-19 -0.002143216049)
(3.759435789e-07 2.919282833e-19 -0.002143250246)
(3.771582486e-07 3.074053975e-19 -0.002143285455)
(3.769286397e-07 3.182684369e-19 -0.002143321589)
(3.75305666e-07 3.264560703e-19 -0.002143358559)
(3.723410968e-07 3.332869659e-19 -0.002143396265)
(3.680898564e-07 3.398566699e-19 -0.002143434602)
(3.626078479e-07 3.472842014e-19 -0.002143473457)
(3.559423631e-07 3.572304679e-19 -0.002143512708)
(3.481484687e-07 3.475857273e-19 -0.002143552226)
(3.392880644e-07 3.415349866e-19 -0.002143591876)
(3.29412046e-07 3.405675248e-19 -0.002143631512)
(3.185717604e-07 3.49858054e-19 -0.002143670981)
(3.068138346e-07 3.485238593e-19 -0.002143710121)
(2.941881522e-07 3.545946723e-19 -0.002143748765)
(2.807521632e-07 3.680468269e-19 -0.002143786737)
(2.665477831e-07 3.897277677e-19 -0.002143823856)
(2.516225553e-07 4.129703564e-19 -0.002143859936)
(2.36025948e-07 4.234195836e-19 -0.002143894785)
(2.19798518e-07 4.284977976e-19 -0.002143928203)
(2.029879565e-07 4.226363271e-19 -0.002143959988)
(1.856301178e-07 4.188238518e-19 -0.002143989935)
(1.677651645e-07 4.159154797e-19 -0.002144017837)
(1.49434472e-07 4.130635302e-19 -0.002144043482)
(1.306667112e-07 4.095638791e-19 -0.002144066659)
(1.114980694e-07 4.112135508e-19 -0.002144087154)
(9.195080311e-08 4.118599002e-19 -0.002144104754)
(7.204483766e-08 4.112725428e-19 -0.002144119248)
(5.181259297e-08 4.094268443e-19 -0.002144130426)
(3.137557777e-08 4.117004721e-19 -0.002144138079)
(1.107308072e-08 4.12837514e-19 -0.002144141995)
(1.901744193e-08 6.06374899e-20 -0.002143574052)
(4.958450024e-08 9.500099806e-20 -0.002143576214)
(7.810751307e-08 1.004761803e-19 -0.002143580967)
(1.069263311e-07 9.708767861e-20 -0.00214358804)
(1.347976754e-07 9.168811189e-20 -0.002143597291)
(1.613914182e-07 9.200441186e-20 -0.002143608615)
(1.866067026e-07 8.685200536e-20 -0.002143621928)
(2.103598412e-07 7.145008478e-20 -0.002143637149)
(2.325633635e-07 1.400634567e-19 -0.002143654213)
(2.531656538e-07 1.181133844e-19 -0.002143673054)
(2.721446015e-07 1.014674807e-19 -0.002143693607)
(2.894556268e-07 9.250619369e-20 -0.002143715814)
(3.050766526e-07 8.79205287e-20 -0.002143739613)
(3.190104728e-07 9.391892665e-20 -0.002143764951)
(3.312697457e-07 1.059256879e-19 -0.002143791772)
(3.418672997e-07 1.177639964e-19 -0.002143820018)
(3.508141473e-07 1.723177247e-19 -0.002143849625)
(3.581363266e-07 2.25787585e-19 -0.00214388053)
(3.638712656e-07 2.829446741e-19 -0.002143912667)
(3.680574042e-07 3.457320915e-19 -0.002143945968)
(3.707308592e-07 3.846174581e-19 -0.002143980355)
(3.719329528e-07 3.658247064e-19 -0.002144015745)
(3.717108809e-07 3.549025847e-19 -0.002144052055)
(3.701152046e-07 3.479245632e-19 -0.00214408919)
(3.671980489e-07 3.431576225e-19 -0.00214412705)
(3.630128462e-07 3.386916379e-19 -0.002144165528)
(3.576078343e-07 3.318576794e-19 -0.002144204508)
(3.510395813e-07 3.440523939e-19 -0.002144243868)
(3.433656556e-07 3.521309263e-19 -0.00214428348)
(3.346382054e-07 3.579480701e-19 -0.002144323205)
(3.249112302e-07 3.631880929e-19 -0.002144362896)
(3.142289715e-07 3.660475475e-19 -0.0021444024)
(3.026397059e-07 3.692707329e-19 -0.002144441556)
(2.901922624e-07 3.731875225e-19 -0.002144480197)
(2.769378258e-07 3.777843808e-19 -0.002144518146)
(2.629366072e-07 3.827694359e-19 -0.002144555225)
(2.482282627e-07 3.87489094e-19 -0.002144591246)
(2.328532006e-07 3.939575102e-19 -0.002144626021)
(2.168568934e-07 3.993204558e-19 -0.002144659351)
(2.002789063e-07 4.035436741e-19 -0.002144691036)
(1.831671329e-07 4.069257358e-19 -0.002144720875)
(1.655538164e-07 4.095661693e-19 -0.002144748663)
(1.474718951e-07 4.117639199e-19 -0.00214477419)
(1.289607318e-07 4.137462153e-19 -0.002144797248)
(1.100456844e-07 4.156906855e-19 -0.002144817628)
(9.076091943e-08 4.175525125e-19 -0.002144835121)
(7.112363738e-08 4.177309991e-19 -0.002144849519)
(5.11612758e-08 4.178351142e-19 -0.002144860619)
(3.098990244e-08 4.179570498e-19 -0.002144868215)
(1.09346928e-08 4.180446568e-19 -0.002144872103)
(1.87477574e-08 6.556776649e-20 -0.002144285987)
(4.888058381e-08 1.189187817e-19 -0.002144288171)
(7.699806962e-08 1.491147664e-19 -0.002144292961)
(1.054076544e-07 1.60260805e-19 -0.002144300087)
(1.329004683e-07 1.7233816e-19 -0.002144309405)
(1.591469231e-07 1.906482389e-19 -0.002144320818)
(1.840182246e-07 2.160647159e-19 -0.002144334236)
(2.074378052e-07 2.502093896e-19 -0.002144349581)
(2.293479821e-07 1.837172355e-19 -0.002144366781)
(2.496811483e-07 1.209905571e-19 -0.002144385769)
(2.68393788e-07 5.576122792e-20 -0.002144406478)
(2.854666211e-07 5.514187536e-20 -0.002144428844)
(3.008818985e-07 4.394375173e-20 -0.002144452813)
(3.146403854e-07 8.33738073e-20 -0.002144478328)
(3.267457117e-07 1.16853738e-19 -0.002144505332)
(3.372017955e-07 1.489928173e-19 -0.00214453376)
(3.460289767e-07 1.839183617e-19 -0.00214456355)
(3.532587038e-07 2.216563864e-19 -0.002144594638)
(3.589246226e-07 2.632828161e-19 -0.002144626959)
(3.630585673e-07 2.72196546e-19 -0.002144660438)
(3.656977421e-07 2.889778415e-19 -0.002144694997)
(3.668886649e-07 3.113990713e-19 -0.002144730552)
(3.666765861e-07 3.35837092e-19 -0.002144767017)
(3.651099456e-07 3.340453943e-19 -0.002144804296)
(3.622410221e-07 3.359691426e-19 -0.002144842289)
(3.581173175e-07 3.443308984e-19 -0.002144880886)
(3.527951894e-07 3.551067299e-19 -0.002144919968)
(3.463296172e-07 3.645292405e-19 -0.002144959415)
(3.387734326e-07 3.752461049e-19 -0.002144999098)
(3.301712102e-07 3.759525731e-19 -0.002145038874)
(3.205740421e-07 3.779938248e-19 -0.002145078598)
(3.100437242e-07 3.703422234e-19 -0.002145118113)
(2.986189795e-07 3.725382156e-19 -0.00214515726)
(2.863463954e-07 3.743215335e-19 -0.002145195873)
(2.732817899e-07 3.757975399e-19 -0.002145233777)
(2.594733461e-07 3.768845763e-19 -0.002145270794)
(2.449721263e-07 3.773971438e-19 -0.002145306738)
(2.298085793e-07 3.855736205e-19 -0.002145341419)
(2.140255057e-07 3.9325095e-19 -0.002145374643)
(1.976805692e-07 4.009539146e-19 -0.002145406212)
(1.80804366e-07 4.089700917e-19 -0.002145435926)
(1.634321152e-07 4.096997791e-19 -0.002145463583)
(1.455931694e-07 4.111077694e-19 -0.002145488978)
(1.273195038e-07 4.134997914e-19 -0.002145511906)
(1.08651341e-07 4.167888553e-19 -0.002145532159)
(8.961330855e-08 4.209118513e-19 -0.002145549536)
(7.023288526e-08 4.196797723e-19 -0.002145563831)
(5.052965757e-08 4.189649864e-19 -0.002145574844)
(3.061509997e-08 4.186009807e-19 -0.002145582376)
(1.080562447e-08 4.184863099e-19 -0.002145586229)
(1.849869926e-08 9.29255926e-20 -0.002144982982)
(4.822750373e-08 2.026474163e-19 -0.002144985184)
(7.596688922e-08 3.242295431e-19 -0.002144990013)
(1.039972192e-07 2.316570842e-19 -0.002144997196)
(1.311134399e-07 2.179646123e-19 -0.002145006591)
(1.569950297e-07 2.371135006e-19 -0.002145018093)
(1.815378694e-07 2.722706564e-19 -0.002145031615)
(2.046614183e-07 3.144030231e-19 -0.002145047078)
(2.262831391e-07 2.422186362e-19 -0.002145064405)
(2.463431539e-07 1.696157121e-19 -0.002145083526)
(2.648091928e-07 8.039391982e-20 -0.002145104378)
(2.816581485e-07 8.974813343e-20 -0.0021451269)
(2.968811223e-07 7.240402367e-20 -0.002145151034)
(3.104679908e-07 1.029843525e-19 -0.002145176718)
(3.224141458e-07 1.238358533e-19 -0.00214520389)
(3.3273389e-07 1.402749441e-19 -0.002145232487)
(3.414519263e-07 1.52573152e-19 -0.002145262448)
(3.485963718e-07 1.612022583e-19 -0.002145293709)
(3.541941225e-07 1.622751196e-19 -0.002145326197)
(3.582773651e-07 1.575561211e-19 -0.002145359838)
(3.608856343e-07 1.756764148e-19 -0.002145394551)
(3.620641249e-07 2.204153488e-19 -0.002145430255)
(3.618638585e-07 2.553512595e-19 -0.002145466857)
(3.603302309e-07 2.890631115e-19 -0.002145504264)
(3.575081312e-07 3.180744499e-19 -0.002145542371)
(3.534430569e-07 3.388675382e-19 -0.002145581066)
(3.481952132e-07 3.61317547e-19 -0.002145620233)
(3.418318063e-07 3.639107189e-19 -0.002145659748)
(3.343878947e-07 3.737945003e-19 -0.002145699478)
(3.259076743e-07 3.691001553e-19 -0.002145739283)
(3.164458007e-07 3.694480564e-19 -0.002145779017)
(3.060516109e-07 3.725611127e-19 -0.002145818525)
(2.947830093e-07 3.778258235e-19 -0.002145857646)
(2.826792257e-07 3.756097636e-19 -0.002145896213)
(2.697907268e-07 3.754592621e-19 -0.002145934055)
(2.561777726e-07 3.770266256e-19 -0.002145970992)
(2.418701794e-07 3.803728269e-19 -0.00214600684)
(2.269091968e-07 3.854488334e-19 -0.002146041411)
(2.113386076e-07 3.838338821e-19 -0.002146074514)
(1.952026146e-07 3.83004676e-19 -0.002146105955)
(1.785509456e-07 3.824597294e-19 -0.002146135531)
(1.614051818e-07 3.819737031e-19 -0.002146163047)
(1.437973217e-07 3.811777076e-19 -0.002146188299)
(1.257573031e-07 3.868399986e-19 -0.002146211087)
(1.07318965e-07 3.919569664e-19 -0.00214623121)
(8.851957858e-08 3.963441669e-19 -0.002146248466)
(6.937289408e-08 3.998422918e-19 -0.002146262657)
(4.991105867e-08 4.025066765e-19 -0.002146273583)
(3.023677065e-08 4.043476571e-19 -0.002146281053)
(1.066579111e-08 4.053324573e-19 -0.002146284871)
(1.825594685e-08 4.822005304e-20 -0.002145665423)
(4.759352399e-08 5.572217143e-20 -0.002145667643)
(7.496856534e-08 2.550969859e-20 -0.002145672509)
(1.026333874e-07 -2.611344907e-20 -0.002145679746)
(1.294075301e-07 9.527409047e-20 -0.00214568921)
(1.549714659e-07 1.748137979e-19 -0.0021457008)
(1.7920441e-07 2.336271779e-19 -0.002145714422)
(2.020237343e-07 2.771897264e-19 -0.002145729994)
(2.233637513e-07 3.026521112e-19 -0.002145747436)
(2.431693217e-07 3.179524775e-19 -0.002145766685)
(2.614062249e-07 3.367888993e-19 -0.002145787677)
(2.780551236e-07 2.850561658e-19 -0.002145810349)
(2.930930508e-07 2.435525524e-19 -0.002145834637)
(3.065063415e-07 2.000102553e-19 -0.002145860476)
(3.183027574e-07 1.569007764e-19 -0.002145887806)
(3.284993571e-07 1.567381172e-19 -0.002145916564)
(3.371177523e-07 1.438427857e-19 -0.002145946687)
(3.441791007e-07 1.630101682e-19 -0.002145978106)
(3.497106376e-07 1.720292814e-19 -0.002146010748)
(3.537466753e-07 2.171791175e-19 -0.002146044537)
(3.563279005e-07 2.286478711e-19 -0.002146079393)
(3.575033612e-07 2.458304099e-19 -0.002146115228)
(3.573163957e-07 2.394933121e-19 -0.002146151953)
(3.55813003e-07 2.653555306e-19 -0.002146189471)
(3.53033417e-07 2.850346213e-19 -0.002146227674)
(3.490309988e-07 2.966567481e-19 -0.002146266451)
(3.438674008e-07 3.014828667e-19 -0.002146305686)
(3.375880326e-07 2.990970939e-19 -0.002146345252)
(3.302457022e-07 3.020579173e-19 -0.002146385013)
(3.218816662e-07 3.114911459e-19 -0.002146424831)
(3.125446532e-07 3.274544687e-19 -0.00214646456)
(3.022936505e-07 3.401945732e-19 -0.002146504042)
(2.911705063e-07 3.398493815e-19 -0.002146543119)
(2.792285823e-07 3.369384995e-19 -0.002146581625)
(2.66512786e-07 3.402897599e-19 -0.002146619389)
(2.530663067e-07 3.405703862e-19 -0.002146656233)
(2.389435591e-07 3.471028323e-19 -0.00214669197)
(2.241776651e-07 3.515821236e-19 -0.002146726417)
(2.088124283e-07 3.547301315e-19 -0.002146759386)
(1.928849319e-07 3.565559056e-19 -0.002146790685)
(1.764316421e-07 3.569681141e-19 -0.002146820116)
(1.594988646e-07 3.643467029e-19 -0.002146847481)
(1.42107167e-07 3.700942875e-19 -0.002146872583)
(1.242918357e-07 3.792772231e-19 -0.002146895224)
(1.060834393e-07 3.870460621e-19 -0.002146915208)
(8.750944793e-08 3.937779621e-19 -0.00214693234)
(6.858986643e-08 3.997267882e-19 -0.002146946422)
(4.934687414e-08 4.052718866e-19 -0.002146957262)
(2.990092293e-08 4.107168494e-19 -0.002146964669)
(1.05494663e-08 4.163191685e-19 -0.002146968456)
(1.803515449e-08 2.524531765e-19 -0.002146333615)
(4.701468077e-08 7.969246844e-20 -0.002146335854)
(7.405505469e-08 -8.893004231e-20 -0.002146340758)
(1.013852858e-07 2.450667319e-20 -0.00214634805)
(1.278313162e-07 1.017634617e-19 -0.002146357584)
(1.530752935e-07 1.812856775e-19 -0.002146369252)
(1.770069351e-07 2.591010518e-19 -0.002146382963)
(1.995469659e-07 3.388714472e-19 -0.002146398635)
(2.206293372e-07 4.28381646e-19 -0.002146416195)
(2.402047147e-07 4.431459963e-19 -0.002146435573)
(2.582369729e-07 4.926495539e-19 -0.002146456704)
(2.746908779e-07 4.329305555e-19 -0.002146479519)
(2.895432382e-07 4.037250274e-19 -0.00214650395)
(3.027962394e-07 3.13412639e-19 -0.002146529937)
(3.144584755e-07 2.986593187e-19 -0.002146557418)
(3.245439357e-07 2.839855675e-19 -0.00214658633)
(3.330671744e-07 2.708988416e-19 -0.002146616606)
(3.400500665e-07 2.554226128e-19 -0.002146648173)
(3.455216019e-07 2.425519363e-19 -0.00214668096)
(3.495170012e-07 2.306529021e-19 -0.002146714888)
(3.52073534e-07 2.585063371e-19 -0.002146749875)
(3.532387075e-07 2.485266332e-19 -0.002146785835)
(3.530695864e-07 2.745326811e-19 -0.002146822671)
(3.515940842e-07 3.025576644e-19 -0.002146860284)
(3.488575856e-07 3.048221003e-19 -0.002146898569)
(3.449189045e-07 3.163391654e-19 -0.002146937416)
(3.398276838e-07 3.321809495e-19 -0.002146976705)
(3.336370604e-07 3.36808648e-19 -0.002147016305)
(3.26388278e-07 3.238949744e-19 -0.002147056084)
(3.181333405e-07 3.329103306e-19 -0.002147095902)
(3.089148321e-07 3.382398797e-19 -0.00214713561)
(2.987830584e-07 3.429677665e-19 -0.002147175055)
(2.878034423e-07 3.46635342e-19 -0.002147214075)
(2.760145054e-07 3.599679676e-19 -0.002147252506)
(2.634605349e-07 3.594903491e-19 -0.002147290178)
(2.501773336e-07 3.574911383e-19 -0.002147326914)
(2.362122047e-07 3.532219883e-19 -0.002147362532)
(2.216298672e-07 3.459773908e-19 -0.002147396846)
(2.064557784e-07 3.529328592e-19 -0.002147429672)
(1.907241212e-07 3.660071153e-19 -0.002147460817)
(1.744672957e-07 3.78487664e-19 -0.002147490092)
(1.57720024e-07 3.91509905e-19 -0.0021475173)
(1.405280285e-07 4.057496165e-19 -0.002147542244)
(1.229160046e-07 4.051998022e-19 -0.002147564733)
(1.049219981e-07 4.062620359e-19 -0.002147584572)
(8.656435448e-08 4.090353592e-19 -0.002147601569)
(6.785647746e-08 4.07045438e-19 -0.002147615536)
(4.882495493e-08 4.064447515e-19 -0.002147626281)
(2.958090488e-08 4.068850661e-19 -0.002147633622)
(1.043350275e-08 4.023307136e-19 -0.00214763737)
(1.783008468e-08 2.751909292e-19 -0.002146987879)
(4.647724425e-08 1.577477349e-19 -0.002146990134)
(7.320508517e-08 8.180163645e-20 -0.002146995069)
(1.002182867e-07 4.727486267e-20 -0.002147002406)
(1.263583151e-07 1.33951815e-20 -0.002147011998)
(1.513124855e-07 1.371149492e-19 -0.002147023741)
(1.749733209e-07 2.264575873e-19 -0.002147037544)
(1.972646004e-07 3.032891766e-19 -0.002147053323)
(2.181190091e-07 3.844850739e-19 -0.002147071002)
(2.374864227e-07 3.948339269e-19 -0.002147090509)
(2.553175087e-07 4.175049967e-19 -0.002147111771)
(2.715785994e-07 4.387343308e-19 -0.002147134717)
(2.862658344e-07 4.628226767e-19 -0.002147159287)
(2.993785043e-07 4.223799607e-19 -0.002147185418)
(3.109220064e-07 4.421257348e-19 -0.002147213047)
(3.2090346e-07 4.129985889e-19 -0.002147242106)
(3.293386012e-07 3.928535552e-19 -0.002147272526)
(3.362502664e-07 3.284684874e-19 -0.002147304235)
(3.416695373e-07 3.064367963e-19 -0.002147337158)
(3.456295963e-07 2.805682503e-19 -0.002147371217)
(3.481706656e-07 2.830619475e-19 -0.002147406328)
(3.493349933e-07 2.809478005e-19 -0.002147442402)
(3.491627579e-07 2.951183438e-19 -0.002147479343)
(3.477121486e-07 3.020818991e-19 -0.002147517043)
(3.450257211e-07 3.1018301e-19 -0.002147555403)
(3.411499538e-07 3.185524016e-19 -0.002147594312)
(3.361258431e-07 3.294271758e-19 -0.002147633644)
(3.300031764e-07 3.441115914e-19 -0.002147673272)
(3.228479454e-07 3.396157385e-19 -0.002147713058)
(3.146934839e-07 3.377676757e-19 -0.002147752864)
(3.055864435e-07 3.466365498e-19 -0.002147792543)
(2.955743474e-07 3.567376807e-19 -0.002147831941)
(2.847117454e-07 3.701917197e-19 -0.002147870898)
(2.730652862e-07 3.881926546e-19 -0.002147909247)
(2.606575675e-07 4.004505937e-19 -0.00214794682)
(2.475282065e-07 4.072665308e-19 -0.00214798344)
(2.337247552e-07 4.080506814e-19 -0.002148018931)
(2.192939656e-07 4.025906317e-19 -0.00214805311)
(2.042904897e-07 3.957102687e-19 -0.002148085787)
(1.887338576e-07 3.865020669e-19 -0.002148116777)
(1.726580813e-07 3.858593042e-19 -0.002148145889)
(1.560940817e-07 3.853634674e-19 -0.002148172934)
(1.390777393e-07 3.849409087e-19 -0.002148197721)
(1.216528472e-07 3.786816173e-19 -0.002148220057)
(1.038420486e-07 3.722414756e-19 -0.002148239754)
(8.567754808e-08 3.656001509e-19 -0.002148256619)
(6.716633302e-08 3.677793395e-19 -0.00214827047)
(4.833314823e-08 3.71252002e-19 -0.002148281122)
(2.928456478e-08 3.65017541e-19 -0.002148288396)
(1.03229588e-08 3.56523275e-19 -0.002148292112)
(1.764237008e-08 -1.945322132e-19 -0.002147628425)
(4.598541631e-08 4.73444399e-20 -0.002147630698)
(7.242805962e-08 2.091737552e-19 -0.002147635667)
(9.915443116e-08 3.333047039e-19 -0.002147643056)
(1.250232134e-07 1.971547093e-19 -0.002147652717)
(1.497260266e-07 2.237408301e-19 -0.002147664543)
(1.731491485e-07 2.260111594e-19 -0.002147678442)
(1.952163418e-07 2.064099925e-19 -0.002147694331)
(2.15863049e-07 1.563267845e-19 -0.002147712127)
(2.350290166e-07 2.778265531e-19 -0.002147731754)
(2.526667654e-07 3.627729368e-19 -0.002147753141)
(2.687628892e-07 4.287413462e-19 -0.002147776222)
(2.833083732e-07 4.842196232e-19 -0.002147800934)
(2.96298947e-07 5.301057702e-19 -0.00214782721)
(3.077333025e-07 5.033279145e-19 -0.002147854984)
(3.176203762e-07 4.808962968e-19 -0.002147884188)
(3.259761981e-07 4.657602497e-19 -0.002147914749)
(3.328267427e-07 4.588144388e-19 -0.002147946597)
(3.382000531e-07 4.148602324e-19 -0.002147979654)
(3.421317573e-07 4.310785075e-19 -0.00214801384)
(3.446615e-07 3.889158575e-19 -0.00214804907)
(3.458245333e-07 4.029501376e-19 -0.002148085253)
(3.456605384e-07 3.56954607e-19 -0.00214812229)
(3.442250003e-07 3.180873503e-19 -0.002148160081)
(3.415857301e-07 3.137947146e-19 -0.002148198514)
(3.377661997e-07 2.917473027e-19 -0.002148237477)
(3.32805536e-07 2.793614404e-19 -0.002148276848)
(3.26754013e-07 2.743593818e-19 -0.002148316498)
(3.196631947e-07 2.938944779e-19 -0.002148356292)
(3.116000904e-07 3.068224533e-19 -0.002148396082)
(3.02595619e-07 3.096265676e-19 -0.002148435727)
(2.92697456e-07 3.050069076e-19 -0.002148475073)
(2.819555454e-07 3.13895201e-19 -0.002148513963)
(2.704150236e-07 3.282985721e-19 -0.00214855223)
(2.581348445e-07 3.488646358e-19 -0.0021485897)
(2.45145556e-07 3.777041838e-19 -0.002148626203)
(2.314927681e-07 3.972238325e-19 -0.002148661564)
(2.172144331e-07 4.138079156e-19 -0.002148695601)
(2.023488489e-07 4.081520957e-19 -0.002148728132)
(1.869457776e-07 3.966124801e-19 -0.002148758965)
(1.710263524e-07 3.844887187e-19 -0.002148787918)
(1.546304733e-07 3.722678267e-19 -0.0021488148)
(1.377878624e-07 3.587859629e-19 -0.002148839426)
(1.205298543e-07 3.508996244e-19 -0.00214886161)
(1.028883496e-07 3.404715853e-19 -0.002148881164)
(8.488403514e-08 3.270488835e-19 -0.002148897903)
(6.654412908e-08 3.15069872e-19 -0.002148911641)
(4.788604636e-08 2.987438303e-19 -0.002148922204)
(2.902177632e-08 2.859125554e-19 -0.002148929412)
(1.02346531e-08 2.843759256e-19 -0.002148933094)
(1.747981077e-08 -1.417390823e-19 -0.002148255545)
(4.555848776e-08 1.677023629e-19 -0.002148257836)
(7.175490281e-08 3.979372336e-19 -0.002148262842)
(9.823723754e-08 6.134655631e-19 -0.002148270285)
(1.238664357e-07 6.149474976e-19 -0.002148280017)
(1.483386647e-07 4.67158795e-19 -0.002148291932)
(1.715528868e-07 3.823969909e-19 -0.00214830593)
(1.934231081e-07 3.291056399e-19 -0.002148321924)
(2.138714253e-07 2.895756114e-19 -0.002148339831)
(2.328598563e-07 3.492287354e-19 -0.002148359577)
(2.503482817e-07 4.070667723e-19 -0.002148381094)
(2.66303745e-07 4.676124731e-19 -0.002148404313)
(2.807255752e-07 5.341491208e-19 -0.002148429168)
(2.936047559e-07 5.484944268e-19 -0.00214845559)
(3.049417842e-07 5.134466292e-19 -0.00214848351)
(3.147447559e-07 4.912029112e-19 -0.002148512858)
(3.230337764e-07 4.754101309e-19 -0.002148543564)
(3.298310398e-07 4.658139546e-19 -0.002148575552)
(3.351667503e-07 4.167388278e-19 -0.002148608744)
(3.390771522e-07 3.98769761e-19 -0.002148643059)
(3.415960315e-07 3.821706196e-19 -0.002148678409)
(3.427566345e-07 3.676971644e-19 -0.002148714701)
(3.426072529e-07 3.544024398e-19 -0.002148751837)
(3.412037699e-07 3.430515021e-19 -0.002148789716)
(3.385858963e-07 3.353573855e-19 -0.002148828227)
(3.348101091e-07 3.32962302e-19 -0.002148867245)
(3.299081467e-07 3.2863407e-19 -0.002148906654)
(3.2392313e-07 3.260833467e-19 -0.002148946326)
(3.16902373e-07 3.400024629e-19 -0.002148986124)
(3.088984192e-07 3.567812904e-19 -0.002149025906)
(2.999819693e-07 3.532991906e-19 -0.002149065519)
(2.901852034e-07 3.535531831e-19 -0.002149104816)
(2.795511203e-07 3.521326874e-19 -0.002149143638)
(2.68116974e-07 3.474952184e-19 -0.002149181821)
(2.559319468e-07 3.42834276e-19 -0.002149219195)
(2.430639085e-07 3.437545149e-19 -0.002149255585)
(2.295385864e-07 3.455187721e-19 -0.002149290819)
(2.153953879e-07 3.575076487e-19 -0.002149324717)
(2.006654042e-07 3.687175682e-19 -0.0021493571)
(1.853844371e-07 3.781209889e-19 -0.002149387782)
(1.696000761e-07 3.778247765e-19 -0.002149416577)
(1.533400577e-07 3.771779479e-19 -0.002149443302)
(1.36649931e-07 3.764503768e-19 -0.002149467771)
(1.195476124e-07 3.759308921e-19 -0.002149489803)
(1.02056522e-07 3.755666793e-19 -0.002149509213)
(8.42033616e-08 3.756224436e-19 -0.002149525822)
(6.600730481e-08 3.688143838e-19 -0.002149539451)
(4.750019747e-08 3.615922912e-19 -0.002149549924)
(2.878054595e-08 3.62113186e-19 -0.002149557071)
(1.014259883e-08 3.647067025e-19 -0.002149560716)
(1.73403209e-08 1.70194489e-19 -0.002148869456)
(4.519331022e-08 4.765922338e-19 -0.002148871769)
(7.117949185e-08 4.063483351e-19 -0.002148876817)
(9.745273219e-08 4.095032195e-19 -0.002148884319)
(1.228909328e-07 6.463733914e-19 -0.002148894125)
(1.471841281e-07 5.079683643e-19 -0.002148906122)
(1.702103605e-07 4.408131759e-19 -0.002148920213)
(1.918944098e-07 4.223262317e-19 -0.002148936311)
(2.121868595e-07 4.478334369e-19 -0.002148954336)
(2.310341986e-07 4.142020178e-19 -0.002148974213)
(2.483848879e-07 4.18070436e-19 -0.002148995867)
(2.642284326e-07 4.489029612e-19 -0.00214901923)
(2.785479531e-07 4.256165624e-19 -0.002149044234)
(2.913356997e-07 4.273048627e-19 -0.002149070808)
(3.025912019e-07 4.353908193e-19 -0.002149098881)
(3.123280911e-07 4.534196813e-19 -0.002149128384)
(3.205615414e-07 4.283776126e-19 -0.002149159241)
(3.273162821e-07 4.14047961e-19 -0.002149191375)
(3.32624754e-07 4.064078338e-19 -0.002149224709)
(3.365188221e-07 3.545142801e-19 -0.002149259159)
(3.390271385e-07 3.391206261e-19 -0.002149294634)
(3.401910998e-07 3.168703686e-19 -0.002149331041)
(3.400620325e-07 3.252378577e-19 -0.002149368284)
(3.386817132e-07 3.242647489e-19 -0.002149406257)
(3.360911928e-07 3.328376535e-19 -0.002149444846)
(3.323354359e-07 3.540038781e-19 -0.002149483933)
(3.274807424e-07 3.581129158e-19 -0.002149523388)
(3.215536593e-07 3.63482664e-19 -0.002149563088)
(3.145964906e-07 3.712500703e-19 -0.002149602897)
(3.066595109e-07 3.681128268e-19 -0.002149642674)
(2.977987251e-07 3.67194647e-19 -0.00214968227)
(2.88083567e-07 3.812941365e-19 -0.002149721526)
(2.775341434e-07 3.870107919e-19 -0.002149760289)
(2.661934362e-07 3.688743645e-19 -0.002149798394)
(2.541082824e-07 3.703266647e-19 -0.002149835676)
(2.413265058e-07 3.590808681e-19 -0.002149871965)
(2.279038484e-07 3.565576336e-19 -0.002149907082)
(2.138633101e-07 3.513951012e-19 -0.002149940851)
(1.992474647e-07 3.612543203e-19 -0.002149973092)
(1.840837153e-07 3.68495343e-19 -0.002150003626)
(1.684084754e-07 3.743144999e-19 -0.002150032273)
(1.522664735e-07 3.798076751e-19 -0.002150058848)
(1.356849673e-07 3.858628505e-19 -0.002150083171)
(1.1870226e-07 3.933549748e-19 -0.002150105057)
(1.013361519e-07 3.951816487e-19 -0.002150124331)
(8.361723869e-08 3.993782135e-19 -0.002150140814)
(6.555708967e-08 4.059316627e-19 -0.002150154335)
(4.717933429e-08 4.154182029e-19 -0.002150164721)
(2.858748986e-08 4.215340729e-19 -0.002150171806)
(1.006833813e-08 4.248019924e-19 -0.002150175425)
(1.723887014e-08 -4.019363269e-19 -0.002149470367)
(4.492371413e-08 3.617951646e-20 -0.002149472699)
(7.074970165e-08 2.666276082e-19 -0.002149477783)
(9.686062264e-08 4.111940087e-19 -0.002149485338)
(1.221255461e-07 3.359173215e-19 -0.002149495211)
(1.462446592e-07 3.092732597e-19 -0.002149507289)
(1.691258173e-07 2.950957173e-19 -0.002149521478)
(1.906918955e-07 2.885760725e-19 -0.002149537689)
(2.108630808e-07 2.846545095e-19 -0.002149555841)
(2.295909628e-07 2.749894547e-19 -0.002149575858)
(2.468472144e-07 2.626939803e-19 -0.002149597664)
(2.626004025e-07 2.454356309e-19 -0.002149621186)
(2.768394911e-07 2.236959979e-19 -0.002149646352)
(2.895547539e-07 2.616390096e-19 -0.002149673092)
(3.007501344e-07 2.867569881e-19 -0.002149701333)
(3.104345918e-07 3.054122606e-19 -0.002149731004)
(3.186200368e-07 3.281551717e-19 -0.002149762024)
(3.253402973e-07 3.579139508e-19 -0.002149794321)
(3.306276295e-07 3.604731688e-19 -0.00214982781)
(3.345031882e-07 3.427066639e-19 -0.002149862408)
(3.370072922e-07 3.4147889e-19 -0.002149898019)
(3.381841578e-07 3.557624781e-19 -0.002149934555)
(3.380755317e-07 3.745630506e-19 -0.002149971917)
(3.367162038e-07 3.813614959e-19 -0.002150009995)
(3.341481493e-07 3.733888573e-19 -0.002150048677)
(3.304216747e-07 3.704355274e-19 -0.002150087843)
(3.255817865e-07 3.693889297e-19 -0.002150127366)
(3.196955813e-07 3.69389355e-19 -0.00215016711)
(3.127904451e-07 3.640214093e-19 -0.002150206945)
(3.049132398e-07 3.583776346e-19 -0.002150246729)
(2.961153127e-07 3.730369123e-19 -0.002150286316)
(2.864422847e-07 3.803438695e-19 -0.002150325551)
(2.759530738e-07 3.819316037e-19 -0.00215036427)
(2.646801517e-07 3.861749204e-19 -0.002150402315)
(2.526774227e-07 3.863221732e-19 -0.002150439519)
(2.399795403e-07 3.870060912e-19 -0.002150475715)
(2.266248688e-07 3.891620931e-19 -0.00215051073)
(2.126624631e-07 3.836608675e-19 -0.002150544383)
(1.981198727e-07 3.796509935e-19 -0.002150576501)
(1.830481957e-07 3.761910501e-19 -0.0021506069)
(1.674720533e-07 3.72799561e-19 -0.002150635406)
(1.51423989e-07 3.689571416e-19 -0.00215066184)
(1.349351684e-07 3.641210004e-19 -0.002150686023)
(1.180346766e-07 3.576737758e-19 -0.002150707777)
(1.007629622e-07 3.591153481e-19 -0.002150726925)
(8.313583479e-08 3.657307952e-19 -0.002150743296)
(6.517737903e-08 3.698866821e-19 -0.002150756715)
(4.690725204e-08 3.716434796e-19 -0.00215076702)
(2.843111354e-08 3.707860346e-19 -0.002150774045)
(1.001749574e-08 3.670974466e-19 -0.002150777632)
(1.715622702e-08 4.033267991e-20 -0.002150058386)
(4.470788478e-08 -4.554168525e-20 -0.002150060736)
(7.041031498e-08 3.490351972e-19 -0.002150065859)
(9.639622144e-08 1.296339566e-19 -0.002150073474)
(1.215523787e-07 1.10289887e-20 -0.002150083429)
(1.455844095e-07 8.996337588e-20 -0.00215009561)
(1.683694245e-07 1.32289933e-19 -0.002150109919)
(1.898303387e-07 1.543644377e-19 -0.002150126258)
(2.099258435e-07 1.631193831e-19 -0.002150144554)
(2.285939912e-07 1.60496833e-19 -0.002150164725)
(2.45775222e-07 1.45986906e-19 -0.00215018669)
(2.614672298e-07 1.159515937e-19 -0.002150210381)
(2.756518315e-07 1.511427069e-19 -0.002150235723)
(2.883183802e-07 1.728121818e-19 -0.002150262641)
(2.994721083e-07 1.806027383e-19 -0.002150291066)
(3.09112007e-07 1.716511624e-19 -0.002150320914)
(3.172713161e-07 2.028416698e-19 -0.002150352119)
(3.239730933e-07 2.115599634e-19 -0.002150384597)
(3.292382508e-07 2.544767211e-19 -0.002150418266)
(3.331005643e-07 2.777013582e-19 -0.002150453033)
(3.356004162e-07 2.95712357e-19 -0.002150488812)
(3.367924644e-07 3.10821693e-19 -0.002150525503)
(3.366982051e-07 3.286482877e-19 -0.002150563007)
(3.353573835e-07 3.472030209e-19 -0.002150601211)
(3.328133561e-07 3.516557259e-19 -0.002150640006)
(3.291097131e-07 3.559284217e-19 -0.002150679271)
(3.242929768e-07 3.580656632e-19 -0.002150718878)
(3.184123853e-07 3.762016294e-19 -0.002150758697)
(3.115380347e-07 3.770785892e-19 -0.002150798582)
(3.037018503e-07 3.906319297e-19 -0.002150838398)
(2.949514983e-07 3.986938904e-19 -0.002150877997)
(2.853216304e-07 3.933223085e-19 -0.002150917226)
(2.748605379e-07 3.898829235e-19 -0.002150955927)
(2.636349931e-07 4.007514513e-19 -0.002150993934)
(2.51677164e-07 3.90591026e-19 -0.002151031085)
(2.39038605e-07 3.816696787e-19 -0.002151067209)
(2.257443363e-07 3.731460284e-19 -0.002151102137)
(2.118296968e-07 3.778623899e-19 -0.002151135694)
(1.973403947e-07 3.834129529e-19 -0.002151167703)
(1.823119062e-07 3.804156472e-19 -0.00215119799)
(1.667959385e-07 3.780165133e-19 -0.002151226373)
(1.508130015e-07 3.75403531e-19 -0.002151252681)
(1.34397076e-07 3.718267447e-19 -0.002151276735)
(1.175715504e-07 3.753620484e-19 -0.002151298365)
(1.003650722e-07 3.834340607e-19 -0.002151317397)
(8.280622594e-08 3.856846346e-19 -0.00215133366)
(6.491197681e-08 3.868379812e-19 -0.002151346989)
(4.671385334e-08 3.868786097e-19 -0.002151357219)
(2.830350504e-08 3.857061974e-19 -0.002151364192)
(9.96299277e-09 3.904781522e-19 -0.002151367747)
(1.711518628e-08 8.250237369e-19 -0.002150633657)
(4.46026278e-08 2.535295261e-19 -0.002150636036)
(7.025191363e-08 -2.052225023e-21 -0.002150641207)
(9.618836935e-08 -1.507758082e-19 -0.002150648893)
(1.212831756e-07 -5.066931175e-20 -0.002150658941)
(1.452425117e-07 1.463088555e-20 -0.002150671227)
(1.679606148e-07 5.698422207e-20 -0.002150685664)
(1.893849037e-07 8.526728801e-20 -0.002150702156)
(2.094416959e-07 1.051590298e-19 -0.002150720617)
(2.28052643e-07 1.192332111e-19 -0.002150740953)
(2.452047702e-07 1.29696475e-19 -0.002150763098)
(2.608706792e-07 1.394861118e-19 -0.002150786977)
(2.750274789e-07 1.53909982e-19 -0.002150812513)
(2.876735551e-07 1.686477897e-19 -0.002150839633)
(2.987956206e-07 1.823468514e-19 -0.002150868256)
(3.084250526e-07 1.955542291e-19 -0.002150898312)
(3.165812543e-07 2.109211702e-19 -0.002150929726)
(3.232789308e-07 2.250866841e-19 -0.002150962413)
(3.285382299e-07 2.369342566e-19 -0.002150996286)
(3.323994898e-07 2.315209676e-19 -0.002151031259)
(3.349079361e-07 2.568931954e-19 -0.002151067237)
(3.360932139e-07 2.644341924e-19 -0.002151104123)
(3.360014173e-07 2.697386937e-19 -0.002151141801)
(3.346644285e-07 2.904695351e-19 -0.00215118017)
(3.321373046e-07 3.265958615e-19 -0.002151219109)
(3.284522711e-07 3.644795911e-19 -0.002151258503)
(3.236523166e-07 3.765017523e-19 -0.002151298224)
(3.177866207e-07 3.914992807e-19 -0.002151338141)
(3.109102966e-07 4.13522222e-19 -0.002151378114)
(3.030918753e-07 4.309658295e-19 -0.002151417995)
(2.943540686e-07 4.17187782e-19 -0.002151457641)
(2.847484824e-07 4.114484067e-19 -0.002151496892)
(2.743166635e-07 4.076521162e-19 -0.002151535598)
(2.631061986e-07 4.10880092e-19 -0.002151573599)
(2.511700846e-07 3.977610108e-19 -0.002151610724)
(2.385404422e-07 3.783147422e-19 -0.002151646809)
(2.2527139e-07 3.621358508e-19 -0.002151681675)
(2.113859213e-07 3.60310509e-19 -0.002151715158)
(1.96924251e-07 3.590807297e-19 -0.002151747081)
(1.819249406e-07 3.724431741e-19 -0.002151777272)
(1.664255189e-07 3.864489585e-19 -0.002151805559)
(1.504698412e-07 4.022515283e-19 -0.002151831762)
(1.340768274e-07 4.212341491e-19 -0.002151855712)
(1.172861945e-07 4.334465472e-19 -0.002151877234)
(1.001185981e-07 4.333668565e-19 -0.002151896163)
(8.260511068e-08 4.290762635e-19 -0.00215191233)
(6.475895338e-08 4.282039478e-19 -0.002151925576)
(4.660109913e-08 4.302275697e-19 -0.002151935738)
(2.823038242e-08 4.349545842e-19 -0.002151942663)
(9.928041285e-09 4.398235041e-19 -0.002151946199)
(1.711468341e-08 -1.997336533e-20 -0.00215119633)
(4.459200379e-08 -1.287171818e-19 -0.002151198734)
(7.022697826e-08 -3.99300591e-19 -0.002151203948)
(9.615380887e-08 -1.477943279e-19 -0.002151211704)
(1.212368249e-07 -4.590139901e-20 -0.002151221851)
(1.452110816e-07 1.985758312e-21 -0.002151234268)
(1.679633517e-07 2.784679689e-20 -0.002151248852)
(1.893889084e-07 4.654364839e-20 -0.002151265506)
(2.094247644e-07 7.110725194e-20 -0.002151284142)
(2.280424452e-07 9.44519636e-20 -0.002151304676)
(2.452009716e-07 1.15087421e-19 -0.002151327031)
(2.60868632e-07 1.335627385e-19 -0.002151351128)
(2.750325354e-07 1.507680211e-19 -0.002151376893)
(2.876684316e-07 1.667388285e-19 -0.00215140424)
(2.9880239e-07 1.817860106e-19 -0.002151433102)
(3.084476357e-07 1.954329517e-19 -0.002151463405)
(3.166146608e-07 2.072328237e-19 -0.002151495065)
(3.233170259e-07 2.17182423e-19 -0.002151527996)
(3.285874262e-07 2.31975292e-19 -0.002151562111)
(3.324662336e-07 2.429607385e-19 -0.002151597324)
(3.349852826e-07 2.521604658e-19 -0.002151633537)
(3.361726228e-07 2.608176333e-19 -0.002151670647)
(3.360700122e-07 2.719511718e-19 -0.002151708547)
(3.34731264e-07 2.866124019e-19 -0.002151747121)
(3.321891682e-07 3.028897271e-19 -0.002151786256)
(3.285042238e-07 3.200650103e-19 -0.002151825822)
(3.237073963e-07 3.42295953e-19 -0.002151865699)
(3.178491839e-07 3.455990086e-19 -0.002151905751)
(3.109791347e-07 3.483077135e-19 -0.002151945844)
(3.031421028e-07 3.549244055e-19 -0.002151985834)
(2.943923176e-07 3.609885317e-19 -0.002152025563)
(2.847691747e-07 3.67327993e-19 -0.002152064884)
(2.743412139e-07 3.591793611e-19 -0.002152103634)
(2.631356492e-07 3.515819347e-19 -0.002152141659)
(2.511906338e-07 3.468252321e-19 -0.002152178792)
(2.385506347e-07 3.446914643e-19 -0.002152214866)
(2.252535596e-07 3.43108614e-19 -0.002152249712)
(2.113556319e-07 3.425019205e-19 -0.002152283153)
(1.968851323e-07 3.425624471e-19 -0.002152315023)
(1.818916321e-07 3.509928555e-19 -0.002152345148)
(1.663979935e-07 3.593733374e-19 -0.002152373359)
(1.50433219e-07 3.676892005e-19 -0.002152399482)
(1.340346745e-07 3.757323416e-19 -0.002152423347)
(1.172315862e-07 3.784883086e-19 -0.002152444788)
(1.000624226e-07 3.857450508e-19 -0.002152463634)
(8.254568212e-08 3.927422392e-19 -0.002152479727)
(6.470473918e-08 3.998827747e-19 -0.002152492901)
(4.655744799e-08 4.073661909e-19 -0.002152503008)
(2.820803589e-08 4.152259813e-19 -0.00215250989)
(9.922124574e-09 4.158394062e-19 -0.002152513405)
(1.714637392e-08 5.819156556e-20 -0.002151746407)
(4.46722953e-08 1.036209523e-19 -0.00215174885)
(7.036939157e-08 8.546699805e-20 -0.002151754142)
(9.638717976e-08 9.649236822e-20 -0.002151762003)
(1.215616884e-07 7.465098997e-20 -0.002151772279)
(1.455868742e-07 4.891935005e-20 -0.002151784848)
(1.68364636e-07 1.793198673e-20 -0.002151799594)
(1.898421213e-07 -2.865683611e-20 -0.002151816433)
(2.099490718e-07 3.635735283e-20 -0.002151835275)
(2.28612117e-07 7.727719829e-20 -0.002151856033)
(2.458143207e-07 1.064265135e-19 -0.002151878631)
(2.615272851e-07 1.294342895e-19 -0.002151902985)
(2.757101503e-07 1.487091473e-19 -0.002151929008)
(2.883862914e-07 1.637034453e-19 -0.002151956633)
(2.995618048e-07 1.818401296e-19 -0.002151985784)
(3.09241211e-07 1.975451502e-19 -0.00215201638)
(3.174296374e-07 2.039117832e-19 -0.002152048333)
(3.241528902e-07 1.981804532e-19 -0.002152081554)
(3.294480048e-07 2.396594488e-19 -0.002152115962)
(3.333476348e-07 2.506711468e-19 -0.002152151459)
(3.358772039e-07 2.415271634e-19 -0.002152187949)
(3.370711841e-07 2.322070785e-19 -0.002152225327)
(3.369719579e-07 2.406785917e-19 -0.002152263487)
(3.35620771e-07 2.653625235e-19 -0.002152302315)
(3.330629298e-07 2.661443543e-19 -0.002152341689)
(3.293426203e-07 2.608889589e-19 -0.002152381487)
(3.245252845e-07 2.82087235e-19 -0.002152421571)
(3.186467111e-07 2.954391073e-19 -0.002152461816)
(3.117647068e-07 2.865438695e-19 -0.002152502078)
(3.039073416e-07 2.871066082e-19 -0.002152542216)
(2.951200406e-07 2.943276356e-19 -0.002152582078)
(2.854650313e-07 2.91753984e-19 -0.002152621511)
(2.749856753e-07 2.92780207e-19 -0.00215266036)
(2.637422896e-07 2.838837616e-19 -0.002152698454)
(2.517597965e-07 2.902519714e-19 -0.002152735638)
(2.390843298e-07 3.018748684e-19 -0.002152771741)
(2.257490843e-07 3.087186445e-19 -0.002152806599)
(2.117970439e-07 3.123470261e-19 -0.002152840041)
(1.972833092e-07 3.251516896e-19 -0.002152871894)
(1.822357045e-07 3.263085212e-19 -0.002152901993)
(1.66697949e-07 3.271112557e-19 -0.002152930158)
(1.506932715e-07 3.278541108e-19 -0.002152956229)
(1.342628771e-07 3.287920382e-19 -0.002152980032)
(1.174292633e-07 3.21816046e-19 -0.002153001407)
(1.002215594e-07 3.340810135e-19 -0.002153020189)
(8.266948487e-08 3.458969155e-19 -0.002153036218)
(6.478872761e-08 3.575980881e-19 -0.002153049338)
(4.661080705e-08 3.69990099e-19 -0.002153059395)
(2.823067562e-08 3.757990576e-19 -0.002153066244)
(9.921287118e-09 3.832646729e-19 -0.002153069736)
(1.725244324e-08 2.122927562e-19 -0.002152284052)
(4.494097093e-08 5.850406113e-19 -0.002152286535)
(7.076841476e-08 4.454589822e-19 -0.002152291907)
(9.689958692e-08 5.229742938e-19 -0.002152299872)
(1.221803369e-07 2.612831006e-19 -0.002152310274)
(1.463159923e-07 1.597922476e-19 -0.002152323005)
(1.692290217e-07 1.212760718e-19 -0.002152337955)
(1.908279256e-07 1.115662715e-19 -0.002152355022)
(2.110202349e-07 1.077652234e-19 -0.002152374105)
(2.297926931e-07 1.135862194e-19 -0.002152395131)
(2.470960452e-07 1.253092096e-19 -0.002152418013)
(2.628683258e-07 1.428331476e-19 -0.002152442658)
(2.771335838e-07 1.71127934e-19 -0.002152468998)
(2.898897642e-07 1.377797011e-19 -0.002152496958)
(3.011361118e-07 1.887890213e-19 -0.002152526451)
(3.108678425e-07 2.490551209e-19 -0.002152557393)
(3.190916441e-07 2.66129243e-19 -0.002152589689)
(3.25850831e-07 2.545815776e-19 -0.002152623264)
(3.311762408e-07 2.64821153e-19 -0.002152658018)
(3.350908726e-07 2.596193988e-19 -0.002152693863)
(3.376295882e-07 2.580573986e-19 -0.002152730687)
(3.388269787e-07 2.598177691e-19 -0.002152768396)
(3.38728662e-07 2.595980643e-19 -0.002152806871)
(3.373697781e-07 2.566737918e-19 -0.002152846004)
(3.347927652e-07 2.595872914e-19 -0.002152885671)
(3.310451625e-07 2.63784474e-19 -0.002152925749)
(3.261796187e-07 2.706823466e-19 -0.002152966107)
(3.202600712e-07 2.797286331e-19 -0.002153006604)
(3.133160058e-07 2.96602552e-19 -0.002153047102)
(3.054070639e-07 3.190827531e-19 -0.002153087445)
(2.965703539e-07 3.324776623e-19 -0.002153127495)
(2.868593627e-07 3.349722669e-19 -0.002153167093)
(2.763161554e-07 3.237427994e-19 -0.002153206085)
(2.649848263e-07 3.170615094e-19 -0.00215324431)
(2.529244227e-07 3.143268333e-19 -0.002153281597)
(2.401619872e-07 3.142517899e-19 -0.002153317786)
(2.267537078e-07 3.155111142e-19 -0.002153352703)
(2.127309983e-07 3.173125843e-19 -0.002153386187)
(1.981369045e-07 3.139179181e-19 -0.002153418066)
(1.830059226e-07 3.092938032e-19 -0.002153448172)
(1.673714816e-07 3.02902581e-19 -0.002153476337)
(1.512815107e-07 3.048616224e-19 -0.002153502391)
(1.347589933e-07 3.050013023e-19 -0.002153526173)
(1.178435738e-07 3.093320376e-19 -0.002153547513)
(1.005593285e-07 3.072116055e-19 -0.002153566257)
(8.293749524e-08 3.035443495e-19 -0.002153582245)
(6.499009079e-08 2.978751041e-19 -0.002153595327)
(4.674662186e-08 2.897831049e-19 -0.002153605352)
(2.830359026e-08 2.902871699e-19 -0.002153612177)
(9.933888275e-09 2.879700061e-19 -0.002153615661)
(1.738386938e-08 -1.421182365e-19 -0.002152809221)
(4.528285539e-08 2.889984648e-19 -0.002152811747)
(7.130433932e-08 1.633840937e-19 -0.0021528172)
(9.764054944e-08 1.031399452e-19 -0.002152825297)
(1.23151334e-07 9.753793263e-20 -0.002152835874)
(1.475161461e-07 1.068671732e-19 -0.00215284881)
(1.706043661e-07 1.328565866e-19 -0.002152863992)
(1.923460573e-07 1.867214246e-19 -0.002152881313)
(2.127152753e-07 1.381357487e-19 -0.002152900692)
(2.316458029e-07 1.223701107e-19 -0.002152922037)
(2.490585595e-07 1.212435405e-19 -0.002152945243)
(2.649707078e-07 1.266579645e-19 -0.002152970246)
(2.793688646e-07 1.346814307e-19 -0.002152996968)
(2.922343816e-07 1.505711802e-19 -0.002153025316)
(3.035654948e-07 1.597596553e-19 -0.002153055209)
(3.133554667e-07 1.682355853e-19 -0.002153086544)
(3.216466074e-07 1.807223659e-19 -0.002153119253)
(3.284617096e-07 1.95471538e-19 -0.00215315324)
(3.33824847e-07 2.036826081e-19 -0.002153188417)
(3.377612587e-07 2.422671929e-19 -0.002153224675)
(3.403047339e-07 2.512867153e-19 -0.002153261918)
(3.415014419e-07 2.645063066e-19 -0.002153300029)
(3.413826591e-07 2.596516561e-19 -0.002153338906)
(3.400018616e-07 2.372977129e-19 -0.002153378418)
(3.373941373e-07 2.379499418e-19 -0.002153418454)
(3.336157959e-07 2.376592688e-19 -0.00215345888)
(3.287115237e-07 2.357113883e-19 -0.002153499572)
(3.227255447e-07 2.33537529e-19 -0.002153540389)
(3.157040626e-07 2.498485561e-19 -0.002153581183)
(3.07695374e-07 2.676497812e-19 -0.002153621812)
(2.987718545e-07 2.879816291e-19 -0.002153662117)
(2.889664459e-07 2.98285384e-19 -0.002153701951)
(2.783369481e-07 2.982103385e-19 -0.00215374115)
(2.66911911e-07 3.000822303e-19 -0.002153779559)
(2.54732581e-07 3.034995742e-19 -0.00215381701)
(2.418516901e-07 3.082470058e-19 -0.002153853337)
(2.283098799e-07 3.142938556e-19 -0.002153888377)
(2.14166348e-07 3.21803106e-19 -0.002153921954)
(1.994485466e-07 3.186040643e-19 -0.00215395391)
(1.842020146e-07 3.163248886e-19 -0.002153984068)
(1.684529612e-07 3.143570437e-19 -0.002154012271)
(1.522391221e-07 3.091217339e-19 -0.002154038348)
(1.355929833e-07 3.01924314e-19 -0.002154062137)
(1.18548125e-07 3.107667007e-19 -0.002154083479)
(1.011452504e-07 3.059061496e-19 -0.002154102214)
(8.340145533e-08 2.98936462e-19 -0.002154118192)
(6.534203273e-08 2.898700041e-19 -0.002154131257)
(4.699083266e-08 2.780322142e-19 -0.002154141269)
(2.845148616e-08 2.681236726e-19 -0.002154148082)
(9.983764862e-09 2.6232361e-19 -0.002154151564)
(1.758917968e-08 1.444336119e-19 -0.002153322001)
(4.581083144e-08 -3.958053578e-19 -0.002153324578)
(7.213216639e-08 -3.056561773e-19 -0.002153330131)
(9.876560419e-08 -4.132871381e-19 -0.002153338378)
(1.245296924e-07 -1.393114522e-19 -0.002153349146)
(1.491239857e-07 -3.519886442e-20 -0.002153362298)
(1.724563808e-07 -8.570783307e-21 -0.002153377744)
(1.944667121e-07 -3.90653078e-20 -0.002153395378)
(2.150618595e-07 2.321736593e-20 -0.002153415099)
(2.341633174e-07 6.118163906e-20 -0.002153436798)
(2.517782454e-07 8.568539415e-20 -0.002153460405)
(2.678802518e-07 9.997444312e-20 -0.002153485835)
(2.824326656e-07 1.005528896e-19 -0.002153512992)
(2.954331833e-07 1.67296455e-19 -0.002153541793)
(3.068584582e-07 1.429299619e-19 -0.002153572138)
(3.167509019e-07 1.100670713e-19 -0.002153603953)
(3.251353486e-07 1.2668266e-19 -0.002153637149)
(3.320263672e-07 1.84847134e-19 -0.002153671634)
(3.374405752e-07 1.779294766e-19 -0.002153707305)
(3.414095543e-07 1.976464386e-19 -0.002153744062)
(3.439692694e-07 2.083976179e-19 -0.002153781797)
(3.451570608e-07 2.129425382e-19 -0.002153820404)
(3.450159801e-07 2.088049954e-19 -0.00215385976)
(3.435871429e-07 2.191891769e-19 -0.002153899751)
(3.409304838e-07 2.247231499e-19 -0.002153940242)
(3.370855112e-07 2.266158608e-19 -0.002153981115)
(3.321153127e-07 2.042230179e-19 -0.002154022225)
(3.260477494e-07 1.934737223e-19 -0.002154063439)
(3.189352493e-07 1.915542314e-19 -0.002154104609)
(3.108277257e-07 1.962822893e-19 -0.002154145591)
(3.017780126e-07 2.079356605e-19 -0.002154186235)
(2.918463684e-07 2.321806588e-19 -0.002154226377)
(2.810666609e-07 2.503066155e-19 -0.002154265866)
(2.694981197e-07 2.641245239e-19 -0.002154304527)
(2.571719963e-07 2.751135099e-19 -0.002154342208)
(2.441435856e-07 2.842675754e-19 -0.002154378737)
(2.304509342e-07 2.922126579e-19 -0.002154413952)
(2.161377491e-07 2.992916274e-19 -0.002154447687)
(2.012538953e-07 3.056312505e-19 -0.002154479771)
(1.858279791e-07 3.121076784e-19 -0.002154510043)
(1.699093602e-07 3.19539883e-19 -0.002154538328)
(1.5352527e-07 3.172389863e-19 -0.002154564472)
(1.367187394e-07 3.165228689e-19 -0.002154588307)
(1.195173051e-07 3.176338971e-19 -0.002154609682)
(1.019568659e-07 3.201742408e-19 -0.002154628436)
(8.40582594e-08 3.248471559e-19 -0.00215464442)
(6.58429939e-08 3.320965761e-19 -0.002154657486)
(4.734357534e-08 3.426998312e-19 -0.002154667491)
(2.865875173e-08 3.396252879e-19 -0.002154674299)
(1.005065593e-08 3.349027954e-19 -0.002154677773)
(1.782887613e-08 -1.829638601e-19 -0.002153822405)
(4.64327297e-08 -4.89583606e-19 -0.002153825027)
(7.311187459e-08 -2.290418437e-19 -0.002153830675)
(1.001068922e-07 -1.216921503e-19 -0.002153839073)
(1.262197153e-07 -2.81612793e-20 -0.002153850061)
(1.511857798e-07 3.618689895e-20 -0.002153863501)
(1.748787336e-07 6.825558746e-20 -0.002153879274)
(1.97177801e-07 4.937801874e-20 -0.002153897265)
(2.180286847e-07 -8.407555128e-21 -0.002153917372)
(2.374140558e-07 5.108132631e-20 -0.002153939511)
(2.552826412e-07 9.012904716e-20 -0.002153963591)
(2.715914576e-07 1.170119778e-19 -0.002153989509)
(2.863353512e-07 1.358977903e-19 -0.002154017181)
(2.994838788e-07 1.550988147e-19 -0.002154046506)
(3.110651798e-07 1.646327176e-19 -0.002154077408)
(3.210968254e-07 1.799400087e-19 -0.0021541098)
(3.295934077e-07 1.736103731e-19 -0.002154143581)
(3.36564758e-07 1.79671578e-19 -0.002154178655)
(3.420370844e-07 1.978766985e-19 -0.002154214913)
(3.46044206e-07 2.197110463e-19 -0.002154252259)
(3.486214288e-07 2.136114869e-19 -0.002154290576)
(3.498061389e-07 2.274882561e-19 -0.002154329757)
(3.49640069e-07 2.362548245e-19 -0.002154369681)
(3.48168912e-07 2.405303377e-19 -0.002154410228)
(3.454426728e-07 2.430419394e-19 -0.002154451271)
(3.415180927e-07 2.447759402e-19 -0.002154492674)
(3.364344004e-07 2.516604097e-19 -0.002154534305)
(3.30250227e-07 2.538692309e-19 -0.00215457601)
(3.230064544e-07 2.515909833e-19 -0.002154617653)
(3.147734158e-07 2.443146172e-19 -0.002154659076)
(3.055870382e-07 2.366120773e-19 -0.002154700135)
(2.954973016e-07 2.43890599e-19 -0.002154740669)
(2.845466397e-07 2.527839284e-19 -0.002154780517)
(2.727811828e-07 2.606337875e-19 -0.002154819519)
(2.602653471e-07 2.67692924e-19 -0.002154857505)
(2.470341684e-07 2.741122041e-19 -0.002154894316)
(2.331478892e-07 2.799000907e-19 -0.002154929777)
(2.186380018e-07 2.84961584e-19 -0.002154963732)
(2.035514055e-07 2.892178972e-19 -0.002154996008)
(1.879198035e-07 2.927257909e-19 -0.002155026442)
(1.717827216e-07 2.956476605e-19 -0.002155054871)
(1.551863517e-07 2.973180533e-19 -0.00215508113)
(1.381612002e-07 2.977725934e-19 -0.002155105065)
(1.207496074e-07 2.968759615e-19 -0.002155126512)
(1.029746393e-07 2.942798772e-19 -0.002155145325)
(8.487143773e-08 2.99787379e-19 -0.002155161347)
(6.645958855e-08 3.035565543e-19 -0.002155174441)
(4.777150003e-08 3.056964645e-19 -0.002155184461)
(2.89016827e-08 3.093338873e-19 -0.002155191278)
(1.011890846e-08 3.115055267e-19 -0.002155194756)
(1.811516729e-08 -6.569224154e-19 -0.002154310296)
(4.717990443e-08 -2.248232442e-19 -0.002154313004)
(7.431014079e-08 1.197054911e-19 -0.002154318813)
(1.017983633e-07 5.750302523e-20 -0.002154327437)
(1.283904567e-07 1.080630561e-19 -0.002154338703)
(1.537577643e-07 2.106731449e-19 -0.002154352472)
(1.777994042e-07 3.77974723e-19 -0.002154368602)
(2.004613811e-07 2.884809827e-19 -0.00215438701)
(2.216875362e-07 1.329083324e-19 -0.002154407593)
(2.413947948e-07 1.292097159e-19 -0.002154430246)
(2.595415971e-07 1.433118291e-19 -0.002154454865)
(2.761156715e-07 1.568527096e-19 -0.002154481361)
(2.910756396e-07 1.545447832e-19 -0.00215450963)
(3.044409633e-07 1.503111006e-19 -0.002154539592)
(3.16217933e-07 1.483162141e-19 -0.002154571156)
(3.264042272e-07 1.426777856e-19 -0.002154604218)
(3.350185673e-07 1.412283452e-19 -0.002154638685)
(3.420720908e-07 1.362183251e-19 -0.00215467444)
(3.476023992e-07 1.921486559e-19 -0.002154711395)
(3.516419657e-07 2.256477939e-19 -0.002154749427)
(3.542248756e-07 2.757861427e-19 -0.002154788438)
(3.553954432e-07 2.772960708e-19 -0.002154828296)
(3.551924669e-07 2.934251064e-19 -0.002154868896)
(3.536724085e-07 2.748375918e-19 -0.002154910099)
(3.508795182e-07 2.671644704e-19 -0.002154951788)
(3.468663008e-07 2.662646239e-19 -0.00215499382)
(3.416690954e-07 2.928666383e-19 -0.002155036057)
(3.353391707e-07 3.063195579e-19 -0.002155078355)
(3.279445634e-07 3.082882112e-19 -0.002155120563)
(3.19531263e-07 2.973952184e-19 -0.002155162535)
(3.101635934e-07 2.912043294e-19 -0.002155204105)
(2.99875547e-07 2.700455232e-19 -0.002155245123)
(2.887279874e-07 2.676681356e-19 -0.00215528542)
(2.767556989e-07 2.671001555e-19 -0.002155324841)
(2.640119532e-07 2.683570715e-19 -0.002155363216)
(2.505492775e-07 2.718607631e-19 -0.00215540038)
(2.364120254e-07 2.764575148e-19 -0.002155436172)
(2.216561689e-07 2.803650644e-19 -0.002155470417)
(2.063110176e-07 2.819028274e-19 -0.002155502956)
(1.904291369e-07 2.803037901e-19 -0.002155533616)
(1.740422543e-07 2.879364073e-19 -0.002155562243)
(1.571979026e-07 2.933079791e-19 -0.002155588671)
(1.399264676e-07 2.971563331e-19 -0.002155612747)
(1.22263437e-07 3.000089255e-19 -0.002155634311)
(1.04239558e-07 3.022874884e-19 -0.002155653216)
(8.588716666e-08 3.010321074e-19 -0.002155669313)
(6.723839539e-08 2.98917407e-19 -0.00215568246)
(4.831665282e-08 2.953701858e-19 -0.002155692523)
(2.922349239e-08 3.000001388e-19 -0.002155699365)
(1.022156405e-08 2.99929157e-19 -0.002155702863)
(2.402105608e-07 2.80830489e-19 -0.002155933444)
(2.251695524e-07 3.045186518e-19 -0.002155968057)
(2.095359824e-07 3.147249375e-19 -0.002156000925)
(1.933523006e-07 3.142032528e-19 -0.002156031886)
(1.76671724e-07 3.123359879e-19 -0.002156060773)
(1.595256924e-07 3.113089924e-19 -0.002156087432)
(1.419597898e-07 3.110766339e-19 -0.0021561117)
(1.240017077e-07 3.117320575e-19 -0.00215613343)
(1.056928035e-07 3.134601231e-19 -0.002156152465)
(8.706276696e-08 3.163284285e-19 -0.002156168669)
(6.814091506e-08 3.192304216e-19 -0.002156181895)
(4.895429213e-08 3.12963167e-19 -0.002156192015)
(2.960593183e-08 3.157240809e-19 -0.002156198893)
(1.035160842e-08 3.094647986e-19 -0.002156202408)
)
;

boundaryField
{
    front_top
    {
        type            wedge;
    }
    front_middle
    {
        type            wedge;
    }
    front_bottom
    {
        type            wedge;
    }
    back_top
    {
        type            wedge;
    }
    back_middle
    {
        type            wedge;
    }
    back_bottom
    {
        type            wedge;
    }
    axis_top
    {
        type            symmetryPlane;
    }
    axis_middle
    {
        type            symmetryPlane;
    }
    axis_bottom
    {
        type            symmetryPlane;
    }
    wall_top
    {
        type            slip;
    }
    wall_middle
    {
        type            noSlip;
    }
    wall_bottom
    {
        type            noSlip;
    }
    inlet
    {
        type            fixedValue;
        value           nonuniform 0();
    }
    outlet
    {
        type            zeroGradient;
    }
    procBoundary8to7
    {
        type            processor;
        value           nonuniform List<vector> 
51
(
(1.849470511e-08 4.444626873e-20 -0.002154785891)
(4.81539064e-08 -1.529006766e-20 -0.002154788684)
(7.581274668e-08 -7.628285492e-20 -0.002154794663)
(1.038086266e-07 -1.450766992e-19 -0.002154803522)
(1.308788091e-07 4.299154993e-20 -0.002154815071)
(1.567086303e-07 1.642499774e-19 -0.002154829193)
(1.812354769e-07 2.728533749e-19 -0.002154845771)
(2.04368366e-07 2.170888787e-19 -0.002154864685)
(2.259866363e-07 3.147519507e-19 -0.002154885812)
(2.460563207e-07 2.486369496e-19 -0.002154909051)
(2.645519802e-07 1.921501017e-19 -0.002154934307)
(2.814154767e-07 1.503892122e-19 -0.002154961466)
(2.966562222e-07 1.32372782e-19 -0.002154990441)
(3.102744764e-07 1.037889776e-19 -0.002155021141)
(3.222488264e-07 1.329474685e-19 -0.00215505345)
(3.326059503e-07 1.05871632e-19 -0.002155087283)
(3.413439287e-07 1.092046966e-19 -0.002155122522)
(3.485001828e-07 1.048807615e-19 -0.002155159076)
(3.540995067e-07 9.496152347e-20 -0.002155196827)
(3.581763344e-07 1.44495117e-19 -0.002155235672)
(3.607688184e-07 1.896212058e-19 -0.002155275486)
(3.619156475e-07 2.144132285e-19 -0.002155316156)
(3.616693712e-07 2.165822399e-19 -0.002155357548)
(3.600735913e-07 2.257306944e-19 -0.002155399544)
(3.571900277e-07 2.356925007e-19 -0.002155441997)
(3.530521763e-07 2.460569991e-19 -0.002155484779)
(3.477193904e-07 2.59065899e-19 -0.002155527734)
(3.412392554e-07 2.744742145e-19 -0.002155570731)
(3.336785167e-07 2.949684877e-19 -0.00215561361)
(3.250793563e-07 2.870981227e-19 -0.002155656223)
(3.154911644e-07 2.687589739e-19 -0.002155698411)
(3.04975306e-07 2.609404311e-19 -0.002155740009)
(2.935718492e-07 2.558364167e-19 -0.002155780861)
(2.813462722e-07 2.50577711e-19 -0.002155820791)
(2.683398066e-07 2.419111415e-19 -0.002155859645)
(2.54616344e-07 2.561772917e-19 -0.002155897249)
(2.54616344e-07 2.561772917e-19 -0.002155897249)
(2.444566548e-07 2.841613122e-19 -0.002156421889)
(2.290929704e-07 2.89599734e-19 -0.002156456954)
(2.131406497e-07 3.014969978e-19 -0.002156490228)
(1.966359165e-07 3.173791428e-19 -0.002156521555)
(1.79631153e-07 3.218425401e-19 -0.002156550769)
(1.621605402e-07 3.157228516e-19 -0.002156577713)
(1.442620247e-07 3.111935654e-19 -0.002156602231)
(1.259768817e-07 3.074841409e-19 -0.00215662417)
(1.073403405e-07 3.037359864e-19 -0.002156643383)
(8.839402378e-08 3.067508937e-19 -0.002156659726)
(6.915823533e-08 3.130224968e-19 -0.002156673064)
(4.966766178e-08 3.236896422e-19 -0.002156683258)
(3.002103677e-08 3.226856685e-19 -0.002156690186)
(1.048212657e-08 3.234500778e-19 -0.002156693719)
)
;
    }
    procBoundary8to9
    {
        type            processor;
        value           nonuniform List<vector> 
51
(
(2.07730514e-08 -2.384712149e-20 -0.00213896549)
(5.416729061e-08 -1.592498394e-19 -0.00213896755)
(8.411426152e-08 4.014029429e-20 -0.002139782776)
(8.411426152e-08 4.014029429e-20 -0.002139782776)
(1.151240194e-07 2.988837161e-21 -0.002139789546)
(1.45089694e-07 -4.349244078e-20 -0.002139798402)
(1.736645807e-07 1.215198475e-20 -0.002139809245)
(2.007498762e-07 3.128767778e-20 -0.002139821985)
(2.26245424e-07 -7.668777321e-20 -0.002139836553)
(2.500529418e-07 1.076189032e-20 -0.002139852891)
(2.721312548e-07 1.273046489e-19 -0.002139870938)
(2.924447889e-07 1.539270899e-19 -0.002139890641)
(3.109687662e-07 1.682603026e-19 -0.002139911943)
(3.277020525e-07 1.710235496e-19 -0.002139934784)
(3.426241069e-07 1.643731768e-19 -0.002139959118)
(3.557442868e-07 1.899111114e-19 -0.002139984888)
(3.670806957e-07 2.036248801e-19 -0.002140012051)
(3.766503818e-07 2.033960336e-19 -0.002140040546)
(3.844843789e-07 2.343914856e-19 -0.002140070323)
(3.906089474e-07 2.35033918e-19 -0.002140101321)
(3.950781051e-07 2.357558348e-19 -0.002140133481)
(3.979368701e-07 2.313326495e-19 -0.002140166741)
(3.992227555e-07 2.507259913e-19 -0.002140201025)
(3.989820265e-07 2.665924159e-19 -0.002140236254)
(3.972590365e-07 2.82414724e-19 -0.002140272345)
(3.941211836e-07 2.977016928e-19 -0.002140309208)
(3.896201448e-07 3.126386703e-19 -0.002140346746)
(3.838020632e-07 3.275311368e-19 -0.00214038485)
(3.767327164e-07 3.210220412e-19 -0.002140423407)
(3.684726195e-07 3.124624357e-19 -0.002140462295)
(3.590797847e-07 3.00524346e-19 -0.002140501382)
(3.486046886e-07 2.845943472e-19 -0.002140540527)
(3.37099423e-07 2.842421684e-19 -0.002140579582)
(3.246317937e-07 2.816407204e-19 -0.002140618388)
(3.112541341e-07 2.814590573e-19 -0.00214065678)
(2.970123778e-07 2.788429973e-19 -0.002140694582)
(2.819588622e-07 2.713141621e-19 -0.002140731611)
(2.661427521e-07 2.707584471e-19 -0.002140767678)
(2.496139927e-07 2.712452959e-19 -0.002140802585)
(2.324189098e-07 2.671718627e-19 -0.002140836128)
(2.146047793e-07 2.659243985e-19 -0.002140868099)
(1.962178157e-07 2.760299612e-19 -0.002140898285)
(1.772963997e-07 2.841913455e-19 -0.002140926467)
(1.578818328e-07 2.916205996e-19 -0.002140952423)
(1.380125627e-07 2.884788686e-19 -0.002140975928)
(1.177275291e-07 2.850068458e-19 -0.002140996757)
(9.706283331e-08 2.880577226e-19 -0.00214101468)
(7.603420676e-08 2.850708925e-19 -0.002141029471)
(5.467139742e-08 2.952943831e-19 -0.002141040899)
(3.310285957e-08 3.012216932e-19 -0.002141048737)
(1.168811407e-08 2.996310239e-19 -0.002141052758)
)
;
    }
}


// ************************************************************************* //
