/*--------------------------------*- C++ -*----------------------------------*\
  =========                 |
  \\      /  F ield         | OpenFOAM: The Open Source CFD Toolbox
   \\    /   O peration     | Website:  https://openfoam.org
    \\  /    A nd           | Version:  7
     \\/     M anipulation  |
\*---------------------------------------------------------------------------*/
FoamFile
{
    version     2.0;
    format      ascii;
    class       surfaceScalarField;
    location    "0.0027";
    object      phi;
}
// * * * * * * * * * * * * * * * * * * * * * * * * * * * * * * * * * * * * * //

dimensions      [1 0 -1 0 0 0 0];

internalField   nonuniform List<scalar> 
2260
(
2.235064353e-15
4.56071144e-11
8.747880666e-15
1.334536173e-10
1.921792747e-14
2.164052434e-10
3.329170789e-14
2.946659245e-10
5.059144977e-14
3.684326418e-10
7.071861276e-14
4.378954988e-10
9.332370303e-14
5.032379377e-10
1.179607644e-13
5.646369388e-10
1.442254892e-13
6.222630966e-10
1.717582585e-13
6.76280793e-10
2.00175876e-13
7.268484514e-10
2.290624208e-13
7.741186729e-10
2.581662195e-13
8.182382268e-10
2.870751942e-13
8.593485283e-10
3.155095663e-13
8.975855525e-10
3.431976004e-13
9.330800002e-10
3.697980042e-13
9.659577441e-10
3.951791427e-13
9.963394722e-10
4.189813891e-13
1.024341462e-09
4.41145783e-13
1.050075091e-09
4.613456974e-13
1.073647626e-09
4.795602226e-13
1.095161737e-09
4.955351525e-13
1.11471627e-09
5.092480953e-13
1.132405739e-09
5.205517062e-13
1.148321135e-09
5.293484103e-13
1.16254946e-09
5.356309939e-13
1.175174338e-09
5.392551363e-13
1.186275801e-09
5.40344733e-13
1.195930495e-09
5.386726751e-13
1.204212114e-09
5.344345044e-13
1.211190897e-09
5.274664712e-13
1.216934521e-09
5.178971064e-13
1.221507375e-09
5.05708917e-13
1.224971509e-09
4.909190997e-13
1.22738594e-09
1.228807378e-09
2.24711044e-15
4.560486729e-11
8.796365336e-15
1.33447068e-10
1.932405812e-14
2.163947157e-10
3.347072306e-14
2.946517778e-10
5.087976257e-14
3.684152327e-10
7.115184244e-14
4.378752267e-10
9.386923754e-14
5.032152203e-10
1.186229026e-13
5.646121851e-10
1.450500305e-13
6.222366695e-10
1.727355471e-13
6.762531075e-10
2.012606779e-13
7.268199263e-10
2.303338172e-13
7.740895997e-10
2.595560203e-13
8.182090046e-10
2.8857627e-13
8.59319508e-10
3.171645081e-13
8.975569643e-10
3.449066296e-13
9.330522581e-10
3.71675482e-13
9.659309753e-10
3.970737531e-13
9.96314074e-10
4.210279608e-13
1.024317508e-09
4.431706852e-13
1.050052949e-09
4.634916153e-13
1.073627305e-09
4.816537005e-13
1.095143575e-09
4.977045208e-13
1.114700219e-09
5.11346308e-13
1.132392098e-09
5.226523709e-13
1.148309829e-09
5.313646523e-13
1.162540747e-09
5.375772292e-13
1.175168125e-09
5.411564682e-13
1.186272222e-09
5.42098187e-13
1.195929553e-09
5.404125786e-13
1.204213799e-09
5.359925592e-13
1.211195317e-09
5.290016879e-13
1.216941511e-09
5.192334122e-13
1.221517144e-09
5.069475933e-13
1.224983794e-09
4.920075871e-13
1.22740088e-09
4.745828968e-13
1.228824803e-09
4.546520616e-13
1.229310018e-09
4.32274465e-13
1.228908151e-09
4.075743388e-13
1.227668937e-09
3.804967923e-13
1.225639733e-09
3.512906692e-13
1.222865827e-09
3.198061157e-13
1.219390706e-09
2.863434289e-13
1.215255551e-09
2.507662219e-13
1.21050022e-09
2.133543646e-13
1.20516222e-09
1.740292074e-13
1.199277938e-09
1.329961741e-13
1.192881561e-09
9.022983374e-14
1.186006318e-09
4.589442401e-14
1.17868334e-09
1.170942874e-09
2.263942191e-15
4.560260334e-11
8.863112378e-15
1.334404689e-10
1.947736251e-14
2.163841015e-10
3.374683435e-14
2.946375084e-10
5.128560473e-14
3.68397694e-10
7.169453669e-14
4.378548178e-10
9.455912984e-14
5.031923557e-10
1.195224282e-13
5.645872218e-10
1.461322159e-13
6.222100597e-10
1.739729848e-13
6.762252667e-10
2.027217627e-13
7.267911775e-10
2.319775292e-13
7.74060344e-10
2.61346691e-13
8.181796354e-10
2.906020852e-13
8.592902526e-10
3.192944813e-13
8.975282719e-10
3.472447863e-13
9.330243078e-10
3.740904152e-13
9.659041297e-10
3.996426e-13
9.962885218e-10
4.236345965e-13
1.024293516e-09
4.458919713e-13
1.050030691e-09
4.662078118e-13
1.073606989e-09
4.844594344e-13
1.095125323e-09
5.004663064e-13
1.114684212e-09
5.141836166e-13
1.13237838e-09
5.253846016e-13
1.148298628e-09
5.341543113e-13
1.162531978e-09
5.402380512e-13
1.175162041e-09
5.437957578e-13
1.186268664e-09
5.445947691e-13
1.195928754e-09
5.427942967e-13
1.2042156e-09
5.382645385e-13
1.211199847e-09
5.310670524e-13
1.216948709e-09
5.212320995e-13
1.221526979e-09
5.087239779e-13
1.224996303e-09
4.937203166e-13
1.227415884e-09
4.760584075e-13
1.228842464e-09
4.560062546e-13
1.229330071e-09
4.334240832e-13
1.228930733e-09
4.085479219e-13
1.227693813e-09
3.813268595e-13
1.225666954e-09
3.519051977e-13
1.222895249e-09
3.203333467e-13
1.219422278e-09
2.86662134e-13
1.215289222e-09
2.510403345e-13
1.210535842e-09
2.134564888e-13
1.205199804e-09
1.74117931e-13
1.199317277e-09
1.32953973e-13
1.192922725e-09
9.0217511e-14
1.186049054e-09
4.580621174e-14
1.178727751e-09
1.17098868e-09
2.285663315e-15
4.560031768e-11
8.946144137e-15
1.334338084e-10
1.965234332e-14
2.163733953e-10
3.404091722e-14
2.946231198e-10
5.172167791e-14
3.683800132e-10
7.230205932e-14
4.378342374e-10
9.539659307e-14
5.031692612e-10
1.205465322e-13
5.645620719e-10
1.473378998e-13
6.221832683e-10
1.75425306e-13
6.761971793e-10
2.043924981e-13
7.267622103e-10
2.33825581e-13
7.740309109e-10
2.63471945e-13
8.18149989e-10
2.928705718e-13
8.59260854e-10
3.217637925e-13
8.974993787e-10
3.498626228e-13
9.32996209e-10
3.768375843e-13
9.658771547e-10
4.025311424e-13
9.962628282e-10
4.265912199e-13
1.024269456e-09
4.489591021e-13
1.050008323e-09
4.693000912e-13
1.073586648e-09
4.876128302e-13
1.095107011e-09
5.036250377e-13
1.1146682e-09
5.17317708e-13
1.132364688e-09
5.285069849e-13
1.148287439e-09
5.371740177e-13
1.162523311e-09
5.432565785e-13
1.175155959e-09
5.466619872e-13
1.186265259e-09
5.474559904e-13
1.19592796e-09
5.454626238e-13
1.204217593e-09
5.40870495e-13
1.211204439e-09
5.334610663e-13
1.216956118e-09
5.234856699e-13
1.221536954e-09
5.108186759e-13
1.22500897e-09
4.955919954e-13
1.22743111e-09
4.778107085e-13
1.228860246e-09
4.575081411e-13
1.229350373e-09
4.348288668e-13
1.228953412e-09
4.096984819e-13
1.227718943e-09
3.823845802e-13
1.225694268e-09
3.527229847e-13
1.22292491e-09
3.21029213e-13
1.219453972e-09
2.871718903e-13
1.21532308e-09
2.514227765e-13
1.210571591e-09
2.137200898e-13
1.205237507e-09
1.742632537e-13
1.199356734e-09
1.330451187e-13
1.192963943e-09
9.022438749e-14
1.186091875e-09
4.583163971e-14
1.178772144e-09
1.171034512e-09
2.305554803e-15
4.559801213e-11
9.024866875e-15
1.334270891e-10
1.982329328e-14
2.163625969e-10
3.433892453e-14
2.946086042e-10
5.219340556e-14
3.683621587e-10
7.296883846e-14
4.378134619e-10
9.623592226e-14
5.031459941e-10
1.21568849e-13
5.64536739e-10
1.486103049e-13
6.221562269e-10
1.769201148e-13
6.761688695e-10
2.060732708e-13
7.267330572e-10
2.35771293e-13
7.740012129e-10
2.655779709e-13
8.181201824e-10
2.951469474e-13
8.59231285e-10
3.242413052e-13
8.974702843e-10
3.524374833e-13
9.329680128e-10
3.796127938e-13
9.658499794e-10
4.053472814e-13
9.962370937e-10
4.295802126e-13
1.024245223e-09
4.519374503e-13
1.049985966e-09
4.724091354e-13
1.073566176e-09
4.906726681e-13
1.095088747e-09
5.06767113e-13
1.114652106e-09
5.20357736e-13
1.132351097e-09
5.315677936e-13
1.148276229e-09
5.401114541e-13
1.162514767e-09
5.461404449e-13
1.17514993e-09
5.49435812e-13
1.186261964e-09
5.500860486e-13
1.19592731e-09
5.480042712e-13
1.204219675e-09
5.431999648e-13
1.211209244e-09
5.357328232e-13
1.216963586e-09
5.255297249e-13
1.221547157e-09
5.127883709e-13
1.225021711e-09
4.973201309e-13
1.227446578e-09
4.794049939e-13
1.228878161e-09
4.589022599e-13
1.229370876e-09
4.360344419e-13
1.22897628e-09
4.107605927e-13
1.227744217e-09
3.832176198e-13
1.225721811e-09
3.534639211e-13
1.222954664e-09
3.215480032e-13
1.219485888e-09
2.876263e-13
1.215357001e-09
2.516872698e-13
1.21060753e-09
2.139472237e-13
1.205275247e-09
1.743372693e-13
1.199396344e-09
1.331213576e-13
1.193005159e-09
9.019955321e-14
1.186134797e-09
4.586653551e-14
1.178816477e-09
1.171080378e-09
2.32503286e-15
4.559568709e-11
9.101635847e-15
1.334203125e-10
1.999871823e-14
2.163516998e-10
3.464214278e-14
2.945939607e-10
5.263168349e-14
3.683441692e-10
7.355177421e-14
4.377925419e-10
9.697600379e-14
5.031225699e-10
1.225347378e-13
5.645111802e-10
1.497643356e-13
6.221289973e-10
1.782357153e-13
6.761403981e-10
2.076138065e-13
7.267036791e-10
2.374718912e-13
7.739713548e-10
2.673980834e-13
8.180902562e-10
2.971820661e-13
8.592015011e-10
3.263541531e-13
8.974411122e-10
3.547213559e-13
9.329396456e-10
3.819325624e-13
9.658227682e-10
4.077733395e-13
9.962112529e-10
4.320079029e-13
1.024220989e-09
4.544215386e-13
1.049963553e-09
4.748618484e-13
1.073545736e-09
4.93148812e-13
1.09507046e-09
5.091419372e-13
1.114636113e-09
5.22736414e-13
1.132337503e-09
5.338135185e-13
1.148265152e-09
5.423652766e-13
1.162506215e-09
5.482252022e-13
1.17514407e-09
5.514994475e-13
1.186258689e-09
5.519555331e-13
1.195926854e-09
5.497982813e-13
1.204221832e-09
5.44810698e-13
1.211214231e-09
5.372073171e-13
1.216971189e-09
5.268786779e-13
1.221557486e-09
5.139337617e-13
1.225034656e-09
4.983857885e-13
1.227462126e-09
4.802561759e-13
1.22889629e-09
4.596915864e-13
1.229391441e-09
4.366132674e-13
1.228999358e-09
4.112879249e-13
1.227769542e-09
3.835527698e-13
1.225749546e-09
3.537277975e-13
1.222984489e-09
3.216760664e-13
1.21951794e-09
2.876767763e-13
1.215391001e-09
2.516661461e-13
1.21064354e-09
2.138532637e-13
1.20531306e-09
1.742305379e-13
1.199435966e-09
1.329671323e-13
1.193046422e-09
9.009564036e-14
1.186177668e-09
4.57601844e-14
1.178860812e-09
1.171126139e-09
2.340995342e-15
4.55933461e-11
9.162447486e-15
1.33413491e-10
2.012412292e-14
2.163407381e-10
3.484925271e-14
2.945792356e-10
5.29319796e-14
3.683260865e-10
7.397026353e-14
4.377715036e-10
9.756195559e-14
5.030989782e-10
1.232378038e-13
5.644855044e-10
1.505693541e-13
6.221016657e-10
1.791945849e-13
6.761117729e-10
2.086825541e-13
7.266741911e-10
2.385962057e-13
7.739414411e-10
2.686778222e-13
8.180601746e-10
2.984824085e-13
8.591716965e-10
3.277173384e-13
8.974118773e-10
3.56112317e-13
9.329112506e-10
3.83301484e-13
9.65795579e-10
4.091704742e-13
9.96185384e-10
4.333224394e-13
1.024196837e-09
4.557481292e-13
1.049941127e-09
4.760745032e-13
1.07352541e-09
4.943336048e-13
1.095052201e-09
5.101757216e-13
1.114620271e-09
5.237048491e-13
1.132323973e-09
5.346493745e-13
1.148254207e-09
5.430859059e-13
1.162497779e-09
5.488381142e-13
1.175138318e-09
5.519367072e-13
1.186255591e-09
5.523223867e-13
1.195926468e-09
5.499662763e-13
1.204224188e-09
5.44941854e-13
1.211219256e-09
5.371511726e-13
1.21697898e-09
5.267954718e-13
1.221567841e-09
5.136745499e-13
1.225047777e-09
4.980698637e-13
1.227477731e-09
4.79829965e-13
1.22891453e-09
4.59177675e-13
1.229412093e-09
4.360622538e-13
1.229022474e-09
4.106277887e-13
1.227794977e-09
3.829209298e-13
1.225777253e-09
3.530010862e-13
1.223014409e-09
3.210123811e-13
1.219549928e-09
2.869570607e-13
1.215425056e-09
2.510404887e-13
1.210679457e-09
2.132090307e-13
1.205350891e-09
1.737176392e-13
1.199475458e-09
1.324819259e-13
1.193087658e-09
8.97900829e-14
1.18622036e-09
4.553367081e-14
1.178905069e-09
1.171171672e-09
2.34618015e-15
4.559099992e-11
9.183291992e-15
1.334066539e-10
2.01666965e-14
2.163297547e-10
3.492484233e-14
2.945644775e-10
5.306378714e-14
3.683079475e-10
7.416078264e-14
4.377504066e-10
9.777035614e-14
5.030753686e-10
1.23454649e-13
5.644598201e-10
1.508364091e-13
6.22074284e-10
1.794717251e-13
6.760831376e-10
2.089098993e-13
7.266447529e-10
2.388417576e-13
7.739115093e-10
2.688557181e-13
8.180301606e-10
2.985642756e-13
8.591419879e-10
3.277592594e-13
8.973826823e-10
3.559898265e-13
9.328830201e-10
3.831325914e-13
9.657684362e-10
4.087955554e-13
9.96159721e-10
4.328689208e-13
1.024172763e-09
4.550680216e-13
1.049918928e-09
4.75292003e-13
1.073505186e-09
4.932949368e-13
1.095034198e-09
5.090378148e-13
1.114604528e-09
5.223174322e-13
1.132310694e-09
5.331698799e-13
1.148243355e-09
5.413656457e-13
1.162489583e-09
5.470398521e-13
1.175132643e-09
5.499178458e-13
1.186252713e-09
5.502133537e-13
1.195926173e-09
5.47703601e-13
1.204226698e-09
5.425795183e-13
1.21122438e-09
5.347318081e-13
1.216986827e-09
5.242599902e-13
1.221578313e-09
5.111680653e-13
1.225060869e-09
4.954776385e-13
1.227493422e-09
4.773194518e-13
1.228932689e-09
4.566231767e-13
1.229432789e-09
4.336346307e-13
1.229045462e-09
4.082053712e-13
1.227820406e-09
3.80647783e-13
1.225804811e-09
3.508072256e-13
1.22304425e-09
3.189827395e-13
1.219581753e-09
2.850880583e-13
1.215458951e-09
2.493543746e-13
1.210715191e-09
2.117530489e-13
1.205388492e-09
1.724763852e-13
1.199514734e-09
1.315384882e-13
1.193128596e-09
8.910729162e-14
1.186262791e-09
4.520692508e-14
1.178948969e-09
1.171216879e-09
2.339460038e-15
4.558866046e-11
9.15774419e-15
1.333998356e-10
2.011634551e-14
2.163187961e-10
3.483937149e-14
2.945497544e-10
5.29141903e-14
3.682898727e-10
7.391683021e-14
4.377294039e-10
9.740786766e-14
5.030518776e-10
1.230038718e-13
5.644342241e-10
1.502442779e-13
6.220470436e-10
1.786751188e-13
6.760547067e-10
2.079478149e-13
7.266154802e-10
2.376678197e-13
7.738817893e-10
2.673960431e-13
8.180004324e-10
2.969118063e-13
8.591124722e-10
3.257713499e-13
8.973538228e-10
3.537413571e-13
9.3285505e-10
3.805425957e-13
9.65741635e-10
4.058903796e-13
9.961343732e-10
4.296445647e-13
1.024149009e-09
4.51507542e-13
1.049897065e-09
4.714159005e-13
1.073485277e-09
4.890879654e-13
1.095016526e-09
5.045354285e-13
1.11458908e-09
5.175393701e-13
1.13229769e-09
5.281103338e-13
1.148232784e-09
5.361050553e-13
1.162481588e-09
5.415103634e-13
1.175127238e-09
5.442823086e-13
1.186249941e-09
5.44366684e-13
1.195926088e-09
5.418370286e-13
1.204229228e-09
5.365836192e-13
1.211229633e-09
5.287957683e-13
1.216994615e-09
5.18274253e-13
1.221588835e-09
5.052917829e-13
1.225073851e-09
4.896762517e-13
1.227509037e-09
4.716622766e-13
1.228950703e-09
4.511694247e-13
1.229453282e-09
4.28360758e-13
1.229068271e-09
4.032506002e-13
1.227845516e-09
3.759199987e-13
1.225832142e-09
3.464795625e-13
1.22307369e-09
3.149562709e-13
1.219613276e-09
2.815235004e-13
1.215492383e-09
2.461538924e-13
1.21075056e-09
2.090724957e-13
1.205425574e-09
1.702220366e-13
1.199553585e-09
1.298641853e-13
1.193168954e-09
8.791888296e-14
1.186304737e-09
4.465297141e-14
1.178992235e-09
1.171261532e-09
2.316400003e-15
4.558634406e-11
9.065992077e-15
1.33393086e-10
1.990757391e-14
2.163079545e-10
3.446200182e-14
2.945352e-10
5.232100859e-14
3.682720137e-10
7.307133646e-14
4.377086536e-10
9.630573619e-14
5.030286432e-10
1.215638136e-13
5.64408966e-10
1.483975598e-13
6.220202098e-10
1.764316941e-13
6.760266726e-10
2.052762601e-13
7.265866357e-10
2.344711996e-13
7.738525943e-10
2.637354078e-13
8.179711682e-10
2.926868087e-13
8.590835208e-10
3.209733103e-13
8.973255363e-10
3.484103916e-13
9.32827613e-10
3.745777311e-13
9.657154677e-10
3.994246001e-13
9.961095263e-10
4.22549766e-13
1.024125884e-09
4.439307855e-13
1.049875684e-09
4.632306762e-13
1.073465977e-09
4.804734045e-13
1.094999283e-09
4.953841e-13
1.11457417e-09
5.080382724e-13
1.132285036e-09
5.181595562e-13
1.148222662e-09
5.259004509e-13
1.162473847e-09
5.309652294e-13
1.175122173e-09
5.335689185e-13
1.186247337e-09
5.334785178e-13
1.195926179e-09
5.308745087e-13
1.204231832e-09
5.256344016e-13
1.211234873e-09
5.178609172e-13
1.217002389e-09
5.075331247e-13
1.221599163e-09
4.946831629e-13
1.225086701e-09
4.794084051e-13
1.227524312e-09
4.616572898e-13
1.228968454e-09
4.416343901e-13
1.229473305e-09
4.192156792e-13
1.22909069e-09
3.946849898e-13
1.227870047e-09
3.678699785e-13
1.225858957e-09
3.390907388e-13
1.223102469e-09
3.08216092e-13
1.219644151e-09
2.755079105e-13
1.215525092e-09
2.40893478e-13
1.210785175e-09
2.045970507e-13
1.20546187e-09
1.665912584e-13
1.199591591e-09
1.270777351e-13
1.193208467e-09
8.604362838e-14
1.186345771e-09
4.368362854e-14
1.179034595e-09
1.171305216e-09
2.266569531e-15
4.558407749e-11
8.871243607e-15
1.333864814e-10
1.94756238e-14
2.162973501e-10
3.370651329e-14
2.945209691e-10
5.117482545e-14
3.682545454e-10
7.147387991e-14
4.376883545e-10
9.414513339e-14
5.030059719e-10
1.187560838e-13
5.643843551e-10
1.449189687e-13
6.219940469e-10
1.722402864e-13
6.759993513e-10
2.00252576e-13
7.265586234e-10
2.286292452e-13
7.738242177e-10
2.570310663e-13
8.179427663e-10
2.850313504e-13
8.590555205e-10
3.12465407e-13
8.972981022e-10
3.389171576e-13
9.328011612e-10
3.642149106e-13
9.656901699e-10
3.881019979e-13
9.960856393e-10
4.10370736e-13
1.024103615e-09
4.308618687e-13
1.049855193e-09
4.493704413e-13
1.073447469e-09
4.658337969e-13
1.09498282e-09
4.800833348e-13
1.11455992e-09
4.920809115e-13
1.132273038e-09
5.017123537e-13
1.148213031e-09
5.089372242e-13
1.162466622e-09
5.137203572e-13
1.17511739e-09
5.159969862e-13
1.18624506e-09
5.158314703e-13
1.195926344e-09
5.13116008e-13
1.204234547e-09
5.080157277e-13
1.211239973e-09
5.003445957e-13
1.21701006e-09
4.903577623e-13
1.221609149e-09
4.778532941e-13
1.225099206e-09
4.630870448e-13
1.227539078e-09
4.45929032e-13
1.228985612e-09
4.265698652e-13
1.229492664e-09
4.049693732e-13
1.22911229e-09
3.812382904e-13
1.227893778e-09
3.554293152e-13
1.225884765e-09
3.2760072e-13
1.223130298e-09
2.97869236e-13
1.219673882e-09
2.662391302e-13
1.215556722e-09
2.328801049e-13
1.210818534e-09
1.977672121e-13
1.205496983e-09
1.61109853e-13
1.199628248e-09
1.228618778e-13
1.193246715e-09
8.324216937e-14
1.18638539e-09
4.221577358e-14
1.179075621e-09
1.171347432e-09
2.184767783e-15
4.558189272e-11
8.552108841e-15
1.33380114e-10
1.877622165e-14
2.16287126e-10
3.249799614e-14
2.945072473e-10
4.932057736e-14
3.682377228e-10
6.882547906e-14
4.376688496e-10
9.058739038e-14
5.0298421e-10
1.142219232e-13
5.643607205e-10
1.393286966e-13
6.219689402e-10
1.654462811e-13
6.759732337e-10
1.922171819e-13
7.265318525e-10
2.19332573e-13
7.737971023e-10
2.463403504e-13
8.179157586e-10
2.730106156e-13
8.590288502e-10
2.990225919e-13
8.972720902e-10
3.240676071e-13
9.327761162e-10
3.480158151e-13
9.656662217e-10
3.704978094e-13
9.960631573e-10
3.91519048e-13
1.024082594e-09
4.106922847e-13
1.049836019e-09
4.280984087e-13
1.073430063e-09
4.434134056e-13
1.094967505e-09
4.56753955e-13
1.114546579e-09
4.678170759e-13
1.132261975e-09
4.767729714e-13
1.148204075e-09
4.833245801e-13
1.162460071e-09
4.876847218e-13
1.17511303e-09
4.896142158e-13
1.186243131e-09
4.892981942e-13
1.19592666e-09
4.865923539e-13
1.204237253e-09
4.816159354e-13
1.21124495e-09
4.743101868e-13
1.217017366e-09
4.647293235e-13
1.22161873e-09
4.529210649e-13
1.225111014e-09
4.388610503e-13
1.227553138e-09
4.226925279e-13
1.22900178e-09
4.043231267e-13
1.229511033e-09
3.839699375e-13
1.229132643e-09
3.614767596e-13
1.227916271e-09
3.371455788e-13
1.225909097e-09
3.107945351e-13
1.223156649e-09
2.827127298e-13
1.219701964e-09
2.527561426e-13
1.215586678e-09
2.211833827e-13
1.210850107e-09
1.878973505e-13
1.205530269e-09
1.531362215e-13
1.199663009e-09
1.168218002e-13
1.193283029e-09
7.918336017e-14
1.186423029e-09
4.016327224e-14
1.179114641e-09
1.171387595e-09
2.065255454e-15
4.557982746e-11
8.082309249e-15
1.33374097e-10
1.773571018e-14
2.162774726e-10
3.067207482e-14
2.94494311e-10
4.651017528e-14
3.682218847e-10
6.484631069e-14
4.376505135e-10
8.531402543e-14
5.029637423e-10
1.0750903e-13
5.643385255e-10
1.309896499e-13
6.219454595e-10
1.553835856e-13
6.759488398e-10
1.803958888e-13
7.265068402e-10
2.055809042e-13
7.737719173e-10
2.306523799e-13
8.178906871e-10
2.553663263e-13
8.590041363e-10
2.793281925e-13
8.972481284e-10
3.024467808e-13
9.327529976e-10
3.243768978e-13
9.656442916e-10
3.450093728e-13
9.960425248e-10
3.641221797e-13
1.024063481e-09
3.815933882e-13
1.049818548e-09
3.973135255e-13
1.073414343e-09
4.11171802e-13
1.094953647e-09
4.231056228e-13
1.114534646e-09
4.330357243e-13
1.132252045e-09
4.409164895e-13
1.148196194e-09
4.467242862e-13
1.162454263e-09
4.504029582e-13
1.175109351e-09
4.52006233e-13
1.186241528e-09
4.514455293e-13
1.195927221e-09
4.4885568e-13
1.204239843e-09
4.440785026e-13
1.211249727e-09
4.373291905e-13
1.217024115e-09
4.284022965e-13
1.221627657e-09
4.175663019e-13
1.22512185e-09
4.046239694e-13
1.22756608e-09
3.898001283e-13
1.229016604e-09
3.729778899e-13
1.229527856e-09
3.543012024e-13
1.22915132e-09
3.337376291e-13
1.227936835e-09
3.113800903e-13
1.225931454e-09
2.872592596e-13
1.22318077e-09
2.614118533e-13
1.219727812e-09
2.33921775e-13
1.215614168e-09
2.047954893e-13
1.210879233e-09
1.741595057e-13
1.205560905e-09
1.42001266e-13
1.199695167e-09
1.084617897e-13
1.193316569e-09
7.353825608e-14
1.186457952e-09
3.738052564e-14
1.179150799e-09
1.171424975e-09
1.892439922e-15
4.557793502e-11
7.405737054e-15
1.333685837e-10
1.624315213e-14
2.162686352e-10
2.80681745e-14
2.94482486e-10
4.253145797e-14
3.682074214e-10
5.927111818e-14
4.376337739e-10
7.790408586e-14
5.029451093e-10
9.802153891e-14
5.643184081e-10
1.192549343e-13
6.219242262e-10
1.413079726e-13
6.759267867e-10
1.637739496e-13
7.264843742e-10
1.863179139e-13
7.737493733e-10
2.08753496e-13
8.178682515e-10
2.306803177e-13
8.589822094e-10
2.519342116e-13
8.972268745e-10
2.72300381e-13
9.327326314e-10
2.91531616e-13
9.656250604e-10
3.095741159e-13
9.960244823e-10
3.261209533e-13
1.024046934e-09
3.412699356e-13
1.049803399e-09
3.547109001e-13
1.073400902e-09
3.666034282e-13
1.094941754e-09
3.766477061e-13
1.114524601e-09
3.850466561e-13
1.132243646e-09
3.915200168e-13
1.148189721e-09
3.962960127e-13
1.162449487e-09
3.991381925e-13
1.175106509e-09
4.002575157e-13
1.186240408e-09
3.994879023e-13
1.195927991e-09
3.969827745e-13
1.204242348e-09
3.926393994e-13
1.21125407e-09
3.865481017e-13
1.217030206e-09
3.78694084e-13
1.221635511e-09
3.690908769e-13
1.225131453e-09
3.57802034e-13
1.227577369e-09
3.447719657e-13
1.229029634e-09
3.301277157e-13
1.2295425e-09
3.137458117e-13
1.229167702e-09
2.958295971e-13
1.227954751e-09
2.7620493e-13
1.225951079e-09
2.551215859e-13
1.223201853e-09
2.323774934e-13
1.219750556e-09
2.082363979e-13
1.21563831e-09
1.825055904e-13
1.210904964e-09
1.554507594e-13
1.20558796e-09
1.268939908e-13
1.199723724e-09
9.709431571e-14
1.193346369e-09
6.590322302e-14
1.186489143e-09
3.358689968e-14
1.179183115e-09
1.171458562e-09
1.656657433e-15
4.557627837e-11
6.483411617e-15
1.333637569e-10
1.421420856e-14
2.162609044e-10
2.454814531e-14
2.94472152e-10
3.716518463e-14
3.681948044e-10
5.170953885e-14
4.376192295e-10
6.782019358e-14
5.029289987e-10
8.515152954e-14
5.643010767e-10
1.034128546e-13
6.219059648e-10
1.222382039e-13
6.759079614e-10
1.412834394e-13
7.26465329e-10
1.603654163e-13
7.737302913e-10
1.791573332e-13
8.178494596e-10
1.974119943e-13
8.589639548e-10
2.150335546e-13
8.972092529e-10
2.316976459e-13
9.327159674e-10
2.474022367e-13
9.656093558e-10
2.618973723e-13
9.960099871e-10
2.751689137e-13
1.024033663e-09
2.870998678e-13
1.049791468e-09
2.976594152e-13
1.073390342e-09
3.067975328e-13
1.094932616e-09
3.144899719e-13
1.114516909e-09
3.207188156e-13
1.132237417e-09
3.254886125e-13
1.148184951e-09
3.287811666e-13
1.162446195e-09
3.306506298e-13
1.17510464e-09
3.310532246e-13
1.186240006e-09
3.300982061e-13
1.195928946e-09
3.276761382e-13
1.20424477e-09
3.239516716e-13
1.211257795e-09
3.187570973e-13
1.217035401e-09
3.123255835e-13
1.221641943e-09
3.044253732e-13
1.225139353e-09
2.953068636e-13
1.227586488e-09
2.84756512e-13
1.229040184e-09
2.729529185e-13
1.229554303e-09
2.597515969e-13
1.229180903e-09
2.452759762e-13
1.227969227e-09
2.29437347e-13
1.225966918e-09
2.122993142e-13
1.223218991e-09
1.938212508e-13
1.219769034e-09
1.740332544e-13
1.215658098e-09
1.529372879e-13
1.21092606e-09
1.305447346e-13
1.205610352e-09
1.068761678e-13
1.199747393e-09
8.195006547e-14
1.193371295e-09
5.580548394e-14
1.186515288e-09
2.847916089e-14
1.179210442e-09
1.171487041e-09
1.348617005e-15
4.557492975e-11
5.276279437e-15
1.333598293e-10
1.155506891e-14
2.162546256e-10
1.991921208e-14
2.944637879e-10
3.00726449e-14
3.681846509e-10
4.170681453e-14
4.376075953e-10
5.451967317e-14
5.029161858e-10
6.823752776e-14
5.642873589e-10
8.253917677e-14
6.218916632e-10
9.710953585e-14
6.75893391e-10
1.117579877e-13
7.264506805e-10
1.262391349e-13
7.737158102e-10
1.402670103e-13
8.178354317e-10
1.537926726e-13
8.589504291e-10
1.665678279e-13
8.971964777e-10
1.785008326e-13
9.327040343e-10
1.89519762e-13
9.655983368e-10
1.994603184e-13
9.960000466e-10
2.084214462e-13
1.024024702e-09
2.16198974e-13
1.049783691e-09
2.229917933e-13
1.073383549e-09
2.285695865e-13
1.094927038e-09
2.331916793e-13
1.114512287e-09
2.366268051e-13
1.132233982e-09
2.391554653e-13
1.148182423e-09
2.405654357e-13
1.162444785e-09
2.41126616e-13
1.175104079e-09
2.406657955e-13
1.186240467e-09
2.393983445e-13
1.195930213e-09
2.371840495e-13
1.204246984e-09
2.341704827e-13
1.211260808e-09
2.302775182e-13
1.217039294e-09
2.255721469e-13
1.221646648e-09
2.200250451e-13
1.2251449e-09
2.136272867e-13
1.227592886e-09
2.063951963e-13
1.229047417e-09
1.982376801e-13
1.229562461e-09
1.892307885e-13
1.22918991e-09
1.792256047e-13
1.227979232e-09
1.683356052e-13
1.225977808e-09
1.563586808e-13
1.223230968e-09
1.434478648e-13
1.219781945e-09
1.293730367e-13
1.215672172e-09
1.143223441e-13
1.21094111e-09
9.805195718e-14
1.205626623e-09
8.075660556e-14
1.199764688e-09
6.222081672e-14
1.193389831e-09
4.26474922e-14
1.186534861e-09
2.184138171e-14
1.179231248e-09
1.171508883e-09
9.508709107e-16
4.557397888e-11
3.717232689e-15
1.333570629e-10
8.113425561e-15
2.162502294e-10
1.392157593e-14
2.944579797e-10
2.08974914e-14
3.68177675e-10
2.880514832e-14
4.375996877e-10
3.74045373e-14
5.029075864e-10
4.642806736e-14
5.642783354e-10
5.561047005e-14
6.218824808e-10
6.477699713e-14
6.758842245e-10
7.375515564e-14
7.264417024e-10
8.228410986e-14
7.737072812e-10
9.030066337e-14
8.178274152e-10
9.768954971e-14
8.589430402e-10
1.042851235e-13
8.971898822e-10
1.101747779e-13
9.326981447e-10
1.151523443e-13
9.655933593e-10
1.193530778e-13
9.959958459e-10
1.227023031e-13
1.024021353e-09
1.252924389e-13
1.049781101e-09
1.271365763e-13
1.073381705e-09
1.283053374e-13
1.09492587e-09
1.288583609e-13
1.114511734e-09
1.288633634e-13
1.132233977e-09
1.283869309e-13
1.148182899e-09
1.275127941e-13
1.162445659e-09
1.262824946e-13
1.175105309e-09
1.248019144e-13
1.186241947e-09
1.23044259e-13
1.195931971e-09
1.211364843e-13
1.204248892e-09
1.189827115e-13
1.211262962e-09
1.167480107e-13
1.217041528e-09
1.142411454e-13
1.221649155e-09
1.116709616e-13
1.225147471e-09
1.087772093e-13
1.227595779e-09
1.057520566e-13
1.229050442e-09
1.023159916e-13
1.229565897e-09
9.86185212e-14
1.229193608e-09
9.441877455e-14
1.227983431e-09
8.979319258e-14
1.225982433e-09
8.453473276e-14
1.223236226e-09
7.867796246e-14
1.219787801e-09
7.205005427e-14
1.2156788e-09
6.466410116e-14
1.210948496e-09
5.636486673e-14
1.205634922e-09
4.716649111e-14
1.199773887e-09
3.694038153e-14
1.193400057e-09
2.572190068e-14
1.18654608e-09
1.338185596e-14
1.179243588e-09
1.171522265e-09
4.440590573e-16
4.557353482e-11
1.731930206e-15
1.33355775e-10
3.736097378e-15
2.162482253e-10
6.306160229e-15
2.944554097e-10
9.278708892e-15
3.681747025e-10
1.247886315e-14
4.375964875e-10
1.570492549e-14
5.029043604e-10
1.876287135e-14
5.642752774e-10
2.151860405e-14
6.21879725e-10
2.386791607e-14
6.758818752e-10
2.561091876e-14
7.264399594e-10
2.668809005e-14
7.73706204e-10
2.711033054e-14
8.178269929e-10
2.672102623e-14
8.589434295e-10
2.562233326e-14
8.971909809e-10
2.378911269e-14
9.326999779e-10
2.12495163e-14
9.655958989e-10
1.816484497e-14
9.959989305e-10
1.449717694e-14
1.02402502e-09
1.052906219e-14
1.049785069e-09
6.168772995e-15
1.073386065e-09
1.7678893e-15
1.09493027e-09
-2.786337861e-15
1.114516288e-09
-7.124671002e-15
1.132238315e-09
-1.137011531e-14
1.148187144e-09
-1.515709118e-14
1.162449446e-09
-1.862457235e-14
1.175108776e-09
-2.145327307e-14
1.186244776e-09
-2.379441244e-14
1.195934312e-09
-2.540679401e-14
1.204250505e-09
-2.642042232e-14
1.211263976e-09
-2.668829471e-14
1.217041796e-09
-2.633109921e-14
1.221648798e-09
-2.529290985e-14
1.225146432e-09
-2.368076629e-14
1.227594167e-09
-2.154344726e-14
1.229048304e-09
-1.895736458e-14
1.229563311e-09
-1.605028801e-14
1.229190701e-09
-1.288091964e-14
1.227980262e-09
-9.650556424e-15
1.225979203e-09
-6.395505378e-15
1.223232971e-09
-3.359402008e-15
1.219784765e-09
-5.538271936e-16
1.215675995e-09
1.752815785e-15
1.21094619e-09
3.560076266e-15
1.205633115e-09
4.615916198e-15
1.199772831e-09
4.935052099e-15
1.193399737e-09
4.292706449e-15
1.186546722e-09
2.703865237e-15
1.179245177e-09
1.171524969e-09
-1.904173723e-16
4.557372524e-11
-7.526211447e-16
1.333563372e-10
-1.733778769e-15
2.162492064e-10
-3.201838955e-15
2.944568777e-10
-5.236357821e-15
3.68176737e-10
-7.9546025e-15
4.375992058e-10
-1.145744453e-14
5.029078632e-10
-1.580969544e-14
5.642796297e-10
-2.104929519e-14
6.218849646e-10
-2.727458749e-14
6.758881005e-10
-3.451746372e-14
7.264472022e-10
-4.267801865e-14
7.737143646e-10
-5.179726916e-14
8.178361122e-10
-6.17925499e-14
8.589534248e-10
-7.249265654e-14
8.97201681e-10
-8.392101282e-14
9.327114063e-10
-9.575465863e-14
9.656077325e-10
-1.07952717e-13
9.960111286e-10
-1.202360119e-13
1.024037303e-09
-1.324589794e-13
1.049797292e-09
-1.443935776e-13
1.073398e-09
-1.558351087e-13
1.094941712e-09
-1.665946387e-13
1.114527048e-09
-1.764548659e-13
1.132248176e-09
-1.852519591e-13
1.148195942e-09
-1.927961493e-13
1.16245699e-09
-1.989424824e-13
1.175114923e-09
-2.035799618e-13
1.186249413e-09
-2.065855169e-13
1.195937317e-09
-2.079391689e-13
1.204251858e-09
-2.075213599e-13
1.211263558e-09
-2.054281755e-13
1.217039703e-09
-2.015420814e-13
1.221644912e-09
-1.960704842e-13
1.225140961e-09
-1.889109665e-13
1.227587008e-09
-1.803736837e-13
1.229039767e-09
-1.703547092e-13
1.229553292e-09
-1.592264956e-13
1.229179572e-09
-1.46939477e-13
1.227967975e-09
-1.338968713e-13
1.22596616e-09
-1.200888189e-13
1.223219163e-09
-1.059151982e-13
1.219770592e-09
-9.139675008e-14
1.215661476e-09
-7.69276516e-14
1.21093172e-09
-6.254276292e-14
1.20561873e-09
-4.860977928e-14
1.199758898e-09
-3.514484804e-14
1.193386273e-09
-2.250945962e-14
1.186534087e-09
-1.068424397e-14
1.179233351e-09
1.171514284e-09
-9.74078462e-16
4.557469932e-11
-3.822956665e-15
1.333591861e-10
-8.496784565e-15
2.162538802e-10
-1.496965737e-14
2.944633506e-10
-2.322866343e-14
3.68184996e-10
-3.326990818e-14
4.37609247e-10
-4.505795954e-14
5.029196513e-10
-5.854426294e-14
5.64293116e-10
-7.371176137e-14
6.219001321e-10
-9.05172556e-14
6.75904906e-10
-1.087758359e-13
7.264654608e-10
-1.283829862e-13
7.737339718e-10
-1.492371221e-13
8.178569663e-10
-1.71019552e-13
8.589752072e-10
-1.936160847e-13
8.972242775e-10
-2.167309999e-13
9.327345212e-10
-2.400556033e-13
9.656310571e-10
-2.633852116e-13
9.960344582e-10
-2.862716745e-13
1.02406019e-09
-3.085926832e-13
1.049819613e-09
-3.298266011e-13
1.073419234e-09
-3.498867826e-13
1.094961772e-09
-3.682595324e-13
1.11454542e-09
-3.848794294e-13
1.132264795e-09
-3.992679716e-13
1.14821033e-09
-4.11408306e-13
1.16246913e-09
-4.208659524e-13
1.17512438e-09
-4.277091056e-13
1.186256257e-09
-4.315728909e-13
1.195941181e-09
-4.325898139e-13
1.204252875e-09
-4.304912584e-13
1.211261459e-09
-4.254642897e-13
1.217034676e-09
-4.173559769e-13
1.221636803e-09
-4.063871661e-13
1.225129992e-09
-3.925448155e-13
1.227573165e-09
-3.760677783e-13
1.22902329e-09
-3.570534803e-13
1.229534278e-09
-3.357604094e-13
1.229158279e-09
-3.12394788e-13
1.227944609e-09
-2.872261222e-13
1.225940991e-09
-2.605333225e-13
1.223192471e-09
-2.325870702e-13
1.219742645e-09
-2.03712476e-13
1.215632602e-09
-1.741865441e-13
1.210902195e-09
-1.4433992e-13
1.205588883e-09
-1.144389053e-13
1.199728997e-09
-8.479421684e-14
1.193356628e-09
-5.567061252e-14
1.186504963e-09
-2.73233072e-14
1.179205004e-09
1.171486961e-09
-1.936918799e-15
4.557663624e-11
-7.595928191e-15
1.333648451e-10
-1.681571264e-14
2.162631e-10
-2.944277149e-14
2.944759776e-10
-4.533759997e-14
3.682008908e-10
-6.433359997e-14
4.37628243e-10
-8.626879858e-14
5.029415865e-10
-1.10992446e-13
5.643178396e-10
-1.38336987e-13
6.219274767e-10
-1.680269518e-13
6.759345959e-10
-1.997907365e-13
7.264972246e-10
-2.334259423e-13
7.73767607e-10
-2.685325969e-13
8.17892073e-10
-3.047682819e-13
8.590114429e-10
-3.418372508e-13
8.972613465e-10
-3.791866973e-13
9.327718706e-10
-4.165394028e-13
9.656684098e-10
-4.533393836e-13
9.960712582e-10
-4.892133249e-13
1.024096064e-09
-5.2368686e-13
1.049854086e-09
-5.563182717e-13
1.073451865e-09
-5.867128602e-13
1.094992167e-09
-6.144160036e-13
1.114573123e-09
-6.391058014e-13
1.132289485e-09
-6.603642442e-13
1.148231589e-09
-6.779398713e-13
1.162486706e-09
-6.915087024e-13
1.175137949e-09
-7.008971649e-13
1.186265645e-09
-7.059015292e-13
1.195946185e-09
-7.064062797e-13
1.20425338e-09
-7.023572257e-13
1.21125741e-09
-6.93700615e-13
1.217026019e-09
-6.805320287e-13
1.221623635e-09
-6.628646267e-13
1.225112325e-09
-6.409470842e-13
1.227551248e-09
-6.148362277e-13
1.228997179e-09
-5.849113917e-13
1.229504353e-09
-5.512822366e-13
1.22912465e-09
-5.144455225e-13
1.227907773e-09
-4.745457579e-13
1.225901092e-09
-4.32153976e-13
1.223150079e-09
-3.874518397e-13
1.219697943e-09
-3.410530271e-13
1.215586203e-09
-2.931735689e-13
1.210854315e-09
-2.444217476e-13
1.205540131e-09
-1.950198747e-13
1.199679595e-09
-1.455666721e-13
1.193307175e-09
-9.627300154e-14
1.186455669e-09
-4.769159906e-14
1.179156423e-09
1.171439269e-09
-3.114216452e-15
4.557975045e-11
-1.220793683e-14
1.333739388e-10
-2.697906514e-14
2.162778712e-10
-4.711203045e-14
2.944961106e-10
-7.229555752e-14
3.682260744e-10
-1.02209837e-13
4.376581573e-10
-1.365465205e-13
5.029759231e-10
-1.749777962e-13
5.643562709e-10
-2.170964735e-13
6.219695954e-10
-2.624635908e-13
6.75979963e-10
-3.107080468e-13
7.265454691e-10
-3.613299508e-13
7.738182289e-10
-4.137500992e-13
8.179444931e-10
-4.675563909e-13
8.590652492e-10
-5.220780055e-13
8.973158681e-10
-5.767456291e-13
9.328265383e-10
-6.309996158e-13
9.657226638e-10
-6.84112034e-13
9.961243706e-10
-7.35637633e-13
1.024147589e-09
-7.8477637e-13
1.049903225e-09
-8.31136485e-13
1.073498225e-09
-8.739606942e-13
1.095034991e-09
-9.128893911e-13
1.114612052e-09
-9.47252453e-13
1.132323848e-09
-9.767561996e-13
1.148261092e-09
-1.000829815e-12
1.162510779e-09
-1.019305004e-12
1.175156424e-09
-1.031715075e-12
1.186278055e-09
-1.038032544e-12
1.195952503e-09
-1.037888593e-12
1.204253236e-09
-1.031419821e-12
1.211250942e-09
-1.018377091e-12
1.217012977e-09
-9.990365653e-13
1.221604294e-09
-9.733045337e-13
1.225086593e-09
-9.41569713e-13
1.227519513e-09
-9.038835265e-13
1.228959493e-09
-8.607117075e-13
1.229461181e-09
-8.122638374e-13
1.229076202e-09
-7.590721459e-13
1.227854581e-09
-7.014646383e-13
1.225843484e-09
-6.40021433e-13
1.223088636e-09
-5.751554155e-13
1.219633077e-09
-5.074896371e-13
1.215518537e-09
-4.374833486e-13
1.210784309e-09
-3.657720057e-13
1.20546842e-09
-2.928211675e-13
1.199606644e-09
-2.192819479e-13
1.193233635e-09
-1.455848189e-13
1.186381972e-09
-7.237923887e-14
1.179083217e-09
1.17136689e-09
-4.544890016e-15
-1.781157535e-14
-3.931787841e-14
-6.856033115e-14
-1.050276537e-13
-1.482233225e-13
-1.97621066e-13
-2.526372723e-13
-3.126484632e-13
-3.770624474e-13
-4.452321244e-13
-5.163668856e-13
-5.897955625e-13
-6.647574593e-13
-7.403514839e-13
-8.159130169e-13
-8.904760073e-13
-9.633037223e-13
-1.033544859e-12
-1.100391571e-12
1.049970072e-09
-1.163120123e-12
1.073560954e-09
-1.220918072e-12
1.095092789e-09
-1.273192191e-12
1.114664326e-09
-1.319186659e-12
1.132369843e-09
-1.358441985e-12
1.148300348e-09
-1.390325245e-12
1.162542663e-09
-1.414525427e-12
1.175180624e-09
-1.430571123e-12
1.186294101e-09
-1.438283491e-12
1.195960215e-09
-1.437384538e-12
1.204252337e-09
-1.427837873e-12
1.211241395e-09
-1.4095678e-12
1.216994707e-09
-1.382676323e-12
1.221577403e-09
-1.347304744e-12
1.225051221e-09
-1.303670986e-12
1.227475879e-09
-1.252108281e-12
1.22890793e-09
-1.192950563e-12
1.229402023e-09
-1.126710985e-12
1.229009963e-09
-1.053819308e-12
1.227781689e-09
-9.749283051e-13
1.225764593e-09
-8.905420643e-13
1.223004249e-09
-8.014195952e-13
1.219543955e-09
-7.08131132e-13
1.215425249e-09
-6.114848723e-13
1.210687663e-09
-5.120899682e-13
1.205369025e-09
-4.107704413e-13
1.199505324e-09
-3.081653432e-13
1.19313103e-09
-2.050650096e-13
1.186278872e-09
-1.021104014e-13
1.178980263e-09
1.17126478e-09
-1.480783594e-12
-1.563087683e-12
-1.638825747e-12
-1.707002146e-12
-1.766917828e-12
-1.817748395e-12
-1.858960711e-12
-1.889914874e-12
-1.910273531e-12
-1.919575237e-12
-1.917721858e-12
-1.904428451e-12
-1.87984193e-12
-1.843866353e-12
-1.796886944e-12
-1.738977354e-12
-1.670725994e-12
-1.592403763e-12
-1.50477026e-12
-1.408258807e-12
-1.303767905e-12
-1.191859939e-12
-1.073547999e-12
-9.494980387e-13
-8.20782138e-13
-6.88129133e-13
-5.526513922e-13
-4.151070007e-13
-2.766061672e-13
-1.37882977e-13
)
;

boundaryField
{
    front_top
    {
        type            wedge;
        value           nonuniform List<scalar> 
1167
(
-9.132909791e-26
-5.030457241e-25
-3.274376882e-25
-1.942020428e-25
-1.715133216e-25
-8.917705969e-26
8.736747672e-26
3.395419583e-25
-3.187648729e-25
-9.96856369e-25
2.06377863e-26
4.670724255e-25
-3.805274117e-27
-1.117301707e-26
-1.143565253e-25
-2.802861668e-25
-1.509193859e-25
-8.028326694e-26
-3.348465312e-26
1.30278534e-26
2.049086501e-26
4.123850248e-26
1.153337864e-25
-8.715030206e-25
-1.07253925e-24
-1.50653336e-24
-1.152917499e-24
-1.10502594e-24
-8.997812822e-25
-4.000454596e-25
-6.632088209e-25
-1.447953707e-24
-1.410602418e-24
-5.258487726e-25
-2.148573778e-25
-6.169149132e-25
-6.016810276e-25
-7.337155001e-25
-1.175004203e-24
-6.38722318e-25
-2.956712465e-25
1.761189734e-26
3.819675717e-25
6.859369996e-25
1.092059164e-24
1.727828075e-24
2.720277156e-24
2.736610386e-24
2.260209458e-24
2.40379222e-24
2.403743658e-24
2.734953432e-24
3.11915502e-24
3.03513833e-24
2.624893019e-24
2.36651514e-24
2.645169991e-24
3.0194781e-24
2.67112929e-24
2.385854642e-24
1.969242643e-24
1.091824387e-24
7.799886447e-25
3.579349538e-25
-3.25208619e-25
-1.135190489e-24
-2.435064023e-24
-3.977209775e-24
-5.513547589e-24
-1.995630862e-24
-2.227521214e-24
-2.646424847e-24
-2.528831969e-24
-2.77499484e-24
-2.304195416e-24
-1.808294104e-24
-2.002566205e-24
-2.196292069e-24
-2.609856142e-24
-2.439810509e-24
-1.889616457e-24
-1.730977259e-24
-1.716044047e-24
-1.619483324e-24
-1.375471711e-24
-9.943018715e-25
-5.274496798e-25
9.832211534e-26
8.68544819e-25
1.780438982e-24
2.907954375e-24
4.330994526e-24
3.223929915e-24
3.16295662e-24
3.002876285e-24
3.048902315e-24
3.045762785e-24
3.267384426e-24
3.505165121e-24
3.604447976e-24
3.583703583e-24
3.10839651e-24
2.82874537e-24
3.034314663e-24
3.190590657e-24
2.942893987e-24
2.45176042e-24
1.85302043e-24
1.158646174e-24
4.438393556e-25
-5.019046582e-25
-1.716366618e-24
-3.060667732e-24
-4.7112362e-24
-6.860775195e-24
9.485140099e-25
1.000565982e-24
8.97965879e-25
8.932315448e-25
9.280596706e-25
1.026739755e-24
1.061490165e-24
1.26479771e-24
1.294959558e-24
9.080631899e-25
6.721139466e-25
9.528010251e-25
1.212641976e-24
1.007813249e-24
7.946123597e-25
5.730518763e-25
3.275301109e-25
5.176855975e-26
-2.92950636e-25
-7.04388065e-25
-1.154531749e-24
-1.708686842e-24
-2.414985779e-24
-2.599526509e-24
-2.404529732e-24
-2.542836415e-24
-2.594169958e-24
-2.552845461e-24
-2.510327723e-24
-2.495213915e-24
-2.361227705e-24
-2.438127631e-24
-2.679355979e-24
-2.713327885e-24
-2.388584989e-24
-2.034580694e-24
-1.952409329e-24
-1.770029428e-24
-1.45070844e-24
-1.017449414e-24
-5.288636066e-25
1.045817243e-25
9.402976846e-25
1.983930092e-24
3.25687562e-24
4.802105586e-24
-2.212030407e-23
-2.229860175e-23
-2.254516096e-23
-2.258648895e-23
-2.265705709e-23
-2.277389584e-23
-2.291509908e-23
-2.295267933e-23
-2.287661753e-23
-2.272488314e-23
-2.231301526e-23
-2.129945769e-23
-1.990139289e-23
-1.82427098e-23
-1.580928935e-23
-1.273597351e-23
-8.741842332e-24
-3.59788803e-24
2.725756422e-24
1.066275053e-23
2.037967535e-23
3.222356805e-23
4.663093037e-23
3.172595626e-23
3.177161998e-23
3.203708129e-23
3.248788849e-23
3.294945191e-23
3.326778174e-23
3.334614491e-23
3.327468532e-23
3.3104281e-23
3.265444757e-23
3.185239242e-23
3.071397112e-23
2.90141975e-23
2.637142667e-23
2.280397599e-23
1.811545263e-23
1.20383229e-23
4.540058544e-24
-4.856830832e-24
-1.652365061e-23
-3.081250485e-23
-4.824587243e-23
-6.930576571e-23
-7.04539835e-25
-7.911907932e-25
-8.008370442e-25
-7.113683244e-25
-5.496432817e-25
-5.30875647e-25
-6.244071846e-25
-6.503805853e-25
-6.636928726e-25
-6.677170009e-25
-7.201828224e-25
-6.092064629e-25
-4.344296647e-25
-4.320300967e-25
-4.161798917e-25
-3.853670195e-25
-3.983072227e-25
-3.405155008e-25
-1.66601061e-25
2.521927502e-26
2.370173457e-25
4.951682297e-25
8.504742677e-25
-2.010599186e-23
-2.026072344e-23
-2.045514629e-23
-2.048369294e-23
-2.055300525e-23
-2.082837398e-23
-2.096477763e-23
-2.093161945e-23
-2.083985572e-23
-2.059610443e-23
-2.011735597e-23
-1.921449238e-23
-1.795773667e-23
-1.631640835e-23
-1.410077786e-23
-1.129768585e-23
-7.528117382e-24
-2.772647295e-24
3.119636061e-24
1.053833477e-23
1.955891466e-23
3.054383225e-23
4.391620405e-23
1.179767024e-23
1.182507309e-23
1.180683716e-23
1.203667436e-23
1.22050671e-23
1.216340976e-23
1.22159369e-23
1.227552787e-23
1.220218733e-23
1.198547568e-23
1.171823956e-23
1.126144484e-23
1.058315771e-23
9.632274423e-24
8.260340723e-24
6.398636196e-24
4.102283056e-24
1.16519847e-24
-2.505713574e-24
-6.932216227e-24
-1.233540686e-23
-1.892685141e-23
-2.697034099e-23
-4.489131758e-24
-4.543617015e-24
-4.633195281e-24
-4.567727522e-24
-4.624342306e-24
-4.768532139e-24
-4.704757624e-24
-4.733050263e-24
-4.728429691e-24
-4.600516404e-24
-4.476556616e-24
-4.387982307e-24
-4.065585645e-24
-3.564988806e-24
-3.082712594e-24
-2.52349286e-24
-1.750010627e-24
-7.033700944e-25
5.798703377e-25
2.232573675e-24
4.274330386e-24
6.749348914e-24
9.72125418e-24
-3.129679601e-23
-3.149687102e-23
-3.176171104e-23
-3.19551843e-23
-3.222014136e-23
-3.251487594e-23
-3.260261399e-23
-3.258942448e-23
-3.240349382e-23
-3.188195234e-23
-3.105546183e-23
-2.985036133e-23
-2.790047984e-23
-2.512191936e-23
-2.152917443e-23
-1.684175191e-23
-1.079931558e-23
-3.184300782e-24
6.341496359e-24
1.817844119e-23
3.26737099e-23
5.030220663e-23
7.16430559e-23
8.536202773e-24
8.577753554e-24
8.63094026e-24
8.673819744e-24
8.722742869e-24
8.720977312e-24
8.763913793e-24
8.784763204e-24
8.756905749e-24
8.668039317e-24
8.420601365e-24
7.977458027e-24
7.461068606e-24
6.786316141e-24
5.751766627e-24
4.42778422e-24
2.736154825e-24
4.726778845e-25
-2.281290103e-24
-5.538194642e-24
-9.553811565e-24
-1.444829917e-23
-2.03853545e-23
6.161048229e-23
6.19041959e-23
6.231221633e-23
6.272316148e-23
6.314137389e-23
6.351511798e-23
6.376499298e-23
6.376729361e-23
6.33636568e-23
6.240144566e-23
6.071926922e-23
5.801368718e-23
5.410333662e-23
4.873966058e-23
4.143659516e-23
3.194855047e-23
1.97209298e-23
4.128892726e-24
-1.518636404e-23
-3.891458681e-23
-6.795835821e-23
-1.032757863e-22
-1.460347459e-22
6.001081205e-24
6.028490063e-24
6.058867383e-24
6.052376207e-24
6.062886012e-24
6.11652452e-24
6.114961331e-24
6.110829816e-24
6.099795611e-24
5.969264008e-24
5.842230901e-24
5.597833424e-24
5.166325073e-24
4.638217754e-24
3.908491879e-24
2.961222261e-24
1.723797135e-24
1.21815658e-25
-1.825205566e-24
-4.181318786e-24
-7.058179308e-24
-1.055248467e-23
-1.478875515e-23
-9.606292869e-24
-9.648660986e-24
-9.718805058e-24
-9.85042879e-24
-9.95504248e-24
-9.996938476e-24
-1.004350922e-23
-1.000543092e-23
-9.91942422e-24
-9.805750924e-24
-9.506080417e-24
-9.046789033e-24
-8.463683453e-24
-7.61602059e-24
-6.461194789e-24
-4.985363203e-24
-3.096078799e-24
-6.888983108e-25
2.318915443e-24
6.041475712e-24
1.060502726e-23
1.616058842e-23
2.287283093e-23
-9.958294085e-23
-1.000361175e-22
-1.007017978e-22
-1.014355187e-22
-1.021195765e-22
-1.026744654e-22
-1.030060582e-22
-1.028726935e-22
-1.020852722e-22
-1.003986301e-22
-9.749834035e-23
-9.302680704e-23
-8.655474734e-23
-7.754677271e-23
-6.547292766e-23
-4.968969429e-23
-2.944231812e-23
-3.87904582e-24
2.796655492e-23
6.719373529e-23
1.151447327e-22
1.733978365e-22
2.438184922e-22
5.279059102e-23
5.307356299e-23
5.336505484e-23
5.367126988e-23
5.40121804e-23
5.432335022e-23
5.445127775e-23
5.435079653e-23
5.395360933e-23
5.304363987e-23
5.14215663e-23
4.898857879e-23
4.551995272e-23
4.069122079e-23
3.42143645e-23
2.573330476e-23
1.486113077e-23
1.145452079e-24
-1.591289052e-23
-3.69651002e-23
-6.264263032e-23
-9.375442131e-23
-1.313924984e-22
-1.767561608e-22
-1.56033465e-23
-1.558704999e-23
-1.570509952e-23
-1.585977353e-23
-1.596793616e-23
-1.602572548e-23
-1.611584614e-23
-1.610563179e-23
-1.59015349e-23
-1.563278649e-23
-1.523345807e-23
-1.454006419e-23
-1.35032948e-23
-1.207020544e-23
-1.017036707e-23
-7.685104259e-24
-4.486281173e-24
-4.603883089e-25
4.566626248e-24
1.071253678e-23
1.826947982e-23
2.748991754e-23
3.857441829e-23
5.193490408e-23
-2.218598563e-23
-2.220491463e-23
-2.232226045e-23
-2.252662975e-23
-2.266931613e-23
-2.275913084e-23
-2.28591006e-23
-2.28479445e-23
-2.258773908e-23
-2.215287582e-23
-2.154793855e-23
-2.056806469e-23
-1.908750326e-23
-1.701958744e-23
-1.429761201e-23
-1.072813112e-23
-6.122535821e-24
-3.485228204e-25
6.845777144e-24
1.570713306e-23
2.654609593e-23
3.971372872e-23
5.559437905e-23
7.471995128e-23
9.57860952e-24
9.683141601e-24
9.740863891e-24
9.771071471e-24
9.834358875e-24
9.874476199e-24
9.852549687e-24
9.793950436e-24
9.744631397e-24
9.597201083e-24
9.244909146e-24
8.749920243e-24
8.087416487e-24
7.20339403e-24
5.950143404e-24
4.337213658e-24
2.342536563e-24
-2.644623694e-25
-3.49875409e-24
-7.42732024e-24
-1.222631961e-23
-1.803737373e-23
-2.506271068e-23
-3.351825797e-23
1.486044889e-23
1.496387106e-23
1.506194433e-23
1.514334138e-23
1.522624976e-23
1.529062094e-23
1.529797652e-23
1.520836598e-23
1.507204472e-23
1.481809273e-23
1.431579307e-23
1.357300542e-23
1.254141907e-23
1.113295202e-23
9.217567587e-24
6.747681065e-24
3.603646568e-24
-4.155825109e-25
-5.403835885e-24
-1.151423548e-23
-1.896427767e-23
-2.799231873e-23
-3.889444784e-23
-5.201967205e-23
-3.450840466e-23
-3.461408595e-23
-3.476429491e-23
-3.495892727e-23
-3.51703918e-23
-3.531317037e-23
-3.539195459e-23
-3.533288107e-23
-3.498612736e-23
-3.4320618e-23
-3.325607337e-23
-3.163172018e-23
-2.92766093e-23
-2.602901952e-23
-2.170212123e-23
-1.599929309e-23
-8.69396051e-24
4.658278128e-25
1.188668065e-23
2.595981508e-23
4.312839095e-23
6.392884893e-23
8.901675401e-23
1.192027289e-22
4.468098578e-23
4.487917637e-23
4.513340059e-23
4.539293582e-23
4.564283616e-23
4.582718537e-23
4.585486772e-23
4.564877981e-23
4.519334493e-23
4.434104086e-23
4.288196934e-23
4.068999299e-23
3.758302988e-23
3.330331772e-23
2.758362441e-23
2.014918995e-23
1.06036137e-23
-1.467281248e-24
-1.646395585e-23
-3.48978509e-23
-5.736899387e-23
-8.45965382e-23
-1.17444576e-22
-1.569683214e-22
7.039153973e-23
7.067949299e-23
7.106647536e-23
7.143960866e-23
7.181709151e-23
7.209225207e-23
7.212431752e-23
7.185214561e-23
7.110296827e-23
6.970573203e-23
6.741309521e-23
6.395226357e-23
5.904763377e-23
5.228786834e-23
4.326366041e-23
3.151805332e-23
1.643054914e-23
-2.625793326e-24
-2.630598294e-23
-5.54218071e-23
-9.091153006e-23
-1.339059681e-22
-1.85759093e-22
-2.48120191e-22
-2.512546977e-23
-2.516777778e-23
-2.523826569e-23
-2.538285444e-23
-2.551238428e-23
-2.560709668e-23
-2.565152307e-23
-2.55757138e-23
-2.533231443e-23
-2.483926191e-23
-2.40444569e-23
-2.28597939e-23
-2.112216218e-23
-1.872837205e-23
-1.552751154e-23
-1.13458274e-23
-6.004039049e-24
7.398474192e-25
9.14103187e-24
1.94777659e-23
3.210411476e-23
4.736589265e-23
6.574272009e-23
8.786611461e-23
-4.082035542e-23
-4.090142566e-23
-4.102223612e-23
-4.124943432e-23
-4.146116609e-23
-4.160484341e-23
-4.164177449e-23
-4.149312573e-23
-4.107753634e-23
-4.025528292e-23
-3.894684511e-23
-3.700631216e-23
-3.416566085e-23
-3.024120669e-23
-2.502308909e-23
-1.820176655e-23
-9.471897471e-24
1.541134691e-24
1.525847052e-23
3.213230431e-23
5.272353984e-23
7.760443276e-23
1.075886357e-22
1.436805713e-22
-1.829561092e-23
-1.830151591e-23
-1.833489318e-23
-1.842590294e-23
-1.852392417e-23
-1.861144632e-23
-1.861259981e-23
-1.854296654e-23
-1.837775157e-23
-1.801897026e-23
-1.744053385e-23
-1.659705826e-23
-1.533854869e-23
-1.35688277e-23
-1.124686297e-23
-8.189448477e-24
-4.286451097e-24
6.265887739e-25
6.763698527e-24
1.429990209e-23
2.349790455e-23
3.46111624e-23
4.800377657e-23
6.411900602e-23
-4.39967067e-23
-4.408177821e-23
-4.423954851e-23
-4.44349162e-23
-4.462846897e-23
-4.479054653e-23
-4.480307471e-23
-4.460315018e-23
-4.41360926e-23
-4.326258122e-23
-4.183460266e-23
-3.970836456e-23
-3.663593316e-23
-3.23840224e-23
-2.674799976e-23
-1.938664756e-23
-9.952210677e-24
1.949759276e-24
1.678570764e-23
3.503715326e-23
5.727671427e-23
8.418431131e-23
1.166023797e-22
1.555756764e-22
6.888685826e-24
6.933684645e-24
6.977379569e-24
7.032825242e-24
7.063826867e-24
7.038897884e-24
7.037846353e-24
7.027234768e-24
6.9128153e-24
6.714720854e-24
6.450295273e-24
6.063953465e-24
5.566143679e-24
4.92941573e-24
4.028824924e-24
2.841768727e-24
1.327775293e-24
-5.926625276e-25
-2.9586909e-24
-5.870180408e-24
-9.441922457e-24
-1.37611768e-23
-1.89604589e-23
-2.520867168e-23
7.576803837e-23
7.597408947e-23
7.626328976e-23
7.662661662e-23
7.693366633e-23
7.707672904e-23
7.704072415e-23
7.668827308e-23
7.577369801e-23
7.413989607e-23
7.158552627e-23
6.777875681e-23
6.244492991e-23
5.518293032e-23
4.545217591e-23
3.273647961e-23
1.643682576e-23
-4.155515316e-24
-2.979370141e-23
-6.134175333e-23
-9.982062074e-23
-1.463803038e-22
-2.024526794e-22
-2.698456457e-22
2.241340041e-23
2.246748785e-23
2.254268206e-23
2.269290777e-23
2.279646234e-23
2.279163025e-23
2.275845592e-23
2.267683592e-23
2.237855107e-23
2.184693668e-23
2.10802466e-23
1.992565071e-23
1.833901571e-23
1.620531738e-23
1.332618963e-23
9.55309029e-24
4.721854451e-24
-1.38069979e-24
-8.977327209e-24
-1.832238862e-23
-2.973818249e-23
-4.355139488e-23
-6.0175573e-23
-8.016275298e-23
-4.762493896e-23
-4.773715086e-23
-4.790844637e-23
-4.800990701e-23
-4.815788748e-23
-4.831279211e-23
-4.828272681e-23
-4.800754095e-23
-4.748408042e-23
-4.653142533e-23
-4.495166963e-23
-4.264099738e-23
-3.933154059e-23
-3.476102162e-23
-2.8702953e-23
-2.08115933e-23
-1.067125969e-23
2.143804086e-24
1.812214046e-23
3.780237341e-23
6.179126794e-23
9.081557463e-23
1.257689046e-22
1.677750218e-22
4.834605609e-23
4.843013546e-23
4.85689053e-23
4.881849733e-23
4.89962116e-23
4.902415966e-23
4.897444149e-23
4.872131095e-23
4.809154216e-23
4.70218033e-23
4.54035983e-23
4.297079307e-23
3.957881035e-23
3.500533905e-23
2.885746888e-23
2.080458513e-23
1.049777207e-23
-2.517153885e-24
-1.875220394e-23
-3.875567907e-23
-6.314817115e-23
-9.266862263e-23
-1.282354093e-22
-1.709806931e-22
1.834135127e-23
1.839198815e-23
1.852455218e-23
1.86007318e-23
1.856480018e-23
1.854938106e-23
1.845007476e-23
1.81809077e-23
1.775804905e-23
1.713170403e-23
1.618694973e-23
1.489491641e-23
1.318510112e-23
1.085958462e-23
7.797474608e-24
3.895547244e-24
-1.030437723e-24
-7.17697888e-24
-1.475417682e-23
-2.399486029e-23
-3.51802863e-23
-4.866774196e-23
-6.487888671e-23
-6.803617677e-23
-6.819962374e-23
-6.835401118e-23
-6.851859438e-23
-6.86644047e-23
-6.857074839e-23
-6.81805394e-23
-6.73799718e-23
-6.595121299e-23
-6.372262833e-23
-6.044712494e-23
-5.577498898e-23
-4.937495457e-23
-4.087424059e-23
-2.979072671e-23
-1.555114355e-23
2.466471309e-24
2.495490909e-23
5.267431807e-23
8.650103739e-23
1.274388487e-22
1.76735092e-22
2.359879956e-22
1.983470757e-23
1.989759414e-23
2.000510847e-23
2.008369633e-23
2.00470254e-23
2.000465605e-23
1.987623363e-23
1.960149067e-23
1.917898002e-23
1.848834298e-23
1.747868814e-23
1.611849325e-23
1.425953895e-23
1.177825356e-23
8.535076896e-24
4.362068516e-24
-9.01301041e-25
-7.467070653e-24
-1.556927981e-23
-2.545559124e-23
-3.742585676e-23
-5.185349779e-23
-6.9204894e-23
-1.99916761e-23
-2.001510412e-23
-2.001417222e-23
-2.002788879e-23
-2.010243839e-23
-2.007790024e-23
-1.996618894e-23
-1.974076212e-23
-1.931292326e-23
-1.868586479e-23
-1.775981346e-23
-1.640688707e-23
-1.457325591e-23
-1.213301028e-23
-8.932699227e-24
-4.842738624e-24
3.436334173e-25
6.833632162e-24
1.48318839e-23
2.460434901e-23
3.643308519e-23
5.06752073e-23
6.778029287e-23
-1.301490283e-23
-1.302100006e-23
-1.300127569e-23
-1.30013869e-23
-1.305977369e-23
-1.304022091e-23
-1.296700825e-23
-1.283000062e-23
-1.255486516e-23
-1.215906466e-23
-1.156350472e-23
-1.069400583e-23
-9.520845669e-24
-7.955958114e-24
-5.895844921e-24
-3.270162663e-24
6.099020362e-26
4.237884255e-24
9.384672385e-24
1.567436594e-23
2.328866158e-23
3.246167717e-23
4.346802676e-23
-2.252071548e-24
-2.240703562e-24
-2.207238522e-24
-2.192963274e-24
-2.225349208e-24
-2.226672679e-24
-2.22322678e-24
-2.217367875e-24
-2.177837278e-24
-2.129867335e-24
-2.048178819e-24
-1.908679731e-24
-1.725012849e-24
-1.476173594e-24
-1.133777057e-24
-7.157141841e-25
-1.82201518e-25
5.037956967e-25
1.346204874e-24
2.373123501e-24
3.614461569e-24
5.111792706e-24
6.895882154e-24
-6.205896719e-24
-6.202117539e-24
-6.183125457e-24
-6.177913156e-24
-6.194997153e-24
-6.183468251e-24
-6.153911823e-24
-6.098032782e-24
-5.979450101e-24
-5.799347823e-24
-5.528814328e-24
-5.129927383e-24
-4.59354862e-24
-3.875024881e-24
-2.914394272e-24
-1.707004982e-24
-1.812558916e-25
1.755831737e-24
4.145971057e-24
7.059265991e-24
1.058558571e-23
1.48408822e-23
1.994529248e-23
2.138416926e-25
2.205273844e-25
2.44369785e-25
2.593966939e-25
2.501675979e-25
2.452422491e-25
2.298400083e-25
2.07216427e-25
1.92528082e-25
1.618358319e-25
1.309165212e-25
1.065134519e-25
6.321467861e-26
1.47366676e-26
-2.602497034e-26
-1.044904059e-25
-2.070229586e-25
-3.088596994e-25
-4.32694461e-25
-5.908239817e-25
-7.878153288e-25
-1.02118546e-24
-1.311939134e-24
1.916394044e-23
1.917459611e-23
1.921313645e-23
1.92441273e-23
1.923078296e-23
1.917031026e-23
1.901880663e-23
1.875362527e-23
1.834287577e-23
1.770112987e-23
1.679445675e-23
1.554502852e-23
1.382864005e-23
1.157140679e-23
8.645531572e-24
4.860174802e-24
6.59018964e-26
-5.906494925e-24
-1.328619441e-23
-2.231154781e-23
-3.325984238e-23
-4.646110963e-23
-6.234014525e-23
5.633738349e-25
5.68106499e-25
5.868843014e-25
6.023248931e-25
5.938916543e-25
5.86160544e-25
5.736711359e-25
5.526800891e-25
5.327755326e-25
4.889316222e-25
4.445370698e-25
3.95399834e-25
3.213183588e-25
2.370232896e-25
1.401513503e-25
-4.80432228e-27
-1.863705322e-25
-3.944417953e-25
-6.489883456e-25
-9.54757883e-25
-1.334875991e-24
-1.800176446e-24
-2.361737039e-24
-1.058137655e-24
-1.050772863e-24
-1.03235001e-24
-1.016765575e-24
-1.024860783e-24
-1.035338863e-24
-1.030825991e-24
-1.0217119e-24
-1.009045142e-24
-1.001560895e-24
-9.735845544e-25
-9.208160294e-25
-8.568475279e-25
-7.527112725e-25
-6.088391551e-25
-4.46202011e-25
-2.348773217e-25
4.8075054e-26
4.004176328e-25
8.372097807e-25
1.359376544e-24
1.978183449e-24
2.720453889e-24
4.713090885e-24
4.717411928e-24
4.741691341e-24
4.750281679e-24
4.730438528e-24
4.692869448e-24
4.659782026e-24
4.600116756e-24
4.487158197e-24
4.311191652e-24
4.077432014e-24
3.773576545e-24
3.349693544e-24
2.807993165e-24
2.107459377e-24
1.191892997e-24
4.193579698e-26
-1.385978233e-24
-3.145584211e-24
-5.297213458e-24
-7.913004246e-24
-1.107419038e-23
-1.487857606e-23
-6.790795005e-24
-6.770672113e-24
-6.742797766e-24
-6.727693094e-24
-6.72264622e-24
-6.709937002e-24
-6.652068219e-24
-6.554720459e-24
-6.425478506e-24
-6.243401073e-24
-5.965358776e-24
-5.559755665e-24
-5.024660813e-24
-4.299200512e-24
-3.353524778e-24
-2.154319928e-24
-6.297542537e-25
1.284870508e-24
3.6618922e-24
6.571713531e-24
1.009479429e-23
1.433140768e-23
1.941964651e-23
1.252374116e-24
1.253996618e-24
1.275476379e-24
1.288402665e-24
1.270015369e-24
1.240316136e-24
1.234843505e-24
1.229882597e-24
1.188468247e-24
1.115616188e-24
1.035660167e-24
9.579391862e-25
8.365201594e-25
6.873147471e-25
4.978577601e-25
2.448705961e-25
-6.270769141e-26
-4.426100223e-25
-9.069424523e-25
-1.473772145e-24
-2.165838154e-24
-3.006507732e-24
-4.021185631e-24
)
;
    }
    front_middle
    {
        type            wedge;
        value           nonuniform 0();
    }
    front_bottom
    {
        type            wedge;
        value           nonuniform 0();
    }
    back_top
    {
        type            wedge;
        value           nonuniform List<scalar> 
1167
(
-7.079687886e-26
3.40013262e-25
1.631660455e-25
2.839046334e-26
4.240192192e-27
-7.952077291e-26
-2.571916205e-25
-5.097540397e-25
1.490278206e-25
8.288265334e-25
-1.850582673e-25
-6.255742668e-25
-1.459735769e-25
-1.260614457e-25
-5.775393446e-27
1.825512906e-25
8.210684694e-26
4.829611533e-26
4.759155781e-26
5.805571208e-26
1.206135166e-25
1.85463102e-25
2.153883309e-25
-9.028419867e-25
-7.115927536e-25
-2.91297712e-25
-6.610305567e-25
-7.247007273e-25
-9.454616746e-25
-1.456732043e-24
-1.197484735e-24
-4.074230358e-25
-4.25240563e-25
-1.270025558e-24
-1.516070004e-24
-1.017600562e-24
-8.950248523e-25
-5.756673328e-25
1.113072728e-25
-1.0762254e-25
-4.721083418e-26
1.440442896e-25
4.036057428e-25
8.664860846e-25
1.397262836e-24
1.899601552e-24
2.581106243e-24
2.593285169e-24
3.110589513e-24
3.01344932e-24
3.060102016e-24
2.774417551e-24
2.422774634e-24
2.51778925e-24
2.911386763e-24
3.109289622e-24
2.709984154e-24
2.141021311e-24
2.199000939e-24
2.071004566e-24
1.927639924e-24
2.06965141e-24
1.431470013e-24
6.474279375e-25
-1.76442173e-25
-1.230462105e-24
-2.221078245e-24
-3.475335489e-24
-5.334455361e-24
-2.28311973e-24
-2.074648073e-24
-1.6887401e-24
-1.843209702e-24
-1.635149874e-24
-2.142178381e-24
-2.663573453e-24
-2.478553343e-24
-2.27092973e-24
-1.807448539e-24
-1.879827752e-24
-2.272195414e-24
-2.194535026e-24
-1.874487387e-24
-1.517839605e-24
-1.165412052e-24
-7.761112603e-25
-2.659773395e-25
3.289137723e-25
1.069380152e-24
2.013459447e-24
3.150667516e-24
4.477346274e-24
3.311031486e-24
3.408582827e-24
3.618470817e-24
3.628279293e-24
3.689962233e-24
3.522420063e-24
3.322832325e-24
3.237868192e-24
3.236057214e-24
3.633598534e-24
3.763422046e-24
3.314556672e-24
2.79401649e-24
2.527752488e-24
2.323384541e-24
2.005591225e-24
1.51694172e-24
7.329450927e-25
-1.945684054e-25
-1.298976573e-24
-2.802192552e-24
-4.62503657e-24
-6.693050122e-24
1.262228898e-24
1.222594899e-24
1.341774139e-24
1.365406694e-24
1.350227507e-24
1.26936257e-24
1.247466002e-24
1.048794407e-24
1.010420198e-24
1.370634532e-24
1.555368241e-24
1.191388113e-24
8.072634395e-25
8.37200467e-25
8.135749133e-25
7.22972879e-25
5.660297177e-25
3.320171126e-25
3.943555651e-26
-3.378542656e-25
-8.557321777e-25
-1.482182833e-24
-2.209474079e-24
-2.082426262e-24
-2.303635704e-24
-2.20002965e-24
-2.188432392e-24
-2.270777322e-24
-2.350383225e-24
-2.392309201e-24
-2.535347737e-24
-2.439988047e-24
-2.141207848e-24
-1.997243001e-24
-2.143486848e-24
-2.232132938e-24
-1.941208334e-24
-1.618318868e-24
-1.272093098e-24
-8.477949687e-25
-2.502051816e-25
4.741036832e-25
1.318031877e-24
2.335220192e-24
3.575417936e-24
5.081408847e-24
-2.17244072e-23
-2.179085301e-23
-2.186526605e-23
-2.219201034e-23
-2.250097522e-23
-2.272583356e-23
-2.283041797e-23
-2.286994943e-23
-2.276216004e-23
-2.236185267e-23
-2.172705309e-23
-2.10481379e-23
-1.993575248e-23
-1.806819573e-23
-1.572867721e-23
-1.251864053e-23
-8.419573219e-24
-3.314816515e-24
3.168650754e-24
1.106961941e-23
2.078077049e-23
3.26244167e-23
4.696838307e-23
3.228645661e-23
3.25937066e-23
3.279006127e-23
3.287211498e-23
3.295606947e-23
3.312799872e-23
3.340071705e-23
3.357023769e-23
3.345425545e-23
3.307849271e-23
3.232620868e-23
3.096135482e-23
2.895727815e-23
2.640267667e-23
2.293857933e-23
1.837628066e-23
1.254350415e-23
4.963765153e-24
-4.476108226e-24
-1.609646728e-23
-3.036512332e-23
-4.774065787e-23
-6.891905766e-23
-2.694961843e-25
-1.881238106e-25
-1.854494583e-25
-2.829084937e-25
-4.528044573e-25
-4.78939726e-25
-3.905591602e-25
-3.658252756e-25
-3.479051364e-25
-3.309702156e-25
-2.544102429e-25
-3.267927442e-25
-4.44585595e-25
-3.670555912e-25
-2.748860146e-25
-1.63702691e-25
3.200828036e-26
2.055496011e-25
3.205246529e-25
4.857209308e-25
7.116100983e-25
9.868036652e-25
1.278468449e-24
-1.97721225e-23
-1.98319032e-23
-1.991920941e-23
-2.021291578e-23
-2.047520444e-23
-2.049463081e-23
-2.055964753e-23
-2.063498749e-23
-2.052562628e-23
-2.022502303e-23
-1.969993133e-23
-1.900087318e-23
-1.789524805e-23
-1.622843236e-23
-1.397857709e-23
-1.091330349e-23
-7.131947463e-24
-2.334692048e-24
3.698335391e-24
1.101319913e-23
2.004936961e-23
3.105917583e-23
4.435965251e-23
1.205849134e-23
1.215769066e-23
1.234178023e-23
1.230319669e-23
1.232968564e-23
1.254268845e-23
1.260616966e-23
1.256528842e-23
1.251004875e-23
1.239244556e-23
1.204805866e-23
1.153193273e-23
1.077945829e-23
9.730037607e-24
8.402881752e-24
6.719686339e-24
4.457730564e-24
1.629843739e-24
-1.89458469e-24
-6.354390233e-24
-1.183707841e-23
-1.850137667e-23
-2.652854449e-23
-4.265995258e-24
-4.257165729e-24
-4.227888837e-24
-4.362512802e-24
-4.375874139e-24
-4.293058319e-24
-4.397313957e-24
-4.373244469e-24
-4.32801401e-24
-4.329700084e-24
-4.224656738e-24
-3.951003732e-24
-3.741880942e-24
-3.499966973e-24
-2.981290526e-24
-2.226999917e-24
-1.311969654e-24
-2.23646913e-25
1.156697756e-24
2.792204782e-24
4.777289943e-24
7.204161541e-24
1.017289833e-23
-3.112639206e-23
-3.124768203e-23
-3.140595008e-23
-3.169757842e-23
-3.192157074e-23
-3.205092218e-23
-3.223661506e-23
-3.226295463e-23
-3.207155155e-23
-3.166598782e-23
-3.082936965e-23
-2.941356545e-23
-2.752460917e-23
-2.495017278e-23
-2.133320413e-23
-1.656230911e-23
-1.045101612e-23
-2.706448703e-24
6.92431457e-24
1.873029028e-23
3.317793146e-23
5.076631206e-23
7.208944936e-23
8.750338945e-24
8.79586031e-24
8.858135154e-24
8.947357711e-24
9.030261204e-24
9.146084361e-24
9.174848595e-24
9.152124781e-24
9.069442374e-24
8.894445309e-24
8.672400515e-24
8.378721514e-24
7.819010183e-24
6.995133144e-24
6.012299167e-24
4.691338418e-24
2.985916306e-24
9.573335881e-25
-1.640351562e-24
-4.9858171e-24
-9.049230785e-24
-1.398131364e-23
-1.994448901e-23
6.177948251e-23
6.209630854e-23
6.249904508e-23
6.300973405e-23
6.351085552e-23
6.39265311e-23
6.415414998e-23
6.410225444e-23
6.367407376e-23
6.269756415e-23
6.096618591e-23
5.833694492e-23
5.447148365e-23
4.901967418e-23
4.177799345e-23
3.220522465e-23
1.995703289e-23
4.634756572e-24
-1.458077129e-23
-3.837188971e-23
-6.745496193e-23
-1.028081025e-22
-1.455967239e-22
6.172087156e-24
6.203675823e-24
6.251720483e-24
6.347211599e-24
6.425094644e-24
6.44660577e-24
6.492129776e-24
6.487700045e-24
6.412147627e-24
6.34634051e-24
6.130559166e-24
5.840973386e-24
5.496239494e-24
4.946035995e-24
4.226557016e-24
3.275390965e-24
2.076056891e-24
6.012046516e-25
-1.28559553e-24
-3.656021253e-24
-6.558358476e-24
-1.008740877e-23
-1.434982602e-23
-9.445886224e-24
-9.4940759e-24
-9.544075564e-24
-9.548384873e-24
-9.5786613e-24
-9.650038752e-24
-9.667003871e-24
-9.686013182e-24
-9.629783615e-24
-9.428195037e-24
-9.181708085e-24
-8.793831694e-24
-8.147984808e-24
-7.290114063e-24
-6.154800903e-24
-4.632062666e-24
-2.673543362e-24
-2.23291358e-25
2.819363648e-24
6.553352939e-24
1.110383153e-23
1.662001626e-23
2.329983714e-23
-9.943975208e-23
-9.991250786e-23
-1.004715174e-22
-1.011239321e-22
-1.018114633e-22
-1.023917167e-22
-1.02671796e-22
-1.025472396e-22
-1.01777589e-22
-1.000909141e-22
-9.718895993e-23
-9.269261282e-23
-8.618307182e-23
-7.719812089e-23
-6.512842642e-23
-4.931127187e-23
-2.902251774e-23
-3.42773303e-24
2.843503516e-23
6.769855789e-23
1.156490965e-22
1.738483053e-22
2.442312092e-22
5.300218333e-23
5.320019489e-23
5.354298645e-23
5.395487677e-23
5.432312972e-23
5.459042386e-23
5.475995642e-23
5.469173325e-23
5.422473077e-23
5.329949212e-23
5.178590294e-23
4.939167551e-23
4.588616142e-23
4.105936839e-23
3.458986225e-23
2.613344226e-23
1.528354627e-23
1.590181432e-24
-1.547648059e-23
-3.645461411e-23
-6.211299854e-23
-9.331333931e-23
-1.309880702e-22
-1.763917312e-22
-1.532970409e-23
-1.548314486e-23
-1.554565379e-23
-1.559547231e-23
-1.568883641e-23
-1.57928964e-23
-1.5781747e-23
-1.573336877e-23
-1.567408122e-23
-1.53940983e-23
-1.486225289e-23
-1.412741431e-23
-1.310444469e-23
-1.168942515e-23
-9.772809203e-24
-7.266716656e-24
-4.065633971e-24
-1.750140985e-26
5.006061862e-24
1.123584218e-23
1.878942561e-23
2.790313465e-23
3.896931155e-23
5.229606433e-23
-2.188214324e-23
-2.205324074e-23
-2.21861907e-23
-2.226552746e-23
-2.240146708e-23
-2.253163106e-23
-2.253263371e-23
-2.244720692e-23
-2.231721474e-23
-2.19536357e-23
-2.121258726e-23
-2.013531575e-23
-1.865433273e-23
-1.663164102e-23
-1.387519248e-23
-1.028208556e-23
-5.705263291e-24
1.037433149e-25
7.325663179e-24
1.621139199e-23
2.703422409e-23
4.013993583e-23
5.598995287e-23
7.508113764e-23
9.880848982e-24
9.857821886e-24
9.90771475e-24
9.99917391e-24
1.005508437e-23
1.010744242e-23
1.016875065e-23
1.017901712e-23
1.004972775e-23
9.837575455e-24
9.587457021e-24
9.164853773e-24
8.50850433e-24
7.572731103e-24
6.38997791e-24
4.818937092e-24
2.732304862e-24
1.914509037e-25
-2.980405381e-24
-6.936559011e-24
-1.175861579e-23
-1.76126731e-23
-2.467022926e-23
-3.317103305e-23
1.516667114e-23
1.518475641e-23
1.524808086e-23
1.534892011e-23
1.544367111e-23
1.551468804e-23
1.556033796e-23
1.55669664e-23
1.541825591e-23
1.510721862e-23
1.466847402e-23
1.398221416e-23
1.296299932e-23
1.15445628e-23
9.677561808e-24
7.204873384e-24
4.014009931e-24
4.328833704e-26
-4.910426595e-24
-1.103465593e-23
-1.850923362e-23
-2.757062485e-23
-3.849971278e-23
-5.165240964e-23
-3.419306462e-23
-3.435529459e-23
-3.456407271e-23
-3.477237619e-23
-3.495283328e-23
-3.510421449e-23
-3.512881359e-23
-3.497968052e-23
-3.465421503e-23
-3.400515354e-23
-3.289168029e-23
-3.121882742e-23
-2.884961775e-23
-2.55905775e-23
-2.121587199e-23
-1.555057098e-23
-8.286075495e-24
9.302723103e-25
1.237359541e-23
2.643359595e-23
4.357505575e-23
6.434742911e-23
8.941529559e-23
1.195845237e-22
4.500060871e-23
4.513687594e-23
4.533735131e-23
4.558648851e-23
4.582811555e-23
4.600800122e-23
4.609365523e-23
4.600478966e-23
4.555657728e-23
4.466585898e-23
4.32524782e-23
4.110748206e-23
3.801036521e-23
3.375313695e-23
2.806075173e-23
2.058838445e-23
1.102969602e-23
-9.950322672e-25
-1.59788802e-23
-3.443131679e-23
-5.693536546e-23
-8.418806607e-23
-1.170481752e-22
-1.565751214e-22
7.072340251e-23
7.093911203e-23
7.12445921e-23
7.164377278e-23
7.200951757e-23
7.227776491e-23
7.238835485e-23
7.216068909e-23
7.144990424e-23
7.006375562e-23
6.779408386e-23
6.438591932e-23
5.947906453e-23
5.274805907e-23
4.374633747e-23
3.194981464e-23
1.686517443e-23
-2.13643e-24
-2.581094592e-23
-5.495490913e-23
-9.048822006e-23
-1.335056383e-22
-1.8536171e-22
-2.477403567e-22
-2.478217835e-23
-2.49090986e-23
-2.507523149e-23
-2.519472464e-23
-2.53164571e-23
-2.540323405e-23
-2.539732047e-23
-2.528365741e-23
-2.499754839e-23
-2.449320661e-23
-2.366148251e-23
-2.240294191e-23
-2.065648408e-23
-1.826345461e-23
-1.507036382e-23
-1.090219511e-23
-5.54234096e-24
1.213648025e-24
9.611966647e-24
1.994340826e-23
3.250965733e-23
4.775037454e-23
6.614252067e-23
8.823568321e-23
-4.045667041e-23
-4.063838077e-23
-4.088708573e-23
-4.107485533e-23
-4.125454401e-23
-4.138813756e-23
-4.139368092e-23
-4.121406872e-23
-4.074799088e-23
-3.992579341e-23
-3.856723884e-23
-3.651150652e-23
-3.366065423e-23
-2.97706227e-23
-2.455454655e-23
-1.775134747e-23
-9.017122885e-24
2.003698967e-24
1.570915527e-23
3.25742156e-23
5.310423865e-23
7.800245842e-23
1.080101099e-22
1.440489327e-22
-1.794832556e-23
-1.805342788e-23
-1.817783408e-23
-1.826498861e-23
-1.833287116e-23
-1.836078775e-23
-1.837022564e-23
-1.828451833e-23
-1.804865063e-23
-1.766666906e-23
-1.704912507e-23
-1.610425202e-23
-1.481944974e-23
-1.30997009e-23
-1.076339786e-23
-7.738505046e-24
-3.844370843e-24
1.081445406e-24
7.191954775e-24
1.472551762e-23
2.389383782e-23
3.501021738e-23
4.840241015e-23
6.448730271e-23
-4.367611285e-23
-4.384545222e-23
-4.404974196e-23
-4.426776917e-23
-4.445617881e-23
-4.455208617e-23
-4.454552253e-23
-4.435038527e-23
-4.38299873e-23
-4.28947083e-23
-4.14166738e-23
-3.920732817e-23
-3.612062855e-23
-3.192705164e-23
-2.629226245e-23
-1.89386539e-23
-9.505926052e-24
2.404583555e-24
1.721695026e-23
3.544943129e-23
5.767542649e-23
8.458001736e-23
1.169898875e-22
1.55942585e-22
7.192506886e-24
7.185970543e-24
7.197516029e-24
7.205308501e-24
7.232504236e-24
7.295684742e-24
7.294734924e-24
7.238721515e-24
7.191995054e-24
7.097424746e-24
6.893490956e-24
6.582462191e-24
6.090885273e-24
5.371864618e-24
4.463475026e-24
3.288828426e-24
1.774248317e-24
-1.284212491e-25
-2.523786101e-24
-5.472435044e-24
-9.043139012e-24
-1.336684699e-23
-1.857845602e-23
-2.484360971e-23
7.606028197e-23
7.624036894e-23
7.651371909e-23
7.679915659e-23
7.708774519e-23
7.732005728e-23
7.730321033e-23
7.690713166e-23
7.60579301e-23
7.451483807e-23
7.200756433e-23
6.829282579e-23
6.296685015e-23
5.563100682e-23
4.588919405e-23
3.318358604e-23
1.687657848e-23
-3.701538199e-24
-2.935278413e-23
-6.094153355e-23
-9.942289332e-23
-1.459866707e-22
-2.020755762e-22
-2.694872768e-22
2.269422072e-23
2.274628928e-23
2.282923912e-23
2.286072883e-23
2.292459618e-23
2.303083068e-23
2.303864618e-23
2.28887736e-23
2.26560933e-23
2.223900142e-23
2.149956203e-23
2.042084858e-23
1.884636136e-23
1.665350656e-23
1.376238899e-23
1.00025412e-23
5.169870478e-24
-9.324743858e-25
-8.545843782e-24
-1.792857713e-23
-2.934372774e-23
-4.315573081e-23
-5.980267544e-23
-7.980251462e-23
-4.735895446e-23
-4.74488864e-23
-4.759148158e-23
-4.785108692e-23
-4.803392834e-23
-4.80699334e-23
-4.80268587e-23
-4.779718386e-23
-4.718784124e-23
-4.613443108e-23
-4.454233942e-23
-4.215814874e-23
-3.882926756e-23
-3.43198968e-23
-2.827178177e-23
-2.035774331e-23
-1.021731028e-23
2.587983259e-24
1.854933755e-23
3.820553167e-23
6.218052858e-23
9.119311839e-23
1.261358584e-22
1.681343623e-22
4.862239217e-23
4.872394295e-23
4.888467052e-23
4.897961745e-23
4.911722864e-23
4.926228711e-23
4.921539878e-23
4.893593381e-23
4.839704113e-23
4.74125324e-23
4.579404504e-23
4.34465402e-23
4.008781249e-23
3.543144206e-23
2.927607846e-23
2.126642544e-23
1.095920351e-23
-2.07570322e-24
-1.832802559e-23
-3.834676996e-23
-6.276462021e-23
-9.230792786e-23
-1.278746785e-22
-1.706234865e-22
1.863739116e-23
1.869246858e-23
1.868233078e-23
1.871659249e-23
1.880999368e-23
1.878098332e-23
1.867128366e-23
1.849073677e-23
1.81298793e-23
1.75262721e-23
1.665752649e-23
1.539140748e-23
1.360571827e-23
1.127343398e-23
8.253962683e-24
4.34963627e-24
-5.921285363e-25
-6.756422934e-24
-1.435008541e-23
-2.361633046e-23
-3.482754105e-23
-4.831411966e-23
-6.452402743e-23
-6.773778324e-23
-6.792713949e-23
-6.818933686e-23
-6.839676732e-23
-6.843140931e-23
-6.83312687e-23
-6.793143373e-23
-6.706657647e-23
-6.561335578e-23
-6.333515706e-23
-5.997957889e-23
-5.531087191e-23
-4.895229815e-23
-4.04574041e-23
-2.935054467e-23
-1.510329438e-23
2.901552089e-24
2.537135234e-23
5.307429033e-23
8.687618118e-23
1.277901122e-22
1.770805468e-22
2.363302457e-22
2.013822709e-23
2.016904413e-23
2.017456591e-23
2.019452673e-23
2.027511254e-23
2.025207084e-23
2.014112845e-23
1.992116834e-23
1.949461016e-23
1.886263339e-23
1.79296174e-23
1.655689694e-23
1.468510443e-23
1.219898531e-23
8.956020315e-24
4.801154094e-24
-4.693259103e-25
-7.055295786e-24
-1.517253116e-23
-2.50840057e-23
-3.707879843e-23
-5.15181043e-23
-6.886781343e-23
-1.967944107e-23
-1.973751348e-23
-1.984074197e-23
-1.991440598e-23
-1.987365255e-23
-1.982439035e-23
-1.969208305e-23
-1.942288072e-23
-1.900778183e-23
-1.832710768e-23
-1.733641449e-23
-1.599662869e-23
-1.415607349e-23
-1.170642352e-23
-8.522008917e-24
-4.413493764e-24
7.73562924e-25
7.239841936e-24
1.522669524e-23
2.497225162e-23
3.6774024e-23
5.099876986e-23
6.811681912e-23
-1.270385153e-23
-1.274336951e-23
-1.282239863e-23
-1.287163162e-23
-1.28287699e-23
-1.279489908e-23
-1.270537e-23
-1.251939546e-23
-1.224848207e-23
-1.180036106e-23
-1.116137775e-23
-1.029901358e-23
-9.110536307e-24
-7.533987691e-24
-5.492331555e-24
-2.850512287e-24
4.848430362e-25
4.637165625e-24
9.771322404e-24
1.60390993e-23
2.363127245e-23
3.277896018e-23
4.379984904e-23
-1.953099064e-24
-1.97062e-24
-2.012606683e-24
-2.033772415e-24
-2.00276139e-24
-1.991768369e-24
-1.967926093e-24
-1.920626267e-24
-1.870938577e-24
-1.781650373e-24
-1.663003386e-24
-1.521801269e-24
-1.322948753e-24
-1.063226652e-24
-7.416721148e-25
-3.070759024e-25
2.38791959e-25
9.018372466e-25
1.725285236e-24
2.733801211e-24
3.957861073e-24
5.43119379e-24
7.219074444e-24
-5.917606751e-24
-5.935401278e-24
-5.975113139e-24
-5.996713391e-24
-5.980354294e-24
-5.961236958e-24
-5.909928384e-24
-5.811608678e-24
-5.67342922e-24
-5.460061738e-24
-5.157588652e-24
-4.75485284e-24
-4.199751662e-24
-3.467828907e-24
-2.535154101e-24
-1.311159857e-24
2.414723084e-25
2.1529648e-24
4.517255441e-24
7.415200665e-24
1.092949945e-23
1.515874467e-23
2.025701395e-23
4.941112693e-25
4.880170535e-25
4.651648274e-25
4.508869472e-25
4.599481015e-25
4.629159727e-25
4.734756682e-25
4.870376668e-25
4.867508199e-25
4.94605902e-25
4.923552597e-25
4.70422543e-25
4.506869119e-25
4.154425333e-25
3.469508166e-25
2.851239809e-25
2.100100968e-25
8.969730793e-26
-6.10109807e-26
-2.385627478e-25
-4.483798014e-25
-7.053049251e-25
-1.004157257e-24
1.943441605e-23
1.944306388e-23
1.944522201e-23
1.944304907e-23
1.9435819e-23
1.93796328e-23
1.925958672e-23
1.902747384e-23
1.862336591e-23
1.802801991e-23
1.714264644e-23
1.589353562e-23
1.421458828e-23
1.196393276e-23
9.009610084e-24
5.245348263e-24
4.796493742e-25
-5.505234142e-24
-1.29083807e-23
-2.196329795e-23
-3.293234433e-23
-4.614868408e-23
-6.203964224e-23
8.336503873e-25
8.291126018e-25
8.113279798e-25
7.964701716e-25
8.036855358e-25
8.068020327e-25
8.091933374e-25
8.120621605e-25
8.025125342e-25
8.018791327e-25
7.820442815e-25
7.41810309e-25
6.94582161e-25
6.17897418e-25
5.048952132e-25
3.804494175e-25
2.209071531e-25
2.281333812e-27
-2.708779681e-25
-6.106924262e-25
-1.01337515e-24
-1.491659126e-24
-2.064855626e-24
-7.875555193e-25
-7.943972287e-25
-8.134096302e-25
-8.291183203e-25
-8.187391682e-25
-8.015663043e-25
-7.923309233e-25
-7.773449188e-25
-7.511446978e-25
-7.002459822e-25
-6.442294058e-25
-5.804524299e-25
-4.864247653e-25
-3.809631981e-25
-2.51774365e-25
-6.404850025e-26
1.681378447e-25
4.400245879e-25
7.740889297e-25
1.17718882e-24
1.673632499e-24
2.282648285e-24
3.016891728e-24
4.985333426e-24
4.972919169e-24
4.947658329e-24
4.936023498e-24
4.939279789e-24
4.937572154e-24
4.896065802e-24
4.828259443e-24
4.736917012e-24
4.6078535e-24
4.405141205e-24
4.105847357e-24
3.71319525e-24
3.171686879e-24
2.462360099e-24
1.570322954e-24
4.333928409e-25
-9.996341007e-25
-2.780807111e-24
-4.96213569e-24
-7.60163118e-24
-1.077392693e-23
-1.458469089e-23
-6.523420709e-24
-6.521408172e-24
-6.539271154e-24
-6.542631302e-24
-6.515698817e-24
-6.465909327e-24
-6.416279063e-24
-6.336533881e-24
-6.184481285e-24
-5.950157098e-24
-5.637594131e-24
-5.232065936e-24
-4.671226831e-24
-3.943018178e-24
-2.999506965e-24
-1.780192948e-24
-2.477030168e-25
1.661646052e-24
4.018649587e-24
6.901265273e-24
1.040196096e-23
1.462701956e-23
1.970980933e-23
1.514674554e-24
1.505425162e-24
1.479655698e-24
1.46239e-24
1.471618091e-24
1.486062867e-24
1.467938389e-24
1.435721533e-24
1.418617449e-24
1.405768976e-24
1.365563952e-24
1.279728208e-24
1.18072271e-24
1.037378534e-24
8.47416087e-25
6.156253168e-25
3.113406996e-25
-7.394998683e-26
-5.574475825e-25
-1.150173054e-24
-1.863904942e-24
-2.716115999e-24
-3.735792032e-24
)
;
    }
    back_middle
    {
        type            wedge;
        value           nonuniform 0();
    }
    back_bottom
    {
        type            wedge;
        value           nonuniform 0();
    }
    axis_top
    {
        type            symmetryPlane;
        value           nonuniform 0();
    }
    axis_middle
    {
        type            symmetryPlane;
        value           nonuniform 0();
    }
    axis_bottom
    {
        type            symmetryPlane;
        value           nonuniform 0();
    }
    wall_top
    {
        type            calculated;
        value           uniform 0;
    }
    wall_middle
    {
        type            calculated;
        value           nonuniform 0();
    }
    wall_bottom
    {
        type            calculated;
        value           nonuniform 0();
    }
    inlet
    {
        type            calculated;
        value           nonuniform 0();
    }
    outlet
    {
        type            calculated;
        value           nonuniform 0();
    }
    procBoundary7to6
    {
        type            processor;
        value           nonuniform List<scalar> 
51
(
4.558429534e-11
1.333872055e-10
2.162993775e-10
2.945253531e-10
3.682625417e-10
4.37701353e-10
5.030253209e-10
5.644112871e-10
6.220296065e-10
6.76044377e-10
7.266136387e-10
7.738893636e-10
8.180179218e-10
8.591402111e-10
8.973914621e-10
9.329020998e-10
9.657972268e-10
9.961971983e-10
1.024217831e-09
1.392709434e-12
1.050058146e-09
1.073643258e-09
1.095168527e-09
1.114732503e-09
1.132429758e-09
1.148351178e-09
1.162583875e-09
1.175211579e-09
1.186314459e-09
1.195969517e-09
1.204250484e-09
1.211228102e-09
1.21697012e-09
1.221541427e-09
1.225004242e-09
1.22741797e-09
1.228839679e-09
1.229323701e-09
1.228922329e-09
1.227685178e-09
1.225660102e-09
1.222892341e-09
1.219425643e-09
1.215301199e-09
1.210558947e-09
1.205236372e-09
1.199369847e-09
1.192993486e-09
1.186140371e-09
1.178841539e-09
1.171126897e-09
)
;
    }
    procBoundary7to8
    {
        type            processor;
        value           nonuniform List<scalar> 
51
(
-4.560934946e-11
-1.334601301e-10
-2.164157135e-10
-2.946799983e-10
-3.684499415e-10
-4.379156259e-10
-5.032605428e-10
-5.646615759e-10
-6.222893614e-10
-6.763083258e-10
-7.26876869e-10
-7.741475594e-10
-8.182673306e-10
-8.593774373e-10
-8.976139869e-10
-9.331076883e-10
-9.659843445e-10
-9.963648534e-10
-1.024365265e-09
-1.050097256e-09
-1.073667826e-09
-1.095179952e-09
-1.114732245e-09
-1.132419452e-09
-1.148332439e-09
-1.162558256e-09
-1.17518062e-09
-1.186279425e-09
-1.195931584e-09
-1.204210442e-09
-1.211186659e-09
-1.216927553e-09
-1.221497806e-09
-1.22495932e-09
-1.22737115e-09
-1.228790126e-09
4.736674008e-13
-1.229290088e-09
-1.228885773e-09
-1.227644236e-09
-1.225612656e-09
-1.222836621e-09
-1.219359222e-09
-1.215222088e-09
-1.210464643e-09
-1.205124808e-09
-1.199238613e-09
-1.192840528e-09
-1.185963551e-09
-1.178639004e-09
-1.17089698e-09
)
;
    }
}


// ************************************************************************* //
