/*--------------------------------*- C++ -*----------------------------------*\
  =========                 |
  \\      /  F ield         | OpenFOAM: The Open Source CFD Toolbox
   \\    /   O peration     | Website:  https://openfoam.org
    \\  /    A nd           | Version:  7
     \\/     M anipulation  |
\*---------------------------------------------------------------------------*/
FoamFile
{
    version     2.0;
    format      ascii;
    class       surfaceScalarField;
    location    "0.0003";
    object      phi;
}
// * * * * * * * * * * * * * * * * * * * * * * * * * * * * * * * * * * * * * //

dimensions      [1 0 -1 0 0 0 0];

internalField   nonuniform List<scalar> 
2260
(
2.228636896e-15
4.560727052e-11
8.722776221e-15
1.334540708e-10
1.916282163e-14
2.16405972e-10
3.319623462e-14
2.946669051e-10
5.044623577e-14
3.684338509e-10
7.051530247e-14
4.378969123e-10
9.305498406e-14
5.03239531e-10
1.176203806e-13
5.64638687e-10
1.438082411e-13
6.222649746e-10
1.712600015e-13
6.762827758e-10
1.995935214e-13
7.268505141e-10
2.283939115e-13
7.741207909e-10
2.574105114e-13
8.182403759e-10
2.86232237e-13
8.593506848e-10
3.145802617e-13
8.975876934e-10
3.421837748e-13
9.330821031e-10
3.68702359e-13
9.659597876e-10
3.940052158e-13
9.963414358e-10
4.177334992e-13
1.024343327e-09
4.398289789e-13
1.050076838e-09
4.599656995e-13
1.073649238e-09
4.781233612e-13
1.095163199e-09
4.940483083e-13
1.114717567e-09
5.077186286e-13
1.132406859e-09
5.189873974e-13
1.148322066e-09
5.277573812e-13
1.162550192e-09
5.340216512e-13
1.175174863e-09
5.376360885e-13
1.186276114e-09
5.387247313e-13
1.195930589e-09
5.370605421e-13
1.204211987e-09
5.328390643e-13
1.211190548e-09
5.258964919e-13
1.216933948e-09
5.163612181e-13
1.221506582e-09
5.042155737e-13
1.224970498e-09
4.894764975e-13
1.227384717e-09
1.228805949e-09
2.240306628e-15
4.560503021e-11
8.769791796e-15
1.334475413e-10
1.926573055e-14
2.16395476e-10
3.336967264e-14
2.946528012e-10
5.072607568e-14
3.684164945e-10
7.093669149e-14
4.378767017e-10
9.358489797e-14
5.032168828e-10
1.182627696e-13
5.646140091e-10
1.446086214e-13
6.222386288e-10
1.722085079e-13
6.762551759e-10
2.00644765e-13
7.268220779e-10
2.296268822e-13
7.740918088e-10
2.587569961e-13
8.182112458e-10
2.876851305e-13
8.593217567e-10
3.161822449e-13
8.975591962e-10
3.438352041e-13
9.330544502e-10
3.705177841e-13
9.659331051e-10
3.958335512e-13
9.963161201e-10
4.197098481e-13
1.02431945e-09
4.417800218e-13
1.050054768e-09
4.620344667e-13
1.073628983e-09
4.801367735e-13
1.095145097e-09
4.961350961e-13
1.114701569e-09
5.097321709e-13
1.132393262e-09
5.210017391e-13
1.148310797e-09
5.296861084e-13
1.162541508e-09
5.358796363e-13
1.17516867e-09
5.394489124e-13
1.186272544e-09
5.403898869e-13
1.195929648e-09
5.387128322e-13
1.204213664e-09
5.343106533e-13
1.21119495e-09
5.27346844e-13
1.216940912e-09
5.17614715e-13
1.221516314e-09
5.05373925e-13
1.224982739e-09
4.904875749e-13
1.227399603e-09
4.731248346e-13
1.228823312e-09
4.532638826e-13
1.229308322e-09
4.309636658e-13
1.228906259e-09
4.063479592e-13
1.22766686e-09
3.793613474e-13
1.225637484e-09
3.502521401e-13
1.222863419e-09
3.188698899e-13
1.219388153e-09
2.855142924e-13
1.215252869e-09
2.500483386e-13
1.210497424e-09
2.127512367e-13
1.205159328e-09
1.735436905e-13
1.199274968e-09
1.326304415e-13
1.192878529e-09
8.998539979e-14
1.186003243e-09
4.577211896e-14
1.178680239e-09
1.170939767e-09
2.256765253e-15
4.560277345e-11
8.835082503e-15
1.33440963e-10
1.941584092e-14
2.163848953e-10
3.364026011e-14
2.946385768e-10
5.112353056e-14
3.683990113e-10
7.146766259e-14
4.378563575e-10
9.425932702e-14
5.031940911e-10
1.191427492e-13
5.645891257e-10
1.456669095e-13
6.222121046e-10
1.734174842e-13
6.762274253e-10
2.020726767e-13
7.267934227e-10
2.312326327e-13
7.740626488e-10
2.605048913e-13
8.181819735e-10
2.896633952e-13
8.592925981e-10
3.182599807e-13
8.975305997e-10
3.461165779e-13
9.330265936e-10
3.728715812e-13
9.6590635e-10
3.983371436e-13
9.962906545e-10
4.222473872e-13
1.02429554e-09
4.444286825e-13
1.050032587e-09
4.646748538e-13
1.073608737e-09
4.828638896e-13
1.095126908e-09
4.988158523e-13
1.114685617e-09
5.124864597e-13
1.132379591e-09
5.236493921e-13
1.148299634e-09
5.323900792e-13
1.162532767e-09
5.384541154e-13
1.175162606e-09
5.420016591e-13
1.186268997e-09
5.428001967e-13
1.19592885e-09
5.410089964e-13
1.204215455e-09
5.364982606e-13
1.21119946e-09
5.293294564e-13
1.216948081e-09
5.195327087e-13
1.221526111e-09
5.070720882e-13
1.2249952e-09
4.921249583e-13
1.227414551e-09
4.745282593e-13
1.228840909e-09
4.545496065e-13
1.229328301e-09
4.320487865e-13
1.228928759e-09
4.072613196e-13
1.227691647e-09
3.801357734e-13
1.225664609e-09
3.5081586e-13
1.222892738e-09
3.193513964e-13
1.219419618e-09
2.857925609e-13
1.215286427e-09
2.502874833e-13
1.210532929e-09
2.128240138e-13
1.205196792e-09
1.736088096e-13
1.199314183e-09
1.325704715e-13
1.192919567e-09
8.996120667e-14
1.186045852e-09
4.567796886e-14
1.178724523e-09
1.170985445e-09
2.278119158e-15
4.560049533e-11
8.916680746e-15
1.334343244e-10
1.958767836e-14
2.163742243e-10
3.392890271e-14
2.946242355e-10
5.15513424e-14
3.683813888e-10
7.206363902e-14
4.378358452e-10
9.508156432e-14
5.031710732e-10
1.201476173e-13
5.645640596e-10
1.468490774e-13
6.221854031e-10
1.748418053e-13
6.761994326e-10
2.037107956e-13
7.267645537e-10
2.330433724e-13
7.740333163e-10
2.6258812e-13
8.181524288e-10
2.918851861e-13
8.592633011e-10
3.206780189e-13
8.975018068e-10
3.48678714e-13
9.329985929e-10
3.755588138e-13
9.658794699e-10
4.011617529e-13
9.962650516e-10
4.251363582e-13
1.024271566e-09
4.47424754e-13
1.050010298e-09
4.676930134e-13
1.073588469e-09
4.859404736e-13
1.09510866e-09
5.01895478e-13
1.114669662e-09
5.155395587e-13
1.132365947e-09
5.266893294e-13
1.148288484e-09
5.353263156e-13
1.16252413e-09
5.413886007e-13
1.175156543e-09
5.447837182e-13
1.186265602e-09
5.455775673e-13
1.195928056e-09
5.435942366e-13
1.204217438e-09
5.39022325e-13
1.211204032e-09
5.316432132e-13
1.21695546e-09
5.217080599e-13
1.221536046e-09
5.090910196e-13
1.225007817e-09
4.939236939e-13
1.227429718e-09
4.7621082e-13
1.228858622e-09
4.559852953e-13
1.229348526e-09
4.333912391e-13
1.228951354e-09
4.083537161e-13
1.227716685e-09
3.811397739e-13
1.225691823e-09
3.515846212e-13
1.222922294e-09
3.200031478e-13
1.219451199e-09
2.862633246e-13
1.215320167e-09
2.506362103e-13
1.210568556e-09
2.130593331e-13
1.205234369e-09
1.737313841e-13
1.199353511e-09
1.326445022e-13
1.192960654e-09
8.995664658e-14
1.18608854e-09
4.569768297e-14
1.178768782e-09
1.171031143e-09
2.297651107e-15
4.559819768e-11
8.994000053e-15
1.334276281e-10
1.975555116e-14
2.163634627e-10
3.422158477e-14
2.946097695e-10
5.2014983e-14
3.683635954e-10
7.271912227e-14
4.378151411e-10
9.590599699e-14
5.031478863e-10
1.211511143e-13
5.645388145e-10
1.480984781e-13
6.221584558e-10
1.76309236e-13
6.761712219e-10
2.053596812e-13
7.267355033e-10
2.349526158e-13
7.740037233e-10
2.646530885e-13
8.181227283e-10
2.941159555e-13
8.592338382e-10
3.231054803e-13
8.974728173e-10
3.511992254e-13
9.329704991e-10
3.782755738e-13
9.658523936e-10
4.039155796e-13
9.962394116e-10
4.280594535e-13
1.024247422e-09
4.503339307e-13
1.049988024e-09
4.707299541e-13
1.073568073e-09
4.889256428e-13
1.095090465e-09
5.04960705e-13
1.114653627e-09
5.185009667e-13
1.132352407e-09
5.296701607e-13
1.148277315e-09
5.381828486e-13
1.162515617e-09
5.441910648e-13
1.175150535e-09
5.474760857e-13
1.186262317e-09
5.481265339e-13
1.195927405e-09
5.460555966e-13
1.204219509e-09
5.412727256e-13
1.211208815e-09
5.338375294e-13
1.216962895e-09
5.236766997e-13
1.221546207e-09
5.109877076e-13
1.225020506e-09
4.955815963e-13
1.227445124e-09
4.777379856e-13
1.228876465e-09
4.57315749e-13
1.229368949e-09
4.345368937e-13
1.228974132e-09
4.093599491e-13
1.227741861e-09
3.819212218e-13
1.225719262e-09
3.522785008e-13
1.222951936e-09
3.204796187e-13
1.219482998e-09
2.86680336e-13
1.215353967e-09
2.50868384e-13
1.210604368e-09
2.132593572e-13
1.205271978e-09
1.73783605e-13
1.199392986e-09
1.327043404e-13
1.193001733e-09
8.992085883e-14
1.186131323e-09
4.572710033e-14
1.178812975e-09
1.17107687e-09
2.316779896e-15
4.55958809e-11
9.069405745e-15
1.334208755e-10
1.992798631e-14
2.163526041e-10
3.451963304e-14
2.945951779e-10
5.24454121e-14
3.683456696e-10
7.329108986e-14
4.377942954e-10
9.663161272e-14
5.031245458e-10
1.220987259e-13
5.645133474e-10
1.492301743e-13
6.221313243e-10
1.775982525e-13
6.761428538e-10
2.068692547e-13
7.267062323e-10
2.366178115e-13
7.739739748e-10
2.664333468e-13
8.180929127e-10
2.961068194e-13
8.592041647e-10
3.251697714e-13
8.974437543e-10
3.534303888e-13
9.329422385e-10
3.805386774e-13
9.658252853e-10
4.062812541e-13
9.96213669e-10
4.304233158e-13
1.02422328e-09
4.527510562e-13
1.049965696e-09
4.731129031e-13
1.073547711e-09
4.91329586e-13
1.095072248e-09
5.072612694e-13
1.114637695e-09
5.208037249e-13
1.132338865e-09
5.318387101e-13
1.14826628e-09
5.403586595e-13
1.162507097e-09
5.4619739e-13
1.175144696e-09
5.494612881e-13
1.186259053e-09
5.49918001e-13
1.195926949e-09
5.477724087e-13
1.204221655e-09
5.428074949e-13
1.21121378e-09
5.352376702e-13
1.216970465e-09
5.249533023e-13
1.221556491e-09
5.120630979e-13
1.225033396e-09
4.965799632e-13
1.227460607e-09
4.785249071e-13
1.22889452e-09
4.580441523e-13
1.229389429e-09
4.350584197e-13
1.228997118e-09
4.098338698e-13
1.227767086e-09
3.822070901e-13
1.225746889e-09
3.524974351e-13
1.222981646e-09
3.205672891e-13
1.219514928e-09
2.866951227e-13
1.215387839e-09
2.508164343e-13
1.210640247e-09
2.131395407e-13
1.205309654e-09
1.736560979e-13
1.19943247e-09
1.325344773e-13
1.193042855e-09
8.980650888e-14
1.186174051e-09
4.561552289e-14
1.178857166e-09
1.171122485e-09
2.332407423e-15
4.559354849e-11
9.128909433e-15
1.33414079e-10
2.005052233e-14
2.163416825e-10
3.472177674e-14
2.945805066e-10
5.273816479e-14
3.683276533e-10
7.369903323e-14
4.377733346e-10
9.720365714e-14
5.031010412e-10
1.227842184e-13
5.644877668e-10
1.500137073e-13
6.221040948e-10
1.785315401e-13
6.761143359e-10
2.079082062e-13
7.266768556e-10
2.377080485e-13
7.739441749e-10
2.676747188e-13
8.180629461e-10
2.973645551e-13
8.591744749e-10
3.264862073e-13
8.974146327e-10
3.547706078e-13
9.329139541e-10
3.818530549e-13
9.657982029e-10
4.076202769e-13
9.961879018e-10
4.316764425e-13
1.024199224e-09
4.540132401e-13
1.049943359e-09
4.742584852e-13
1.073527466e-09
4.924449895e-13
1.095054061e-09
5.082237246e-13
1.114621917e-09
5.216992696e-13
1.132325389e-09
5.326005181e-13
1.148255378e-09
5.410044757e-13
1.162498693e-09
5.467351381e-13
1.175138966e-09
5.498234248e-13
1.186255964e-09
5.502101834e-13
1.195926562e-09
5.47866571e-13
1.204223998e-09
5.428660402e-13
1.211218781e-09
5.351105084e-13
1.21697822e-09
5.248010304e-13
1.221566801e-09
5.117371146e-13
1.22504646e-09
4.961998784e-13
1.227476144e-09
4.780374699e-13
1.228912683e-09
4.574722194e-13
1.229409995e-09
4.344528734e-13
1.229020137e-09
4.091229185e-13
1.227792416e-09
3.815283925e-13
1.225774483e-09
3.517280182e-13
1.223011446e-09
3.198652293e-13
1.219546791e-09
2.859415204e-13
1.215421762e-09
2.501615111e-13
1.210676027e-09
2.124707736e-13
1.205347345e-09
1.731234842e-13
1.199471817e-09
1.32034441e-13
1.193083944e-09
8.949104975e-14
1.186216595e-09
4.538405794e-14
1.178901273e-09
1.171167869e-09
2.337275084e-15
4.559121121e-11
9.148515285e-15
1.334072677e-10
2.009037841e-14
2.163307407e-10
3.479265994e-14
2.945658043e-10
5.286281915e-14
3.683095831e-10
7.387955252e-14
4.377523178e-10
9.739885873e-14
5.030775219e-10
1.229843734e-13
5.644621813e-10
1.50260343e-13
6.220768189e-10
1.78784359e-13
6.760858119e-10
2.081072034e-13
7.266475327e-10
2.379211595e-13
7.73914361e-10
2.678160754e-13
8.180330512e-10
2.974058228e-13
8.591448852e-10
3.264835663e-13
8.97385555e-10
3.545997315e-13
9.328858379e-10
3.816321382e-13
9.657711705e-10
4.071899199e-13
9.96162344e-10
4.311643334e-13
1.024175249e-09
4.532716809e-13
1.049921252e-09
4.734119932e-13
1.073507326e-09
4.913401289e-13
1.095036133e-09
5.070177844e-13
1.114606239e-09
5.202423513e-13
1.132312165e-09
5.310504367e-13
1.14824457e-09
5.392129306e-13
1.162490531e-09
5.448652821e-13
1.175133313e-09
5.477330478e-13
1.186253097e-09
5.480300884e-13
1.195926265e-09
5.455336756e-13
1.204226495e-09
5.40434676e-13
1.21122388e-09
5.326236748e-13
1.216986031e-09
5.221999613e-13
1.221577225e-09
5.091672618e-13
1.225059492e-09
4.93546803e-13
1.227491765e-09
4.754689125e-13
1.228930761e-09
4.548627515e-13
1.229430601e-09
4.319736039e-13
1.229043027e-09
4.066524068e-13
1.227817737e-09
3.792109024e-13
1.225801925e-09
3.494937683e-13
1.223041163e-09
3.177993003e-13
1.219578485e-09
2.840404928e-13
1.215455521e-09
2.484477397e-13
1.21071162e-09
2.109916196e-13
1.205384801e-09
1.718636071e-13
1.199510945e-09
1.310770046e-13
1.19312473e-09
8.879890729e-14
1.186258873e-09
4.505264365e-14
1.17894502e-09
1.171212922e-09
2.330260198e-15
4.558888095e-11
9.121815979e-15
1.334004762e-10
2.003749947e-14
2.16319825e-10
3.470281274e-14
2.94551139e-10
5.270656871e-14
3.682915793e-10
7.362628669e-14
4.377313981e-10
9.702406418e-14
5.030541241e-10
1.225180177e-13
5.644366874e-10
1.496491375e-13
6.220496878e-10
1.779650037e-13
6.760574961e-10
2.071185715e-13
7.266183792e-10
2.367168117e-13
7.738847627e-10
2.66322108e-13
8.180034459e-10
2.957152137e-13
8.591154921e-10
3.244537514e-13
8.973568164e-10
3.52305719e-13
9.32857986e-10
3.789931337e-13
9.65744483e-10
4.042324807e-13
9.961371046e-10
4.278847043e-13
1.024151597e-09
4.49653199e-13
1.049899483e-09
4.694754592e-13
1.073487503e-09
4.870706287e-13
1.095018538e-09
5.024511095e-13
1.114590859e-09
5.153986065e-13
1.132299217e-09
5.259241709e-13
1.148234045e-09
5.338849652e-13
1.16248257e-09
5.39268124e-13
1.17512793e-09
5.420299291e-13
1.186250335e-09
5.421162844e-13
1.195926178e-09
5.396007732e-13
1.20422901e-09
5.343735983e-13
1.211229107e-09
5.266239418e-13
1.216993781e-09
5.161523366e-13
1.221587696e-09
5.032311933e-13
1.225072414e-09
4.876880352e-13
1.227507308e-09
4.69757013e-13
1.228948692e-09
4.49357201e-13
1.229451001e-09
4.26651072e-13
1.229065733e-09
4.016523455e-13
1.227842736e-09
3.744413807e-13
1.225829136e-09
3.451280934e-13
1.223070477e-09
3.137386976e-13
1.219609875e-09
2.804458105e-13
1.215488814e-09
2.452212551e-13
1.210746844e-09
2.082892781e-13
1.205421733e-09
1.695917573e-13
1.199549643e-09
1.29389541e-13
1.193164933e-09
8.760171357e-14
1.18630066e-09
4.449429744e-14
1.178988127e-09
1.171257416e-09
2.306934365e-15
4.558657402e-11
9.029024684e-15
1.333937541e-10
1.98264452e-14
2.163090275e-10
3.43214833e-14
2.94536644e-10
5.210735769e-14
3.682737935e-10
7.277234001e-14
4.377107331e-10
9.591074872e-14
5.030309857e-10
1.210637807e-13
5.644115343e-10
1.477850226e-13
6.220229665e-10
1.757007896e-13
6.760295803e-10
2.044227154e-13
7.265896573e-10
2.334922981e-13
7.738556931e-10
2.626299573e-13
8.179743082e-10
2.914551005e-13
8.590866669e-10
3.196170575e-13
8.973286545e-10
3.469326719e-13
9.328306704e-10
3.729829102e-13
9.657184328e-10
3.97718255e-13
9.961123693e-10
4.207385967e-13
1.024128577e-09
4.42022527e-13
1.0498782e-09
4.612339953e-13
1.073468292e-09
4.783978106e-13
1.095001374e-09
4.932398304e-13
1.114576016e-09
5.058362034e-13
1.132286621e-09
5.159110811e-13
1.14822397e-09
5.236173892e-13
1.162474864e-09
5.286597198e-13
1.175122888e-09
5.312533155e-13
1.186247741e-09
5.311653025e-13
1.195926266e-09
5.285761698e-13
1.2042316e-09
5.233633742e-13
1.21123432e-09
5.156294611e-13
1.217001515e-09
5.053532747e-13
1.221597972e-09
4.925666151e-13
1.2250852e-09
4.773664768e-13
1.227522508e-09
4.597008142e-13
1.228966357e-09
4.397736893e-13
1.229470928e-09
4.17460468e-13
1.229088046e-09
3.930443596e-13
1.227867152e-09
3.663523232e-13
1.225855828e-09
3.377037122e-13
1.223099125e-09
3.069666011e-13
1.219640612e-09
2.74402047e-13
1.215521379e-09
2.399365331e-13
1.21078131e-09
2.037934588e-13
1.205457876e-09
1.659446229e-13
1.199587492e-09
1.26590784e-13
1.193204287e-09
8.571825057e-14
1.186341533e-09
4.352084298e-14
1.179030324e-09
1.171300937e-09
2.256873477e-15
4.558431714e-11
8.833374589e-15
1.333871776e-10
1.939251213e-14
2.162984684e-10
3.356254907e-14
2.945224739e-10
5.095591689e-14
3.682564001e-10
7.116750099e-14
4.376905215e-10
9.374035507e-14
5.030084128e-10
1.182436017e-13
5.643870311e-10
1.442911127e-13
6.21996919e-10
1.714910284e-13
6.760023804e-10
1.993775091e-13
7.265617708e-10
2.276255633e-13
7.738274451e-10
2.558975355e-13
8.179460362e-10
2.837682569e-13
8.590587962e-10
3.110745044e-13
8.973013482e-10
3.374016048e-13
9.328043433e-10
3.625791948e-13
9.656932552e-10
3.863518543e-13
9.960885966e-10
4.085130601e-13
1.024106415e-09
4.289046173e-13
1.049857808e-09
4.473225399e-13
1.073449874e-09
4.63705026e-13
1.094984992e-09
4.778842367e-13
1.114561837e-09
4.898226658e-13
1.132274682e-09
4.994066872e-13
1.148214386e-09
5.065962816e-13
1.162467674e-09
5.113566167e-13
1.175118128e-09
5.136231299e-13
1.186245475e-09
5.13460309e-13
1.195926429e-09
5.107603526e-13
1.204234299e-09
5.05688326e-13
1.211239392e-09
4.980580087e-13
1.217009145e-09
4.88124303e-13
1.221607906e-09
4.756849484e-13
1.22509764e-09
4.609953672e-13
1.227537198e-09
4.439251149e-13
1.228983428e-09
4.246642334e-13
1.229490189e-09
4.031719654e-13
1.229109538e-09
3.795583661e-13
1.227890766e-09
3.538754473e-13
1.225881511e-09
3.261807128e-13
1.22312682e-09
2.965901289e-13
1.219670202e-09
2.651071304e-13
1.215552862e-09
2.319006007e-13
1.210814516e-09
1.969447183e-13
1.205492832e-09
1.604480356e-13
1.199623988e-09
1.223635112e-13
1.193242371e-09
8.290917217e-14
1.186380987e-09
4.204917903e-14
1.179071184e-09
1.171342986e-09
2.174883829e-15
4.558214226e-11
8.513503829e-15
1.33380839e-10
1.869148821e-14
2.162882904e-10
3.235121e-14
2.945088142e-10
4.909735454e-14
3.68239654e-10
6.851301884e-14
4.376711059e-10
9.017451597e-14
5.029867513e-10
1.136991047e-13
5.643635065e-10
1.386880728e-13
6.2197193e-10
1.646816528e-13
6.759763868e-10
1.913240043e-13
7.265351284e-10
2.183079431e-13
7.738004611e-10
2.451829646e-13
8.179191612e-10
2.717207294e-13
8.590322584e-10
2.976019684e-13
8.97275467e-10
3.225194479e-13
9.327794258e-10
3.463446903e-13
9.6566943e-10
3.687095718e-13
9.960662318e-10
3.896207439e-13
1.024085504e-09
4.086920558e-13
1.049838737e-09
4.260053935e-13
1.073432561e-09
4.412376228e-13
1.09496976e-09
4.545062077e-13
1.114548569e-09
4.655088222e-13
1.13226368e-09
4.744162245e-13
1.148205478e-09
4.809317985e-13
1.162461159e-09
4.85268678e-13
1.175113791e-09
4.871879155e-13
1.186243556e-09
4.868747403e-13
1.195926742e-09
4.841848765e-13
1.204236989e-09
4.792374597e-13
1.211244339e-09
4.719735762e-13
1.217016409e-09
4.62447155e-13
1.221617433e-09
4.507055836e-13
1.225109381e-09
4.36724055e-13
1.227551179e-09
4.206453391e-13
1.228999506e-09
4.023764815e-13
1.229508458e-09
3.821339698e-13
1.229129781e-09
3.597609072e-13
1.227913139e-09
3.355585755e-13
1.225905713e-09
3.093443396e-13
1.223153034e-09
2.814064896e-13
1.21969814e-09
2.516001955e-13
1.215582668e-09
2.201831915e-13
1.210845933e-09
1.87057527e-13
1.205525958e-09
1.524604732e-13
1.199658585e-09
1.163129656e-13
1.193278519e-09
7.884336896e-14
1.186418457e-09
3.999318971e-14
1.179110035e-09
1.17138298e-09
2.055234216e-15
4.558008703e-11
8.043166022e-15
1.33374851e-10
1.764978769e-14
2.162786838e-10
3.052321152e-14
2.944959408e-10
4.628375834e-14
3.682238934e-10
6.452932103e-14
4.376528603e-10
8.489508151e-14
5.029663856e-10
1.069784144e-13
5.643414232e-10
1.303393201e-13
6.219485691e-10
1.546071809e-13
6.759521189e-10
1.794887292e-13
7.265102469e-10
2.045399694e-13
7.737754099e-10
2.294762744e-13
8.178942249e-10
2.54055247e-13
8.590076795e-10
2.778838688e-13
8.972516383e-10
3.00872415e-13
9.327564372e-10
3.226770916e-13
9.656476253e-10
3.431900453e-13
9.960457188e-10
3.621904728e-13
1.024066504e-09
3.795575748e-13
1.04982137e-09
3.95182897e-13
1.073416935e-09
4.089565701e-13
1.094955986e-09
4.208167924e-13
1.114536708e-09
4.306849949e-13
1.132253811e-09
4.385161185e-13
1.148197647e-09
4.442869958e-13
1.162455388e-09
4.479417938e-13
1.175110136e-09
4.495344794e-13
1.186241963e-09
4.489765703e-13
1.1959273e-09
4.464029254e-13
1.204239563e-09
4.416552526e-13
1.211249087e-09
4.34948576e-13
1.217023116e-09
4.260771616e-13
1.221626304e-09
4.15309119e-13
1.225120149e-09
4.024467918e-13
1.227564042e-09
3.877144749e-13
1.229014239e-09
3.709947228e-13
1.229525177e-09
3.524308238e-13
1.229148345e-09
3.319896713e-13
1.22793358e-09
3.097634239e-13
1.225927939e-09
2.857819955e-13
1.223177016e-09
2.60081264e-13
1.219723841e-09
2.327443074e-13
1.215610005e-09
2.037766994e-13
1.210874901e-09
1.733040822e-13
1.205556431e-09
1.41312978e-13
1.199690576e-09
1.079435207e-13
1.193311888e-09
7.319196583e-14
1.186453208e-09
3.720729391e-14
1.179146019e-09
1.171420187e-09
1.882340298e-15
4.557820469e-11
7.366283206e-15
1.333693671e-10
1.615653764e-14
2.162698936e-10
2.791809023e-14
2.944841792e-10
4.230314002e-14
3.682095084e-10
5.89513995e-14
4.376362121e-10
7.748143532e-14
5.029478555e-10
9.748608452e-14
5.643214185e-10
1.185984826e-13
6.219274567e-10
1.405240222e-13
6.759301934e-10
1.628576848e-13
7.264879132e-10
1.85266183e-13
7.737530014e-10
2.075647948e-13
8.178719263e-10
2.293547471e-13
8.589858895e-10
2.504734265e-13
8.972305197e-10
2.707075336e-13
9.327362031e-10
2.898112826e-13
9.656285215e-10
3.077322157e-13
9.960277979e-10
3.241646616e-13
1.024050071e-09
3.392075813e-13
1.049806327e-09
3.525518667e-13
1.073403591e-09
3.64358041e-13
1.09494418e-09
3.743271181e-13
1.114526739e-09
3.826627296e-13
1.132245476e-09
3.890852118e-13
1.148191225e-09
3.938232471e-13
1.16245065e-09
3.966407519e-13
1.175107318e-09
3.977489054e-13
1.186240855e-09
3.969817677e-13
1.195928067e-09
3.944927558e-13
1.204242052e-09
3.901790646e-13
1.2112534e-09
3.841308091e-13
1.217029164e-09
3.763329291e-13
1.221634102e-09
3.667985636e-13
1.225129684e-09
3.555908374e-13
1.227575249e-09
3.426536156e-13
1.229027176e-09
3.281133721e-13
1.229539718e-09
3.118459614e-13
1.229164612e-09
2.940540426e-13
1.227951372e-09
2.745626979e-13
1.225947431e-09
2.536209274e-13
1.223197958e-09
2.310258177e-13
1.219746436e-09
2.070402526e-13
1.215633991e-09
1.814706383e-13
1.210900471e-09
1.545817483e-13
1.205583319e-09
1.26194775e-13
1.199718963e-09
9.656780685e-14
1.193341515e-09
6.555143219e-14
1.186484225e-09
3.341091248e-14
1.17917816e-09
1.171453598e-09
1.646543835e-15
4.557655814e-11
6.443898596e-15
1.333645697e-10
1.412745278e-14
2.1626221e-10
2.439779126e-14
2.944739089e-10
3.693641128e-14
3.681969697e-10
5.138910899e-14
4.376217594e-10
6.739648727e-14
5.029318482e-10
8.461457391e-14
5.643042004e-10
1.027543493e-13
6.21909317e-10
1.214515291e-13
6.759114962e-10
1.403636497e-13
7.264690011e-10
1.593092328e-13
7.737340558e-10
1.77963124e-13
8.178532724e-10
1.960797332e-13
8.589677729e-10
2.135647837e-13
8.972130346e-10
2.300954133e-13
9.327196725e-10
2.456710321e-13
9.656129459e-10
2.600430462e-13
9.960134259e-10
2.731985967e-13
1.024036916e-09
2.85021867e-13
1.049794503e-09
2.954831224e-13
1.07339313e-09
3.045333025e-13
1.09493513e-09
3.121490224e-13
1.114519124e-09
3.183130918e-13
1.132239312e-09
3.23030688e-13
1.148186507e-09
3.262840971e-13
1.162447396e-09
3.281278593e-13
1.175105475e-09
3.285184361e-13
1.186240464e-09
3.27565237e-13
1.195929021e-09
3.251588321e-13
1.204244458e-09
3.214638072e-13
1.211257095e-09
3.163122477e-13
1.217034316e-09
3.099370584e-13
1.221640477e-09
3.021061e-13
1.225137515e-09
2.930693031e-13
1.227584286e-09
2.826126164e-13
1.229037632e-09
2.709140163e-13
1.229551416e-09
2.57828378e-13
1.229177698e-09
2.434783895e-13
1.227965722e-09
2.27774598e-13
1.225963134e-09
2.107797766e-13
1.223214952e-09
1.924524763e-13
1.219764763e-09
1.728218956e-13
1.215653621e-09
1.518891203e-13
1.210921403e-09
1.296645921e-13
1.205605544e-09
1.061679752e-13
1.19974246e-09
8.141678849e-14
1.193366266e-09
5.544917098e-14
1.186510192e-09
2.830090693e-14
1.179205308e-09
1.171481899e-09
1.338557309e-15
4.557521959e-11
5.23697457e-15
1.333606713e-10
1.146875954e-14
2.162559782e-10
1.97696088e-14
2.944656081e-10
2.984496855e-14
3.681868944e-10
4.138784227e-14
4.376102165e-10
5.409777344e-14
5.029191382e-10
6.77026951e-14
5.642905955e-10
8.188305172e-14
6.218951366e-10
9.632541156e-14
6.758970539e-10
1.108408147e-13
7.264544857e-10
1.251855178e-13
7.737197111e-10
1.390751803e-13
8.178393827e-10
1.524624617e-13
8.589543856e-10
1.651006292e-13
8.972003965e-10
1.768995452e-13
9.327078736e-10
1.877887299e-13
9.656020567e-10
1.976052579e-13
9.960036093e-10
2.064493606e-13
1.024028072e-09
2.141180686e-13
1.049786835e-09
2.208113665e-13
1.073386436e-09
2.262999364e-13
1.094929641e-09
2.308439813e-13
1.11451458e-09
2.342129987e-13
1.132235943e-09
2.366881272e-13
1.148184032e-09
2.380576798e-13
1.162446027e-09
2.385919408e-13
1.17510494e-09
2.381179959e-13
1.186240938e-09
2.36851357e-13
1.195930287e-09
2.346518739e-13
1.204246658e-09
2.316670309e-13
1.21126008e-09
2.278165488e-13
1.217038166e-09
2.231671227e-13
1.221645126e-09
2.176890842e-13
1.225142993e-09
2.113730299e-13
1.227590602e-09
2.042347745e-13
1.229044771e-09
1.961825983e-13
1.229559468e-09
1.872919065e-13
1.229186588e-09
1.774130345e-13
1.227975601e-09
1.666587064e-13
1.225973889e-09
1.54825972e-13
1.223226785e-09
1.420670308e-13
1.219777522e-09
1.281508527e-13
1.215667537e-09
1.132646937e-13
1.21093629e-09
9.716378017e-14
1.205621645e-09
8.004189516e-14
1.199759582e-09
6.168261176e-14
1.193384625e-09
4.228787504e-14
1.186529587e-09
2.166147305e-14
1.179225935e-09
1.17150356e-09
9.40935242e-16
4.557427865e-11
3.678409467e-15
1.333579338e-10
8.028164209e-15
2.162516285e-10
1.377376434e-14
2.944598625e-10
2.067249678e-14
3.681799956e-10
2.84898558e-14
4.376023991e-10
3.69873909e-14
5.029106407e-10
4.589909911e-14
5.642816838e-10
5.496131634e-14
6.218860744e-10
6.40009141e-14
6.758880143e-10
7.284703037e-14
7.264456396e-10
8.124044438e-14
7.737113177e-10
8.911956325e-14
8.178315036e-10
9.637070148e-14
8.589471345e-10
1.02829751e-13
8.971939374e-10
1.085856007e-13
9.327021177e-10
1.13433515e-13
9.655972088e-10
1.175101196e-13
9.959995327e-10
1.207420257e-13
1.02402484e-09
1.232228614e-13
1.049784354e-09
1.249668207e-13
1.073384692e-09
1.260455414e-13
1.094928562e-09
1.265195514e-13
1.114514106e-09
1.264573659e-13
1.132236005e-09
1.259262265e-13
1.148184563e-09
1.250104291e-13
1.162446943e-09
1.237519276e-13
1.175106199e-09
1.222569292e-13
1.186242433e-09
1.20498809e-13
1.195932045e-09
1.186046122e-13
1.204248552e-09
1.164783967e-13
1.211262207e-09
1.142851002e-13
1.21704036e-09
1.118332082e-13
1.221647578e-09
1.093312361e-13
1.225145495e-09
1.0651848e-13
1.227593415e-09
1.035865711e-13
1.229047703e-09
1.00255423e-13
1.229562799e-09
9.667385101e-14
1.22919017e-09
9.260028361e-14
1.227979674e-09
8.811035936e-14
1.225978379e-09
8.299623755e-14
1.223231899e-09
7.729159895e-14
1.219783227e-09
7.082274567e-14
1.215674006e-09
6.360182335e-14
1.210943511e-09
5.547267561e-14
1.205629774e-09
4.644845783e-14
1.199768606e-09
3.63996295e-14
1.193394674e-09
2.536055405e-14
1.186540626e-09
1.320108869e-14
1.179238094e-09
1.171516761e-09
4.343142912e-16
4.557384434e-11
1.693850492e-15
1.333566743e-10
3.652460142e-15
2.162496698e-10
6.161140977e-15
2.944573538e-10
9.057922507e-15
3.681770989e-10
1.216939937e-14
4.375992876e-10
1.529538733e-14
5.029075147e-10
1.824339861e-14
5.642787358e-10
2.088089658e-14
6.218834369e-10
2.310525263e-14
6.758857899e-10
2.471816011e-14
7.264440267e-10
2.566167053e-14
7.737103742e-10
2.594825586e-14
8.17831217e-10
2.542284198e-14
8.589476599e-10
2.418909586e-14
8.971951711e-10
2.222334611e-14
9.327040835e-10
1.955515903e-14
9.65599877e-10
1.634718631e-14
9.960027407e-10
1.256278883e-14
1.024028624e-09
8.485710311e-15
1.049788431e-09
4.025338097e-15
1.073389153e-09
-4.657382523e-16
1.094933053e-09
-5.099365379e-15
1.114518739e-09
-9.505493785e-15
1.132240411e-09
-1.380644792e-14
1.148188864e-09
-1.763607596e-14
1.162450772e-09
-2.113289831e-14
1.175109696e-09
-2.397730473e-14
1.186245277e-09
-2.632027994e-14
1.195934388e-09
-2.792054942e-14
1.204250152e-09
-2.890811234e-14
1.211263194e-09
-2.913611449e-14
1.217040588e-09
-2.872545127e-14
1.221647168e-09
-2.762055114e-14
1.22514439e-09
-2.592885217e-14
1.227591723e-09
-2.369966621e-14
1.229045473e-09
-2.100996536e-14
1.22956011e-09
-1.79881994e-14
1.229187148e-09
-1.46937622e-14
1.22797638e-09
-1.132874699e-14
1.225975014e-09
-7.93025515e-15
1.223228501e-09
-4.742805943e-15
1.21978004e-09
-1.778851629e-15
1.215671042e-09
6.922550805e-16
1.210941039e-09
2.669137063e-15
1.205627797e-09
3.898763671e-15
1.199767376e-09
4.394889357e-15
1.193394178e-09
3.93172108e-15
1.186541089e-09
2.523271737e-15
1.179239502e-09
1.171519284e-09
-1.999116545e-16
4.557404425e-11
-7.897236848e-16
1.333572641e-10
-1.815277559e-15
2.162506954e-10
-3.343168616e-15
2.944588817e-10
-5.451562189e-15
3.681792073e-10
-8.256303539e-15
4.376020924e-10
-1.185680613e-14
5.029111152e-10
-1.631639798e-14
5.642831954e-10
-2.167150887e-14
6.21888792e-10
-2.80189594e-14
6.758921374e-10
-3.538911718e-14
7.264513968e-10
-4.368054376e-14
7.737186656e-10
-5.293273665e-14
8.178404692e-10
-6.306153343e-14
8.589577887e-10
-7.389425493e-14
8.972060039e-10
-8.54528941e-14
9.327156421e-10
-9.741310343e-14
9.656118372e-10
-1.097326812e-13
9.960150603e-10
-1.22131187e-13
1.024041023e-09
-1.344618784e-13
1.049800762e-09
-1.464956067e-13
1.073401187e-09
-1.580266764e-13
1.094944584e-09
-1.688652341e-13
1.114529578e-09
-1.787931863e-13
1.132250339e-09
-1.876459923e-13
1.148197717e-09
-1.952333175e-13
1.162458359e-09
-2.014097224e-13
1.175115872e-09
-2.060638782e-13
1.186249932e-09
-2.090724594e-13
1.195937397e-09
-2.104153875e-13
1.204251495e-09
-2.099730763e-13
1.211262752e-09
-2.078417352e-13
1.217038456e-09
-2.039040134e-13
1.22164323e-09
-1.983676476e-13
1.225138853e-09
-1.911305966e-13
1.227584486e-09
-1.82503513e-13
1.229036846e-09
-1.723830344e-13
1.229549989e-09
-1.611422485e-13
1.229175907e-09
-1.48732288e-13
1.22796397e-09
-1.355571254e-13
1.225961838e-09
-1.216077179e-13
1.223214551e-09
-1.072847646e-13
1.219765717e-09
-9.260991705e-14
1.215656367e-09
-7.797824204e-14
1.210926408e-09
-6.342556916e-14
1.205613244e-09
-4.932053615e-14
1.199753271e-09
-3.568030339e-14
1.193380538e-09
-2.286733957e-14
1.186528276e-09
-1.086330036e-14
1.179227498e-09
1.171508421e-09
-9.832729478e-16
4.557502752e-11
-3.858888638e-15
1.333601397e-10
-8.575718871e-15
2.162554122e-10
-1.510655632e-14
2.944654125e-10
-2.343715785e-14
3.681875379e-10
-3.356226151e-14
4.376122175e-10
-4.544503961e-14
5.02922998e-10
-5.903551054e-14
5.642967858e-10
-7.431516987e-14
6.219040717e-10
-9.123935989e-14
6.759090615e-10
-1.096217003e-13
7.264697792e-10
-1.293561973e-13
7.737384001e-10
-1.50339805e-13
8.178614528e-10
-1.722523763e-13
8.589797013e-10
-1.949782929e-13
8.972287298e-10
-2.182204393e-13
9.327388843e-10
-2.416687689e-13
9.656352856e-10
-2.651172971e-13
9.960385088e-10
-2.881166392e-13
1.024064022e-09
-3.10543315e-13
1.049823188e-09
-3.318746033e-13
1.073422518e-09
-3.520228663e-13
1.094964733e-09
-3.704734941e-13
1.114548028e-09
-3.871602771e-13
1.132267026e-09
-4.016040036e-13
1.148212161e-09
-4.137872522e-13
1.162470543e-09
-4.232750546e-13
1.17512536e-09
-4.301352578e-13
1.186256792e-09
-4.340027444e-13
1.195941264e-09
-4.350098914e-13
1.204252502e-09
-4.328880778e-13
1.21126063e-09
-4.278244369e-13
1.217033393e-09
-4.196662579e-13
1.221635072e-09
-4.086346555e-13
1.225127822e-09
-3.94716998e-13
1.227570569e-09
-3.78152583e-13
1.229020282e-09
-3.59039411e-13
1.229530876e-09
-3.376365613e-13
1.229154505e-09
-3.141509632e-13
1.227940484e-09
-2.888528302e-13
1.22593654e-09
-2.620218816e-13
1.22318772e-09
-2.339295952e-13
1.219737624e-09
-2.049019677e-13
1.21562734e-09
-1.752168678e-13
1.210896723e-09
-1.452058858e-13
1.205583233e-09
-1.151362438e-13
1.199723202e-09
-8.531965324e-14
1.193350721e-09
-5.6021839e-14
1.186498979e-09
-2.749905376e-14
1.179198976e-09
1.171480922e-09
-1.945777111e-15
4.55769733e-11
-7.630547411e-15
1.333658245e-10
-1.689177021e-14
2.162646735e-10
-2.957470269e-14
2.944780954e-10
-4.553856968e-14
3.682035017e-10
-6.461546775e-14
4.376312944e-10
-8.664209307e-14
5.029450246e-10
-1.114663367e-13
5.643216101e-10
-1.389192678e-13
6.219315246e-10
-1.687240217e-13
6.759388663e-10
-2.006075817e-13
7.265016627e-10
-2.343661407e-13
7.737721587e-10
-2.695983162e-13
8.17896685e-10
-3.059602851e-13
8.590160632e-10
-3.431549211e-13
8.972659244e-10
-3.806280588e-13
9.327763574e-10
-4.181011613e-13
9.656727587e-10
-4.550169674e-13
9.960754246e-10
-4.910009487e-13
1.024100006e-09
-5.255775794e-13
1.049857765e-09
-5.583040731e-13
1.073455244e-09
-5.887847271e-13
1.094995213e-09
-6.165640294e-13
1.114575808e-09
-6.413192648e-13
1.132291781e-09
-6.626317425e-13
1.148233473e-09
-6.802494003e-13
1.16248816e-09
-6.938478039e-13
1.175138958e-09
-7.032530061e-13
1.186266197e-09
-7.0826106e-13
1.195946273e-09
-7.087563049e-13
1.204252998e-09
-7.046845641e-13
1.211256558e-09
-6.959921607e-13
1.2170247e-09
-6.827749062e-13
1.221621855e-09
-6.650462388e-13
1.225110093e-09
-6.430552532e-13
1.227548578e-09
-6.168592293e-13
1.228994086e-09
-5.868380816e-13
1.229500855e-09
-5.53102066e-13
1.229120769e-09
-5.161486473e-13
1.227903531e-09
-4.76123037e-13
1.225896515e-09
-4.335970508e-13
1.223145194e-09
-3.887531554e-13
1.21969278e-09
-3.422058612e-13
1.215580792e-09
-2.941720567e-13
1.210848689e-09
-2.452609031e-13
1.205534322e-09
-1.956956123e-13
1.199673637e-09
-1.460758267e-13
1.193301102e-09
-9.661335158e-14
1.186449516e-09
-4.786190473e-14
1.179150224e-09
1.17143306e-09
-3.122717293e-15
4.558009601e-11
-1.224116046e-14
1.333749429e-10
-2.705206627e-14
2.162794844e-10
-4.723868781e-14
2.944982821e-10
-7.248854237e-14
3.682287516e-10
-1.024805882e-13
4.376612864e-10
-1.36905216e-13
5.029794492e-10
-1.754333335e-13
5.643601382e-10
-2.176564461e-13
6.219737477e-10
-2.631342653e-13
6.759843441e-10
-3.114943509e-13
7.265500228e-10
-3.622354691e-13
7.738228998e-10
-4.147770612e-13
8.179492266e-10
-4.687056777e-13
8.590699918e-10
-5.233491608e-13
8.973205679e-10
-5.781368757e-13
9.328311451e-10
-6.325078839e-13
9.657271297e-10
-6.85733001e-13
9.961286497e-10
-7.373657667e-13
1.024151639e-09
-7.866049907e-13
1.049907004e-09
-8.3305784e-13
1.073501697e-09
-8.759660208e-13
1.095038121e-09
-9.149690281e-13
1.114614811e-09
-9.493959125e-13
1.132326208e-09
-9.789523019e-13
1.14826303e-09
-1.003066768e-12
1.162512275e-09
-1.021570557e-12
1.175157462e-09
-1.033996598e-12
1.186278623e-09
-1.040317193e-12
1.195952593e-09
-1.040163389e-12
1.204252844e-09
-1.033671802e-12
1.211250067e-09
-1.020593414e-12
1.217011622e-09
-1.00120462e-12
1.221602466e-09
-9.754120586e-13
1.2250843e-09
-9.43604853e-13
1.22751677e-09
-9.058349722e-13
1.228956316e-09
-8.625687173e-13
1.229457589e-09
-8.140163578e-13
1.229072216e-09
-7.607108109e-13
1.227850225e-09
-7.029808679e-13
1.225838785e-09
-6.414074103e-13
1.223083621e-09
-5.76404167e-13
1.219627777e-09
-5.085949899e-13
1.215512983e-09
-4.384399945e-13
1.210778534e-09
-3.665754501e-13
1.205462458e-09
-2.934677871e-13
1.199600529e-09
-2.197689388e-13
1.193227403e-09
-1.459102573e-13
1.186375657e-09
-7.254203868e-14
1.179076856e-09
1.171360518e-09
-4.553027579e-15
-1.784338156e-14
-3.938777953e-14
-6.868164456e-14
-1.052125641e-13
-1.484828566e-13
-1.979650738e-13
-2.530744029e-13
-3.131861381e-13
-3.777068416e-13
-4.459881554e-13
-5.172381883e-13
-5.907844815e-13
-6.658650466e-13
-7.415774928e-13
-8.172559149e-13
-8.919329893e-13
-9.648707428e-13
-1.035216661e-12
-1.102161749e-12
1.049973949e-09
-1.164981167e-12
1.073564517e-09
-1.222861458e-12
1.095096002e-09
-1.275208448e-12
1.114667158e-09
-1.321265487e-12
1.132372265e-09
-1.360572333e-12
1.148302336e-09
-1.392495457e-12
1.162544198e-09
-1.416723328e-12
1.17518169e-09
-1.432784186e-12
1.186294684e-09
-1.440498924e-12
1.195960308e-09
-1.439589461e-12
1.204251934e-09
-1.4300194e-12
1.211240497e-09
-1.41171322e-12
1.216993316e-09
-1.384773167e-12
1.221575526e-09
-1.349340953e-12
1.225048868e-09
-1.305634967e-12
1.227473064e-09
-1.253989052e-12
1.22890467e-09
-1.194737786e-12
1.229398337e-09
-1.128395087e-12
1.229005873e-09
-1.05539148e-12
1.227777222e-09
-9.763806003e-13
1.225759774e-09
-8.918673628e-13
1.222999108e-09
-8.026116713e-13
1.219538522e-09
-7.091845915e-13
1.215419556e-09
-6.123951923e-13
1.210681744e-09
-5.128534176e-13
1.205362916e-09
-4.113841051e-13
1.19949906e-09
-3.086270385e-13
1.193124646e-09
-2.053733108e-13
1.186272404e-09
-1.022645636e-13
1.178973747e-09
1.171258254e-09
-1.482504175e-12
-1.564898165e-12
-1.6407178e-12
-1.708966443e-12
-1.768944163e-12
-1.819825758e-12
-1.861077443e-12
-1.892058758e-12
-1.912431964e-12
-1.921735337e-12
-1.91987065e-12
-1.906552967e-12
-1.881929405e-12
-1.845904313e-12
-1.798863377e-12
-1.74088082e-12
-1.672545733e-12
-1.594129788e-12
-1.506393435e-12
-1.409770902e-12
-1.305161626e-12
-1.193128945e-12
-1.074686885e-12
-9.505023086e-13
-8.216481545e-13
-6.88854057e-13
-5.532331143e-13
-4.155440706e-13
-2.76897725e-13
-1.380286925e-13
)
;

boundaryField
{
    front_top
    {
        type            wedge;
        value           nonuniform List<scalar> 
1167
(
-8.405824615e-26
-4.783825508e-25
-3.210651712e-25
-1.932454869e-25
-1.718540105e-25
-8.030808084e-26
9.169336229e-26
3.475611303e-25
-2.79796491e-25
-9.887331892e-25
-1.618922176e-26
3.651453481e-25
-2.932995178e-26
2.773337485e-26
-1.003846522e-25
-2.342540227e-25
-1.436174732e-25
-8.132330566e-26
-3.533916545e-26
1.381946474e-26
2.216670395e-26
4.25831989e-26
1.185452104e-25
-8.447241235e-25
-1.008282343e-24
-1.490218054e-24
-1.146130313e-24
-1.102297584e-24
-8.911859616e-25
-3.931146604e-25
-6.304409501e-25
-1.318247088e-24
-1.392752447e-24
-6.668719692e-25
-6.274663384e-25
-6.650069766e-25
-3.061110376e-25
-6.887759703e-25
-1.097168759e-24
-6.232337936e-25
-2.957783152e-25
1.652145657e-26
3.897359668e-25
6.89729484e-25
1.092898167e-24
1.735624227e-24
2.744720643e-24
2.816763005e-24
2.261641054e-24
2.402545114e-24
2.392668993e-24
2.712880238e-24
3.084249915e-24
3.075467256e-24
2.935793337e-24
2.376633628e-24
2.316376681e-24
2.66302605e-24
2.628780013e-24
2.607153493e-24
1.975413313e-24
1.0978875e-24
7.652235972e-25
3.375841615e-25
-3.418006991e-25
-1.13407518e-24
-2.450851643e-24
-4.00041206e-24
-5.522577831e-24
-1.943483264e-24
-2.161873754e-24
-2.644265179e-24
-2.515147537e-24
-2.775282489e-24
-2.346765999e-24
-1.913218029e-24
-1.936211167e-24
-1.951332673e-24
-2.564972066e-24
-2.62099486e-24
-1.967252634e-24
-1.635306323e-24
-1.668111012e-24
-1.629551981e-24
-1.384847907e-24
-1.001599012e-24
-5.314673778e-25
9.832813667e-26
8.775389847e-25
1.787615316e-24
2.912289495e-24
4.336411208e-24
3.236305012e-24
3.186077528e-24
3.005807453e-24
3.045896702e-24
3.015070096e-24
3.132159958e-24
3.494611405e-24
3.718867561e-24
3.644820747e-24
3.137964267e-24
2.718598306e-24
3.010285849e-24
3.257628809e-24
2.91779264e-24
2.412031197e-24
1.811623333e-24
1.124014325e-24
4.158379375e-25
-5.261787107e-25
-1.734848412e-24
-3.075631764e-24
-4.724671423e-24
-6.875570206e-24
9.502225853e-25
1.000692902e-24
9.20367124e-25
8.973201098e-25
8.994394558e-25
9.529951127e-25
1.138210128e-24
1.321867933e-24
1.263288596e-24
9.607207989e-25
7.200604033e-25
9.531955955e-25
1.162137747e-24
9.785476732e-25
7.716007027e-25
5.450130626e-25
3.049414756e-25
3.686783488e-26
-3.069977949e-25
-7.151965048e-25
-1.162053538e-24
-1.714111931e-24
-2.421423657e-24
-2.596005198e-24
-2.446005314e-24
-2.503352489e-24
-2.582738834e-24
-2.580024197e-24
-2.618144626e-24
-2.47909086e-24
-2.304703906e-24
-2.387769924e-24
-2.565417228e-24
-2.664679572e-24
-2.37012313e-24
-2.047172554e-24
-1.955519877e-24
-1.767472673e-24
-1.462009423e-24
-1.021838576e-24
-5.184836688e-25
1.08501869e-25
9.443570205e-25
1.989864455e-24
3.264600624e-24
4.811158658e-24
-2.206226652e-23
-2.222108571e-23
-2.243356014e-23
-2.251863036e-23
-2.261907218e-23
-2.275158997e-23
-2.285590986e-23
-2.284576152e-23
-2.273021884e-23
-2.258565925e-23
-2.219984585e-23
-2.120369865e-23
-1.981635474e-23
-1.814469746e-23
-1.570706281e-23
-1.267978112e-23
-8.654395234e-24
-3.476252879e-24
2.817875828e-24
1.07497102e-23
2.046438864e-23
3.230659353e-23
4.671459529e-23
3.16308925e-23
3.172824633e-23
3.198275e-23
3.235834382e-23
3.279243261e-23
3.309206116e-23
3.315655529e-23
3.314488589e-23
3.305454246e-23
3.254663666e-23
3.172367648e-23
3.056399805e-23
2.88580194e-23
2.62373619e-23
2.267116509e-23
1.796001843e-23
1.188844555e-23
4.401074774e-24
-4.995181601e-24
-1.665718604e-23
-3.094165627e-23
-4.836976578e-23
-6.942071464e-23
-7.079468343e-25
-8.004979025e-25
-7.650169802e-25
-7.430588797e-25
-5.752910464e-25
-5.272813674e-25
-6.351536593e-25
-6.495457454e-25
-6.34095643e-25
-6.529113261e-25
-7.138983861e-25
-6.11775028e-25
-4.372948019e-25
-4.220431276e-25
-4.044982735e-25
-3.831327249e-25
-4.017880956e-25
-3.410850702e-25
-1.641977879e-25
3.023390029e-26
2.40252633e-25
4.94601459e-25
8.536717442e-25
-2.005356696e-23
-2.015387194e-23
-2.036004839e-23
-2.049418521e-23
-2.051365275e-23
-2.071586084e-23
-2.086627948e-23
-2.085020447e-23
-2.074945936e-23
-2.050565568e-23
-2.00261248e-23
-1.91229288e-23
-1.786559488e-23
-1.62193439e-23
-1.400632248e-23
-1.120586756e-23
-7.445463331e-24
-2.691474728e-24
3.208023454e-24
1.062639062e-23
1.964332262e-23
3.062059213e-23
4.399016963e-23
1.175262699e-23
1.183461125e-23
1.180331585e-23
1.198721632e-23
1.2155696e-23
1.212952436e-23
1.217840436e-23
1.222824382e-23
1.215281121e-23
1.193854918e-23
1.167221869e-23
1.121463661e-23
1.053565193e-23
9.58613918e-24
8.204752412e-24
6.344407338e-24
4.046477616e-24
1.108681329e-24
-2.554518126e-24
-6.994336917e-24
-1.23777656e-23
-1.895413033e-23
-2.701364063e-23
-4.481568725e-24
-4.515950806e-24
-4.595225167e-24
-4.540476923e-24
-4.604661191e-24
-4.749566553e-24
-4.686005341e-24
-4.720306347e-24
-4.710016696e-24
-4.576361719e-24
-4.453902326e-24
-4.372410716e-24
-4.036153612e-24
-3.52464941e-24
-3.076600369e-24
-2.505294801e-24
-1.717298228e-24
-6.840113397e-25
6.056079783e-25
2.253338763e-24
4.29689762e-24
6.77204728e-24
9.738861174e-24
-3.120612393e-23
-3.139655956e-23
-3.164587586e-23
-3.183266989e-23
-3.209935444e-23
-3.239712919e-23
-3.248259021e-23
-3.247287213e-23
-3.227587054e-23
-3.173926789e-23
-3.092033606e-23
-2.971154389e-23
-2.774501415e-23
-2.496306466e-23
-2.138397719e-23
-1.669981507e-23
-1.066280805e-23
-3.043858588e-24
6.490340974e-24
1.831770486e-23
3.280608048e-23
5.04285377e-23
7.176377228e-23
8.512721805e-24
8.553202107e-24
8.612490713e-24
8.659408628e-24
8.703526677e-24
8.689789815e-24
8.726179872e-24
8.731084008e-24
8.719247193e-24
8.653424152e-24
8.382426749e-24
7.924420587e-24
7.434774806e-24
6.773157882e-24
5.722395302e-24
4.385468547e-24
2.671531037e-24
4.340056997e-25
-2.294765524e-24
-5.567127711e-24
-9.585723613e-24
-1.448037006e-23
-2.041590696e-23
6.143220638e-23
6.171624782e-23
6.211790221e-23
6.252509791e-23
6.293220415e-23
6.328261988e-23
6.352152468e-23
6.351565764e-23
6.310886698e-23
6.215253993e-23
6.044786029e-23
5.77273528e-23
5.383071693e-23
4.847045917e-23
4.117328591e-23
3.166132493e-23
1.941299312e-23
3.849833045e-24
-1.544783557e-23
-3.917373375e-23
-6.821172843e-23
-1.035209335e-22
-1.462697565e-22
5.986562956e-24
6.014737624e-24
6.042918941e-24
6.044145758e-24
6.054426615e-24
6.08229476e-24
6.08794255e-24
6.098651027e-24
6.080953976e-24
5.966324888e-24
5.81389871e-24
5.550558056e-24
5.14460112e-24
4.620987558e-24
3.895683949e-24
2.934618716e-24
1.684159875e-24
9.53916348e-26
-1.84574954e-24
-4.203110094e-24
-7.08084491e-24
-1.057464379e-23
-1.480784226e-23
-9.574847454e-24
-9.611358494e-24
-9.691344113e-24
-9.804592906e-24
-9.90022115e-24
-9.966100275e-24
-1.001108957e-23
-9.958825216e-24
-9.87172548e-24
-9.744549005e-24
-9.46818002e-24
-9.020884785e-24
-8.41296522e-24
-7.562063838e-24
-6.395684001e-24
-4.937334989e-24
-3.066792759e-24
-6.446652133e-25
2.365699743e-24
6.086010332e-24
1.064737977e-23
1.620122704e-23
2.29131377e-23
-9.928496318e-23
-9.971002508e-23
-1.003698734e-22
-1.010811623e-22
-1.017485292e-22
-1.02303328e-22
-1.026210976e-22
-1.024674248e-22
-1.01664941e-22
-9.996197699e-23
-9.706434715e-23
-9.25845796e-23
-8.608873009e-23
-7.70763289e-23
-6.499708875e-23
-4.922036791e-23
-2.898334894e-23
-3.421434548e-24
2.841634376e-23
6.763012838e-23
1.155675622e-22
1.738060069e-22
2.442132498e-22
5.263803965e-23
5.29125302e-23
5.3197231e-23
5.349647375e-23
5.38274927e-23
5.412372412e-23
5.42402766e-23
5.413873814e-23
5.373468141e-23
5.282631827e-23
5.118776679e-23
4.874326462e-23
4.528527994e-23
4.045198157e-23
3.397373489e-23
2.548951612e-23
1.461492454e-23
9.041680828e-25
-1.614839383e-23
-3.719614498e-23
-6.286531872e-23
-9.39704478e-23
-1.316017588e-22
-1.769604406e-22
-1.555187144e-23
-1.553701847e-23
-1.56465005e-23
-1.580165799e-23
-1.590744321e-23
-1.596307026e-23
-1.605871586e-23
-1.603956089e-23
-1.583491587e-23
-1.556306554e-23
-1.516009798e-23
-1.446708509e-23
-1.34253983e-23
-1.199357243e-23
-1.009161611e-23
-7.607070918e-24
-4.413038024e-24
-3.870284303e-25
4.640212935e-24
1.078321204e-23
1.833840055e-23
2.755522204e-23
3.863756691e-23
5.199632197e-23
-2.211493948e-23
-2.213262511e-23
-2.224166281e-23
-2.245260298e-23
-2.258518957e-23
-2.266342346e-23
-2.277360063e-23
-2.274928399e-23
-2.249212602e-23
-2.206153441e-23
-2.144464395e-23
-2.046316476e-23
-1.898095281e-23
-1.6915854e-23
-1.41874844e-23
-1.061609817e-23
-6.020141452e-24
-2.45153852e-25
6.951658153e-24
1.580731231e-23
2.664296674e-23
3.980654694e-23
5.568507873e-23
7.481142648e-23
9.554839506e-24
9.65684292e-24
9.716445876e-24
9.74019411e-24
9.80205923e-24
9.844408999e-24
9.813614122e-24
9.759064302e-24
9.70966593e-24
9.557577141e-24
9.207193741e-24
8.711177723e-24
8.046374101e-24
7.151771445e-24
5.911761554e-24
4.306856143e-24
2.289673002e-24
-3.089111546e-25
-3.530761465e-24
-7.46713778e-24
-1.226617667e-23
-1.807644037e-23
-2.509885799e-23
-3.354255892e-23
1.482252249e-23
1.49226027e-23
1.501971109e-23
1.509597998e-23
1.517522314e-23
1.523756261e-23
1.523298939e-23
1.515184569e-23
1.502202083e-23
1.475864282e-23
1.425451926e-23
1.350972949e-23
1.247574764e-23
1.106381036e-23
9.155252663e-24
6.685478233e-24
3.530848835e-24
-4.848270019e-25
-5.466751919e-24
-1.157805737e-23
-1.902722854e-23
-2.805385e-23
-3.895291986e-23
-5.207257769e-23
-3.439704991e-23
-3.449872971e-23
-3.464328977e-23
-3.483416114e-23
-3.504099637e-23
-3.518183403e-23
-3.526017542e-23
-3.518872124e-23
-3.483283481e-23
-3.416590727e-23
-3.309945825e-23
-3.147297684e-23
-2.911565748e-23
-2.586530183e-23
-2.153189939e-23
-1.583173486e-23
-8.534096791e-24
6.260518772e-25
1.204688584e-23
2.611571988e-23
4.327873744e-23
6.407348142e-23
8.915776001e-23
1.193421554e-22
4.455664675e-23
4.47449122e-23
4.499097766e-23
4.524302564e-23
4.548697582e-23
4.565787735e-23
4.567020663e-23
4.547177148e-23
4.501962162e-23
4.415689058e-23
4.26896571e-23
4.049134038e-23
3.738086128e-23
3.309930891e-23
2.737935954e-23
1.994250173e-23
1.039218833e-23
-1.676057269e-24
-1.66667625e-23
-3.509518088e-23
-5.756156842e-23
-8.478439214e-23
-1.176260371e-22
-1.571436871e-22
7.019111639e-23
7.046417968e-23
7.083811726e-23
7.12006885e-23
7.157240214e-23
7.182699367e-23
7.183918149e-23
7.156888737e-23
7.081718711e-23
6.941196577e-23
6.710854367e-23
6.363811042e-23
5.873094214e-23
5.19647208e-23
4.29338674e-23
3.118926295e-23
1.609913099e-23
-2.954135961e-24
-2.662684975e-23
-5.573401428e-23
-9.121605403e-23
-1.34202601e-22
-1.860454838e-22
-2.483992111e-22
-2.503867676e-23
-2.508174157e-23
-2.515123182e-23
-2.528973133e-23
-2.541517171e-23
-2.551140378e-23
-2.555695505e-23
-2.547307852e-23
-2.522270194e-23
-2.472527284e-23
-2.392797797e-23
-2.274509307e-23
-2.10072118e-23
-1.860919978e-23
-1.540614217e-23
-1.122528571e-23
-5.885921088e-24
8.572673347e-25
9.258083132e-24
1.959284528e-23
3.221253475e-23
4.747046315e-23
6.584725107e-23
8.796692819e-23
-4.068339365e-23
-4.076649717e-23
-4.088684675e-23
-4.110096796e-23
-4.130935835e-23
-4.145054393e-23
-4.148419348e-23
-4.13275691e-23
-4.090508465e-23
-4.007627014e-23
-3.875984018e-23
-3.682142501e-23
-3.398299968e-23
-3.00510468e-23
-2.482707044e-23
-1.800745314e-23
-9.280757522e-24
1.732825873e-24
1.544777363e-23
3.231713528e-23
5.289561898e-23
7.77757525e-23
1.07762509e-22
1.438443539e-22
-1.823042277e-23
-1.823882132e-23
-1.827057999e-23
-1.835241917e-23
-1.845379517e-23
-1.854391402e-23
-1.854237801e-23
-1.846962607e-23
-1.830101264e-23
-1.793774189e-23
-1.734979313e-23
-1.651368765e-23
-1.526220115e-23
-1.348375061e-23
-1.115276627e-23
-8.100995863e-24
-4.204809942e-24
7.142612054e-25
6.850417671e-24
1.438406559e-23
2.357645319e-23
3.468777312e-23
4.808090658e-23
6.419319285e-23
-4.385750334e-23
-4.394039766e-23
-4.408937664e-23
-4.427625976e-23
-4.446539003e-23
-4.462103973e-23
-4.463282836e-23
-4.442988194e-23
-4.395619649e-23
-4.307395189e-23
-4.163648369e-23
-3.951189287e-23
-3.643930518e-23
-3.218132199e-23
-2.653937659e-23
-1.917845522e-23
-9.746858276e-24
2.156686895e-24
1.699074251e-23
3.523614135e-23
5.746825075e-23
8.43692484e-23
1.167826081e-22
1.557513815e-22
6.875607114e-24
6.916198262e-24
6.961155679e-24
7.015239539e-24
7.044509185e-24
7.023542171e-24
7.012779194e-24
6.99351203e-24
6.87879657e-24
6.686924024e-24
6.429396329e-24
6.031601357e-24
5.533453473e-24
4.901006707e-24
3.999540687e-24
2.812171285e-24
1.295823549e-24
-6.217332242e-25
-2.98468966e-24
-5.898164199e-24
-9.470093659e-24
-1.378871975e-23
-1.898676309e-23
-2.523400421e-23
7.555042038e-23
7.574303945e-23
7.60231487e-23
7.637329477e-23
7.666866698e-23
7.680344685e-23
7.675389364e-23
7.638570591e-23
7.545972201e-23
7.382202857e-23
7.126724661e-23
6.744618046e-23
6.21013773e-23
5.483823818e-23
4.510528734e-23
3.238768022e-23
1.608267851e-23
-4.502423922e-24
-3.012938608e-23
-6.167579468e-23
-1.001454117e-22
-1.46694183e-22
-2.027562275e-22
-2.701405854e-22
2.235210469e-23
2.240375222e-23
2.247938304e-23
2.262283692e-23
2.272233748e-23
2.271580234e-23
2.268171396e-23
2.258890327e-23
2.228150254e-23
2.175281654e-23
2.098644118e-23
1.982899478e-23
1.823887609e-23
1.610379388e-23
1.322526504e-23
9.452226074e-24
4.619298841e-24
-1.480980974e-24
-9.074235138e-24
-1.841940838e-23
-2.983238645e-23
-4.364207097e-23
-6.026323076e-23
-8.024759003e-23
-4.748372154e-23
-4.758397245e-23
-4.774111472e-23
-4.784145577e-23
-4.798359182e-23
-4.813128479e-23
-4.809409319e-23
-4.781725221e-23
-4.729361113e-23
-4.633461617e-23
-4.47494814e-23
-4.243199754e-23
-3.911926502e-23
-3.454673783e-23
-2.848436243e-23
-2.059070635e-23
-1.045033296e-23
2.363931726e-24
1.833994309e-23
3.801466929e-23
6.199732518e-23
9.101464627e-23
1.259612317e-22
1.679620306e-22
4.820905837e-23
4.828749022e-23
4.842327309e-23
4.866250856e-23
4.883223704e-23
4.885472841e-23
4.879985416e-23
4.853841297e-23
4.78969582e-23
4.682096405e-23
4.519683633e-23
4.276475462e-23
3.936893541e-23
3.478992226e-23
2.86412191e-23
2.058634805e-23
1.027966647e-23
-2.734385143e-24
-1.896654721e-23
-3.896545727e-23
-6.335154472e-23
-9.286493514e-23
-1.284242832e-22
-1.711626301e-22
1.829183798e-23
1.834236389e-23
1.847011032e-23
1.85429961e-23
1.850608792e-23
1.848956988e-23
1.838556751e-23
1.810807348e-23
1.768194462e-23
1.705855974e-23
1.611187242e-23
1.481117279e-23
1.31069494e-23
1.07803801e-23
7.713438949e-24
3.814613198e-24
-1.11100695e-24
-7.25644855e-24
-1.483171569e-23
-2.406985094e-23
-3.525274707e-23
-4.873713973e-23
-6.494461725e-23
-6.782313993e-23
-6.797515576e-23
-6.812105064e-23
-6.827668644e-23
-6.841159173e-23
-6.830794425e-23
-6.791232914e-23
-6.711017917e-23
-6.567669618e-23
-6.343675303e-23
-6.015438574e-23
-5.548337118e-23
-4.906821289e-23
-4.056842092e-23
-2.949121995e-23
-1.524460355e-23
2.772628483e-24
2.525777908e-23
5.297123134e-23
8.67894798e-23
1.277163148e-22
1.770020085e-22
2.362470707e-22
1.978145355e-23
1.984275504e-23
1.994686161e-23
2.002267933e-23
1.998531589e-23
1.994186561e-23
1.980796994e-23
1.952633191e-23
1.909558737e-23
1.841074817e-23
1.7399865e-23
1.602944145e-23
1.418341593e-23
1.169738473e-23
8.441623328e-24
4.271090157e-24
-9.885063885e-25
-7.552512544e-24
-1.565231109e-23
-2.553500189e-23
-3.750287558e-23
-5.192751932e-23
-6.927372551e-23
-1.992577597e-23
-1.994588017e-23
-1.994114002e-23
-1.995174265e-23
-2.002146902e-23
-1.99946991e-23
-1.988404748e-23
-1.965834186e-23
-1.923407441e-23
-1.860239419e-23
-1.767263849e-23
-1.63240881e-23
-1.448269209e-23
-1.204307824e-23
-8.84638333e-24
-4.75408044e-24
4.319160252e-25
6.922063195e-24
1.491935486e-23
2.4690315e-23
3.651522107e-23
5.07534082e-23
6.785854531e-23
-1.297054641e-23
-1.297590145e-23
-1.29503139e-23
-1.294716158e-23
-1.300340397e-23
-1.298366785e-23
-1.291253838e-23
-1.277494417e-23
-1.250274905e-23
-1.210309237e-23
-1.150704228e-23
-1.064261719e-23
-9.463443628e-24
-7.899888075e-24
-5.839534911e-24
-3.209974264e-24
1.17684609e-25
4.295042704e-24
9.441817237e-24
1.573085516e-23
2.33426065e-23
3.251272263e-23
4.351956775e-23
-2.240148567e-24
-2.226987835e-24
-2.190907252e-24
-2.177009429e-24
-2.20682626e-24
-2.209136984e-24
-2.210492235e-24
-2.205005616e-24
-2.167349263e-24
-2.11968336e-24
-2.036834217e-24
-1.900352468e-24
-1.714633162e-24
-1.466409312e-24
-1.123390786e-24
-7.032083619e-25
-1.733329082e-25
5.138687134e-25
1.357956579e-24
2.384669792e-24
3.625911829e-24
5.121903783e-24
6.907776534e-24
-6.183516301e-24
-6.175455002e-24
-6.154047059e-24
-6.149503421e-24
-6.164369471e-24
-6.15237747e-24
-6.127841782e-24
-6.072017112e-24
-5.953266501e-24
-5.774514312e-24
-5.502392213e-24
-5.104966386e-24
-4.567316675e-24
-3.848652037e-24
-2.885897154e-24
-1.67843477e-24
-1.57245342e-25
1.782139189e-24
4.175099965e-24
7.085683861e-24
1.061187503e-23
1.486504606e-23
1.997050547e-23
2.162466725e-25
2.284721804e-25
2.539237764e-25
2.679621329e-25
2.567055468e-25
2.521343776e-25
2.330121763e-25
2.083082946e-25
1.934805321e-25
1.60936239e-25
1.310288137e-25
1.054633587e-25
6.208791364e-26
1.385617239e-26
-2.537359661e-26
-1.033993752e-25
-2.075465757e-25
-3.091740752e-25
-4.305017159e-25
-5.912612963e-25
-7.871243966e-25
-1.019994638e-24
-1.309251626e-24
1.911101785e-23
1.912743332e-23
1.916573883e-23
1.919372396e-23
1.917103606e-23
1.910950468e-23
1.89566939e-23
1.868493547e-23
1.827202367e-23
1.762802421e-23
1.671992905e-23
1.546819058e-23
1.374941756e-23
1.149199128e-23
8.567390629e-24
4.781565798e-24
-1.252328913e-26
-5.984571545e-24
-1.336225038e-23
-2.238606474e-23
-3.332903262e-23
-4.652688687e-23
-6.240164226e-23
5.654583301e-25
5.777110021e-25
5.955400604e-25
6.100181126e-25
5.969510078e-25
5.909891901e-25
5.761603495e-25
5.522846e-25
5.31411275e-25
4.865575065e-25
4.429159633e-25
3.922367475e-25
3.167221304e-25
2.349760704e-25
1.391503033e-25
-6.060140102e-27
-1.865313898e-25
-3.956546695e-25
-6.503458187e-25
-9.548949554e-25
-1.333487842e-24
-1.799407387e-24
-2.36037098e-24
-1.049171249e-24
-1.03740207e-24
-1.019590228e-24
-1.005905689e-24
-1.01603216e-24
-1.024890102e-24
-1.023530839e-24
-1.016347827e-24
-1.004847444e-24
-9.976423591e-25
-9.690770963e-25
-9.184057548e-25
-8.549101296e-25
-7.486460297e-25
-6.057690396e-25
-4.404951666e-25
-2.277966676e-25
5.340739265e-26
4.04652382e-25
8.443717009e-25
1.367609599e-24
1.984549519e-24
2.726871317e-24
4.709094588e-24
4.716041222e-24
4.73562406e-24
4.743518376e-24
4.720534277e-24
4.684859321e-24
4.646715972e-24
4.584088345e-24
4.470212731e-24
4.2944381e-24
4.060095581e-24
3.753559443e-24
3.329610467e-24
2.788486288e-24
2.087350106e-24
1.174214111e-24
2.518956342e-26
-1.403474933e-24
-3.162723439e-24
-5.31185888e-24
-7.926581406e-24
-1.108759598e-23
-1.48909423e-23
-6.765963346e-24
-6.741739118e-24
-6.716151285e-24
-6.699248342e-24
-6.693435647e-24
-6.681845152e-24
-6.627766297e-24
-6.531122222e-24
-6.402458549e-24
-6.217884304e-24
-5.940491951e-24
-5.536291136e-24
-5.000574608e-24
-4.274493796e-24
-3.329505426e-24
-2.127756358e-24
-6.028311139e-25
1.311846917e-24
3.68883935e-24
6.598977969e-24
1.012100485e-23
1.435601684e-23
1.944312018e-23
1.254996772e-24
1.259899295e-24
1.278712954e-24
1.293259654e-24
1.275265134e-24
1.242955987e-24
1.233396265e-24
1.226392368e-24
1.183231216e-24
1.113687193e-24
1.031475598e-24
9.519938158e-25
8.313065868e-25
6.816675904e-25
4.906032676e-25
2.401468301e-25
-6.726851284e-26
-4.462070829e-25
-9.098121653e-25
-1.47576064e-24
-2.167780185e-24
-3.008340058e-24
-4.02268739e-24
)
;
    }
    front_middle
    {
        type            wedge;
        value           nonuniform 0();
    }
    front_bottom
    {
        type            wedge;
        value           nonuniform 0();
    }
    back_top
    {
        type            wedge;
        value           nonuniform List<scalar> 
1167
(
-7.760311112e-26
3.158420827e-25
1.573125163e-25
2.797969334e-26
5.152624667e-27
-8.779252127e-26
-2.60895904e-25
-5.17128905e-25
1.107255212e-25
8.213885343e-25
-1.475294717e-25
-5.229313767e-25
-1.19723298e-25
-1.642365898e-25
-1.90146952e-26
1.37247433e-25
7.55242504e-26
5.004154131e-26
5.013318151e-26
5.792938411e-26
1.195783522e-25
1.847332423e-25
2.127657335e-25
-9.24551381e-25
-7.704847573e-25
-3.019521004e-25
-6.618668368e-25
-7.211949411e-25
-9.475456253e-25
-1.45688688e-24
-1.223227254e-24
-5.298704702e-25
-4.356226394e-25
-1.121351229e-24
-1.095662804e-24
-9.616012831e-25
-1.182625959e-24
-6.126269005e-25
4.140863041e-26
-1.152719067e-25
-3.941619833e-26
1.526237066e-25
4.030884988e-25
8.696787148e-25
1.40312475e-24
1.898219307e-24
2.541540471e-24
2.497125933e-24
3.092275092e-24
2.996951037e-24
3.052586398e-24
2.777080226e-24
2.437483198e-24
2.456519674e-24
2.578854251e-24
3.076914653e-24
3.015981573e-24
2.474236503e-24
2.217792854e-24
1.825965528e-24
1.897695241e-24
2.039943169e-24
1.422882719e-24
6.448770047e-25
-1.821605943e-25
-1.253180096e-24
-2.226100327e-24
-3.472101785e-24
-5.344539355e-24
-2.323065046e-24
-2.12737982e-24
-1.677277568e-24
-1.842576066e-24
-1.619861838e-24
-2.083947472e-24
-2.542356778e-24
-2.528012906e-24
-2.498435333e-24
-1.834374455e-24
-1.680248032e-24
-2.175806293e-24
-2.271193428e-24
-1.903255411e-24
-1.488575597e-24
-1.136940691e-24
-7.499521619e-25
-2.434594247e-25
3.46932969e-25
1.077842074e-24
2.023102492e-24
3.162474941e-24
4.487386045e-24
3.280007858e-24
3.36572094e-24
3.594722184e-24
3.609404666e-24
3.697735926e-24
3.633718879e-24
3.308490946e-24
3.097635251e-24
3.148273572e-24
3.576591724e-24
3.84546153e-24
3.30992882e-24
2.697916232e-24
2.523553386e-24
2.333764417e-24
2.017786393e-24
1.522722978e-24
7.326423361e-25
-1.978766168e-25
-1.307211521e-24
-2.812973316e-24
-4.636318057e-24
-6.7019339e-24
1.254201971e-24
1.215783833e-24
1.312322369e-24
1.353907274e-24
1.37108774e-24
1.335007817e-24
1.162319882e-24
9.829846407e-25
1.033062643e-24
1.30868824e-24
1.497905409e-24
1.181290754e-24
8.479256066e-25
8.565399121e-25
8.266403684e-25
7.411145273e-25
5.788378209e-25
3.373211318e-25
4.412844803e-26
-3.361079865e-25
-8.569454008e-25
-1.485145185e-24
-2.211074018e-24
-2.072555921e-24
-2.247984811e-24
-2.224569686e-24
-2.184157997e-24
-2.22714943e-24
-2.225393705e-24
-2.390568126e-24
-2.573348547e-24
-2.471210518e-24
-2.235458211e-24
-2.025715454e-24
-2.141374549e-24
-2.198668048e-24
-1.917045841e-24
-1.599777152e-24
-1.239788984e-24
-8.226464229e-25
-2.402091695e-25
4.900477451e-25
1.333221652e-24
2.347847858e-24
3.585521541e-24
5.089443941e-24
-2.165669376e-23
-2.173531398e-23
-2.18365838e-23
-2.211246697e-23
-2.238459235e-23
-2.258701776e-23
-2.272199191e-23
-2.280308611e-23
-2.272903497e-23
-2.231632875e-23
-2.16509035e-23
-2.095079381e-23
-1.982485397e-23
-1.796853648e-23
-1.563273923e-23
-1.237751385e-23
-8.311924732e-24
-3.244913452e-24
3.26330999e-24
1.116369228e-23
2.087064574e-23
3.270917108e-23
4.704564749e-23
3.219749441e-23
3.244237972e-23
3.263914137e-23
3.278601532e-23
3.288728819e-23
3.306805216e-23
3.334516241e-23
3.344588438e-23
3.324143795e-23
3.291609759e-23
3.217799796e-23
3.082882564e-23
2.882674261e-23
2.62474091e-23
2.278124496e-23
1.824271131e-23
1.240754228e-23
4.822038009e-24
-4.611566995e-24
-1.622839252e-23
-3.049206259e-23
-4.786295922e-23
-6.904039115e-23
-2.63281003e-25
-1.758455719e-25
-2.181384612e-25
-2.479284833e-25
-4.237192191e-25
-4.789426755e-25
-3.760734452e-25
-3.627877402e-25
-3.734954262e-25
-3.416565039e-25
-2.564717061e-25
-3.199138282e-25
-4.373492218e-25
-3.726317694e-25
-2.821393394e-25
-1.615235174e-25
3.985585358e-26
2.104084631e-25
3.223061301e-25
4.847639839e-25
7.122929938e-25
9.911322994e-25
1.278891264e-24
-1.970925506e-23
-1.981680665e-23
-1.988578146e-23
-2.006743301e-23
-2.037323832e-23
-2.045968804e-23
-2.050478438e-23
-2.055742628e-23
-2.045179248e-23
-2.014644245e-23
-1.961788993e-23
-1.891560887e-23
-1.780784555e-23
-1.614419729e-23
-1.389109699e-23
-1.08237682e-23
-7.035104669e-24
-2.239467248e-24
3.782118574e-24
1.109216569e-23
2.01262029e-23
3.113756665e-23
4.443478054e-23
1.203435264e-23
1.207498988e-23
1.226820559e-23
1.227168297e-23
1.229430636e-23
1.248815376e-23
1.255175202e-23
1.251726265e-23
1.246096689e-23
1.233803459e-23
1.199018989e-23
1.147270268e-23
1.071926273e-23
9.667386317e-24
8.349264779e-24
6.665010105e-24
4.405704345e-24
1.580348858e-24
-1.949288361e-24
-6.392715313e-24
-1.189172479e-23
-1.856748761e-23
-2.657505476e-23
-4.248088278e-24
-4.257899468e-24
-4.237483762e-24
-4.359969625e-24
-4.364374353e-24
-4.279499065e-24
-4.382242082e-24
-4.350940384e-24
-4.310215853e-24
-4.316583761e-24
-4.209096616e-24
-3.927563274e-24
-3.73168129e-24
-3.5002638e-24
-2.947186573e-24
-2.205075426e-24
-1.30493785e-24
-2.039174069e-25
1.169138842e-24
2.808503498e-24
4.790526819e-24
7.21595532e-24
1.018848674e-23
-3.103490673e-23
-3.115540227e-23
-3.131889849e-23
-3.160709562e-23
-3.181947898e-23
-3.193620228e-23
-3.211495242e-23
-3.212903332e-23
-3.194045347e-23
-3.154237757e-23
-3.069144523e-23
-2.92735797e-23
-2.739676148e-23
-2.482266772e-23
-2.119069535e-23
-1.641709695e-23
-1.030294363e-23
-2.566884483e-24
7.049070516e-24
1.885673295e-23
3.330236796e-23
5.088746221e-23
7.220711227e-23
8.723217192e-24
8.766919518e-24
8.820245324e-24
8.902624622e-24
8.98761035e-24
9.112755031e-24
9.145509473e-24
9.136302027e-24
9.035316377e-24
8.835171825e-24
8.634803391e-24
8.354377864e-24
7.766650245e-24
6.92876761e-24
5.961739197e-24
4.653842905e-24
2.971404943e-24
9.181066142e-25
-1.703024479e-24
-5.030863702e-24
-9.088847308e-24
-1.401822669e-23
-1.998041945e-23
6.159545861e-23
6.190133034e-23
6.229010316e-23
6.278458314e-23
6.327734068e-23
6.36974565e-23
6.391786678e-23
6.385681126e-23
6.341549237e-23
6.241806919e-23
6.069571126e-23
5.806981515e-23
5.418139592e-23
4.871972323e-23
4.146900173e-23
3.192072143e-23
1.969781543e-23
4.35526147e-24
-1.48655367e-23
-3.864363386e-23
-6.771513259e-23
-1.030584013e-22
-1.458396613e-22
6.150758692e-24
6.179545042e-24
6.227782374e-24
6.313586756e-24
6.389780733e-24
6.435205167e-24
6.471727904e-24
6.450753707e-24
6.380255688e-24
6.297062924e-24
6.105340246e-24
5.833542701e-24
5.462331699e-24
4.906977477e-24
4.182742871e-24
3.245401374e-24
2.05952395e-24
5.722837243e-25
-1.319199838e-24
-3.686877119e-24
-6.586646868e-24
-1.011443351e-23
-1.437821199e-23
-9.421063298e-24
-9.471931823e-24
-9.508949728e-24
-9.52856113e-24
-9.564827716e-24
-9.609318922e-24
-9.625073565e-24
-9.655602759e-24
-9.597959484e-24
-9.407548686e-24
-9.135663002e-24
-8.733974096e-24
-8.111468613e-24
-7.255780741e-24
-6.131454527e-24
-4.59123483e-24
-2.614594802e-24
-1.805416232e-25
2.857719768e-24
6.59163612e-24
1.114165177e-23
1.665681635e-23
2.33343431e-23
-9.914841369e-23
-9.961605406e-23
-1.001481872e-22
-1.00790999e-22
-1.014640048e-22
-1.020141153e-22
-1.022789231e-22
-1.02146927e-22
-1.013661812e-22
-9.967157129e-23
-9.674501237e-23
-9.223780369e-23
-8.573643173e-23
-7.674454103e-23
-6.46739421e-23
-4.884982599e-23
-2.855671614e-23
-2.973222909e-24
2.887846581e-23
6.813134461e-23
1.160680808e-22
1.742535524e-22
2.446228799e-22
5.284071907e-23
5.302955902e-23
5.336178203e-23
5.376365154e-23
5.412524827e-23
5.439146009e-23
5.455695876e-23
5.447509047e-23
5.400109613e-23
5.306137248e-23
5.155258167e-23
4.915966183e-23
4.563509795e-23
4.080665931e-23
3.433498398e-23
2.588123496e-23
1.503668832e-23
1.3448871e-24
-1.571769798e-23
-3.668764784e-23
-6.233994388e-23
-9.353198368e-23
-1.311993479e-22
-1.765959115e-22
-1.52891625e-23
-1.543600365e-23
-1.550201853e-23
-1.554639523e-23
-1.563731087e-23
-1.573886896e-23
-1.571770661e-23
-1.56739908e-23
-1.561120335e-23
-1.533056588e-23
-1.479894584e-23
-1.40607239e-23
-1.30401889e-23
-1.16220435e-23
-9.706443861e-24
-7.199419126e-24
-3.994323368e-24
5.186842329e-26
5.072380148e-24
1.130141569e-23
1.885255815e-23
2.796554699e-23
3.902979676e-23
5.23548602e-23
-2.182185016e-23
-2.198686334e-23
-2.212091547e-23
-2.218663664e-23
-2.23258364e-23
-2.246095372e-23
-2.244538337e-23
-2.236704396e-23
-2.222827467e-23
-2.185508452e-23
-2.112113062e-23
-2.004117417e-23
-1.855826014e-23
-1.653004231e-23
-1.377832652e-23
-1.018672005e-23
-5.601254457e-24
2.042854599e-25
7.419755716e-24
1.630603803e-23
2.712624235e-23
4.02298629e-23
5.60762609e-23
7.516189433e-23
9.846534108e-24
9.822804461e-24
9.867642448e-24
9.96245981e-24
1.001678054e-23
1.006399199e-23
1.013137855e-23
1.013492666e-23
1.000319217e-23
9.793354889e-24
9.539178503e-24
9.11570696e-24
8.460059761e-24
7.533650187e-24
6.336887217e-24
4.757595454e-24
2.693857629e-24
1.456413664e-25
-3.0369582e-24
-6.983051962e-24
-1.180246648e-23
-1.765460942e-23
-2.471258884e-23
-3.322317377e-23
1.511486405e-23
1.513131319e-23
1.519072168e-23
1.529192007e-23
1.538570678e-23
1.545428584e-23
1.55075709e-23
1.550163951e-23
1.534256503e-23
1.503734807e-23
1.459712587e-23
1.390993795e-23
1.289064009e-23
1.147374841e-23
9.598682091e-24
7.125463269e-24
3.945719958e-24
-2.700799206e-26
-4.984491917e-24
-1.110438667e-23
-1.857584182e-23
-2.763451012e-23
-3.856282482e-23
-5.171794986e-23
-3.409895018e-23
-3.425381483e-23
-3.44571037e-23
-3.465830823e-23
-3.483285516e-23
-3.497600193e-23
-3.499127622e-23
-3.484521779e-23
-3.452008713e-23
-3.386423563e-23
-3.274513724e-23
-3.106770624e-23
-2.869500288e-23
-2.543425668e-23
-2.106310516e-23
-1.539402728e-23
-8.122857233e-24
1.089768552e-24
1.252740194e-23
2.658395954e-23
4.372187925e-23
6.449050355e-23
8.955327363e-23
1.197170244e-22
4.485663475e-23
4.498803673e-23
4.518217774e-23
4.542468955e-23
4.565857364e-23
4.583870638e-23
4.592704445e-23
4.58184541e-23
4.535554857e-23
4.446460482e-23
4.304960142e-23
4.090219805e-23
3.780112013e-23
3.35398116e-23
2.784368988e-23
2.037209195e-23
1.081924194e-23
-1.203982732e-24
-1.618654467e-23
-3.463447316e-23
-5.713145004e-23
-8.437653658e-23
-1.172316873e-22
-1.567555816e-22
7.050166422e-23
7.070907107e-23
7.100488368e-23
7.139251713e-23
7.174260626e-23
7.201077078e-23
7.212144525e-23
7.187303987e-23
7.114695648e-23
6.97521353e-23
6.747793285e-23
6.406563615e-23
5.914951612e-23
5.241553777e-23
4.341397168e-23
3.161355216e-23
1.653290738e-23
-2.465610748e-24
-2.613650183e-23
-5.527360751e-23
-9.079605996e-23
-1.338019382e-22
-1.856503906e-22
-2.480220809e-22
-2.471975677e-23
-2.483774026e-23
-2.499688136e-23
-2.51146807e-23
-2.523296821e-23
-2.531097465e-23
-2.529698478e-23
-2.51847689e-23
-2.48993847e-23
-2.439356527e-23
-2.355894487e-23
-2.229378965e-23
-2.05434002e-23
-1.815122359e-23
-1.495796327e-23
-1.078784399e-23
-5.425926001e-24
1.328715472e-24
9.723590704e-24
2.005158624e-23
3.261795611e-23
4.785563416e-23
6.62414782e-23
8.833327407e-23
-4.035088935e-23
-4.051730839e-23
-4.075351238e-23
-4.09417589e-23
-4.111260301e-23
-4.123695116e-23
-4.12345415e-23
-4.105221206e-23
-4.058293182e-23
-3.975784114e-23
-3.839856809e-23
-3.633286389e-23
-3.347297599e-23
-2.958491124e-23
-2.437074654e-23
-1.756385817e-23
-8.826846903e-24
2.190306674e-24
1.589213337e-23
3.275295505e-23
5.328509344e-23
7.81728003e-23
1.081674938e-22
1.442080903e-22
-1.790544625e-23
-1.800216636e-23
-1.812244517e-23
-1.821317993e-23
-1.827231091e-23
-1.829243468e-23
-1.82995972e-23
-1.821227909e-23
-1.797534341e-23
-1.759367403e-23
-1.698178769e-23
-1.602605676e-23
-1.473120243e-23
-1.301769593e-23
-1.068861429e-23
-7.657128799e-24
-3.756269936e-24
1.162220539e-24
7.271085418e-24
1.48033693e-23
2.397256593e-23
3.508582728e-23
4.847280092e-23
6.455688651e-23
-4.35544689e-23
-4.371182266e-23
-4.391107369e-23
-4.412416034e-23
-4.430402521e-23
-4.439389588e-23
-4.43761491e-23
-4.417270801e-23
-4.364823497e-23
-4.271166999e-23
-4.123387761e-23
-3.901451137e-23
-3.592064794e-23
-3.172710676e-23
-2.609380248e-23
-1.873732177e-23
-9.301763723e-24
2.604266818e-24
1.741244686e-23
3.56418291e-23
5.786381383e-23
8.476264873e-23
1.171657239e-22
1.561136566e-22
7.163806066e-24
7.159417278e-24
7.167492148e-24
7.174500472e-24
7.201362614e-24
7.258598092e-24
7.265465675e-24
7.216301283e-24
7.168167747e-24
7.065786851e-24
6.853477855e-24
6.552569096e-24
6.060157257e-24
5.335885511e-24
4.427646538e-24
3.252896859e-24
1.740642262e-24
-1.64477031e-25
-2.561971876e-24
-5.507183126e-24
-9.075862314e-24
-1.339819202e-23
-1.860916227e-23
-2.487375758e-23
7.582895569e-23
7.599821982e-23
7.625701848e-23
7.653271413e-23
7.681086956e-23
7.703024326e-23
7.700668227e-23
7.660708938e-23
7.575113301e-23
7.419492703e-23
7.167233418e-23
6.795761182e-23
6.263003563e-23
5.528483217e-23
4.553729848e-23
3.28289319e-23
1.65266492e-23
-4.054440156e-24
-2.970710426e-23
-6.128210635e-23
-9.975284106e-23
-1.463056461e-22
-2.023841455e-22
-2.697874001e-22
2.262267093e-23
2.267002117e-23
2.274555767e-23
2.27770647e-23
2.283847407e-23
2.294016092e-23
2.294293292e-23
2.279858864e-23
2.256968306e-23
2.214466526e-23
2.140028398e-23
2.032021657e-23
1.874549741e-23
1.655090734e-23
1.365681441e-23
9.895461376e-24
5.0642092e-24
-1.039251572e-24
-8.653188001e-24
-1.803130624e-23
-2.94433619e-23
-4.325229519e-23
-5.989595845e-23
-7.98933606e-23
-4.722174932e-23
-4.730867243e-23
-4.745084991e-23
-4.76974623e-23
-4.787255627e-23
-4.790274375e-23
-4.785436994e-23
-4.761455951e-23
-4.699427816e-23
-4.593679973e-23
-4.434044879e-23
-4.195429541e-23
-3.862092065e-23
-3.410699744e-23
-2.80581401e-23
-2.014325255e-23
-1.000211491e-23
2.801757893e-24
1.875975158e-23
3.841211742e-23
6.238089256e-23
9.13863709e-23
1.263222187e-22
1.683145171e-22
4.84766798e-23
4.856871165e-23
4.871766867e-23
4.880869401e-23
4.894054287e-23
4.907789279e-23
4.902360975e-23
4.874055591e-23
4.82021282e-23
4.721337042e-23
4.559107452e-23
4.323398086e-23
3.987121734e-23
3.521371075e-23
2.905399453e-23
2.104301884e-23
1.073474555e-23
-2.298985426e-24
-1.854861768e-23
-3.856255031e-23
-6.297406857e-23
-9.25098259e-23
-1.28069683e-22
-1.708131481e-22
1.857420384e-23
1.862382332e-23
1.861311774e-23
1.86454924e-23
1.873490893e-23
1.870227329e-23
1.859279106e-23
1.841635174e-23
1.80548122e-23
1.744458355e-23
1.65744296e-23
1.531400847e-23
1.352019327e-23
1.11869805e-23
8.171049597e-24
4.263214522e-24
-6.782126458e-25
-6.841567699e-24
-1.443365406e-23
-2.369759669e-23
-3.490567551e-23
-4.838970101e-23
-6.459838761e-23
-6.753979803e-23
-6.772032349e-23
-6.797142987e-23
-6.816897565e-23
-6.819651065e-23
-6.808920876e-23
-6.767853307e-23
-6.679995132e-23
-6.533712727e-23
-6.305700678e-23
-5.969616451e-23
-5.501552219e-23
-4.866282868e-23
-4.015971349e-23
-2.904170319e-23
-1.479979882e-23
3.203123886e-24
2.56690283e-23
5.336526407e-23
8.715780838e-23
1.280616171e-22
1.773413241e-22
2.365800516e-22
2.007137545e-23
2.009786917e-23
2.010109197e-23
2.011833883e-23
2.019437378e-23
2.016742181e-23
2.005722948e-23
1.9839712e-23
1.941722551e-23
1.877558969e-23
1.784027292e-23
1.647462799e-23
1.45872025e-23
1.210368033e-23
8.871850338e-24
4.713962078e-24
-5.596874349e-25
-7.145393189e-24
-1.526138233e-23
-2.517123472e-23
-3.716210917e-23
-5.159794871e-23
-6.894705201e-23
-1.96271245e-23
-1.96827212e-23
-1.978415269e-23
-1.98555501e-23
-1.981447773e-23
-1.976255643e-23
-1.962455845e-23
-1.935127676e-23
-1.89285296e-23
-1.8248695e-23
-1.725824616e-23
-1.591098885e-23
-1.407553499e-23
-1.162312085e-23
-8.433633677e-24
-4.326872438e-24
8.600313241e-25
7.324234831e-24
1.530848981e-23
2.505035628e-23
3.684959916e-23
5.107167173e-23
6.818365536e-23
-1.26722617e-23
-1.270880186e-23
-1.279010461e-23
-1.283915219e-23
-1.279514242e-23
-1.275832471e-23
-1.266375012e-23
-1.247557566e-23
-1.21991155e-23
-1.175242893e-23
-1.111172371e-23
-1.024230106e-23
-9.058124889e-24
-7.478866753e-24
-5.436496753e-24
-2.798148416e-24
5.40401018e-25
4.691063844e-24
9.822974253e-24
1.608804903e-23
2.367858635e-23
3.282476227e-23
4.384108776e-23
-1.952727422e-24
-1.971441038e-24
-2.015461956e-24
-2.035694616e-24
-2.006721595e-24
-1.994235848e-24
-1.965114738e-24
-1.916994167e-24
-1.86501189e-24
-1.77502922e-24
-1.657185242e-24
-1.512645324e-24
-1.315568086e-24
-1.055006178e-24
-7.339164867e-25
-3.013696262e-25
2.480925947e-25
9.097463404e-25
1.731154349e-24
2.739328815e-24
3.962792352e-24
5.436725638e-24
7.222128159e-24
-5.904926761e-24
-5.925292325e-24
-5.965769188e-24
-5.985117017e-24
-5.969463157e-24
-5.949374478e-24
-5.891687848e-24
-5.792038258e-24
-5.652831154e-24
-5.437006617e-24
-5.135106634e-24
-4.72999871e-24
-4.175377565e-24
-3.442953339e-24
-2.511947415e-24
-1.28781499e-24
2.692705572e-25
2.177950178e-24
4.538401126e-24
7.437491332e-24
1.094990155e-23
1.517908588e-23
2.027424006e-23
4.896828365e-25
4.779505565e-25
4.53394556e-25
4.400124958e-25
4.510153457e-25
4.535465391e-25
4.677473545e-25
4.833162858e-25
4.831002309e-25
4.927438335e-25
4.894232474e-25
4.68598865e-25
4.48895127e-25
4.133680604e-25
3.433171394e-25
2.810382914e-25
2.075442892e-25
8.705120373e-26
-6.610643477e-26
-2.409362781e-25
-4.517661575e-25
-7.090565563e-25
-1.009285507e-24
1.937845325e-23
1.937603727e-23
1.937331952e-23
1.936925366e-23
1.9366695e-23
1.930713467e-23
1.918420543e-23
1.895473219e-23
1.854910367e-23
1.795259361e-23
1.706550803e-23
1.58158875e-23
1.413687093e-23
1.188439851e-23
8.927354985e-24
5.162847684e-24
3.972129708e-25
-5.586513984e-24
-1.298859166e-23
-2.204015385e-23
-3.300804049e-23
-4.622056197e-23
-6.210885075e-23
8.276808153e-25
8.154342672e-25
7.98416055e-25
7.843452303e-25
7.960284039e-25
7.972186817e-25
8.017990725e-25
8.074130052e-25
7.987011219e-25
7.989560239e-25
7.782562559e-25
7.394643575e-25
6.935818038e-25
6.142759423e-25
5.001758776e-25
3.759586127e-25
2.153289348e-25
-2.192500107e-27
-2.750984078e-25
-6.159584147e-25
-1.01993137e-24
-1.497333054e-24
-2.070869953e-24
-7.914696853e-25
-8.024702294e-25
-8.206355923e-25
-8.342173294e-25
-8.215913662e-25
-8.058336827e-25
-7.932510484e-25
-7.761523512e-25
-7.486156191e-25
-6.972801678e-25
-6.417074932e-25
-5.75703765e-25
-4.810890992e-25
-3.7766204e-25
-2.474099653e-25
-6.228590823e-26
1.685179985e-25
4.420868093e-25
7.771084324e-25
1.177053569e-24
1.672116133e-24
2.282647516e-24
3.016495196e-24
4.963278134e-24
4.946973556e-24
4.925191084e-24
4.91308609e-24
4.918371583e-24
4.913715931e-24
4.876269884e-24
4.810491026e-24
4.719192074e-24
4.589125497e-24
4.386251678e-24
4.088968059e-24
3.695796024e-24
3.153229276e-24
2.444153094e-24
1.549502351e-24
4.116797589e-25
-1.020261786e-24
-2.801075199e-24
-4.983723877e-24
-7.622676182e-24
-1.079329248e-23
-1.460328768e-23
-6.513427872e-24
-6.513829545e-24
-6.527781494e-24
-6.531384856e-24
-6.503735724e-24
-6.451422748e-24
-6.396677085e-24
-6.314982899e-24
-6.16118799e-24
-5.928280987e-24
-5.614077707e-24
-5.206254496e-24
-4.645256363e-24
-3.917025771e-24
-2.972357096e-24
-1.75534103e-24
-2.232602327e-25
1.685594422e-24
4.041674944e-24
6.922403023e-24
1.04219788e-23
1.464612245e-23
1.972758003e-23
1.505075081e-24
1.492208396e-24
1.468780615e-24
1.449583878e-24
1.45812324e-24
1.47489752e-24
1.46059576e-24
1.430173426e-24
1.414584011e-24
1.398212189e-24
1.360065373e-24
1.275812472e-24
1.175919473e-24
1.032880824e-24
8.444318033e-25
6.100610284e-25
3.056229026e-25
-8.054439826e-26
-5.645803688e-25
-1.157874249e-24
-1.871217445e-24
-2.723031798e-24
-3.742539415e-24
)
;
    }
    back_middle
    {
        type            wedge;
        value           nonuniform 0();
    }
    back_bottom
    {
        type            wedge;
        value           nonuniform 0();
    }
    axis_top
    {
        type            symmetryPlane;
        value           nonuniform 0();
    }
    axis_middle
    {
        type            symmetryPlane;
        value           nonuniform 0();
    }
    axis_bottom
    {
        type            symmetryPlane;
        value           nonuniform 0();
    }
    wall_top
    {
        type            calculated;
        value           uniform 0;
    }
    wall_middle
    {
        type            calculated;
        value           nonuniform 0();
    }
    wall_bottom
    {
        type            calculated;
        value           nonuniform 0();
    }
    inlet
    {
        type            calculated;
        value           nonuniform 0();
    }
    outlet
    {
        type            calculated;
        value           nonuniform 0();
    }
    procBoundary7to6
    {
        type            processor;
        value           nonuniform List<scalar> 
51
(
4.558464904e-11
1.333882333e-10
2.163010288e-10
2.945275759e-10
3.682652825e-10
4.377045567e-10
5.030289315e-10
5.644152475e-10
6.220338594e-10
6.760488648e-10
7.266183041e-10
7.738941498e-10
8.180227729e-10
8.591450724e-10
8.973962804e-10
9.329068235e-10
9.658018067e-10
9.962015875e-10
1.024221985e-09
1.394332841e-12
1.050062121e-09
1.073646911e-09
1.095171821e-09
1.114735406e-09
1.132432243e-09
1.148353218e-09
1.16258545e-09
1.175212671e-09
1.186315057e-09
1.195969611e-09
1.20425007e-09
1.211227179e-09
1.216968692e-09
1.221539501e-09
1.225001827e-09
1.227415082e-09
1.228836335e-09
1.229319921e-09
1.228918137e-09
1.227680599e-09
1.225655165e-09
1.222887075e-09
1.219420079e-09
1.215295372e-09
1.21055289e-09
1.205230122e-09
1.199363439e-09
1.192986957e-09
1.186133757e-09
1.178834878e-09
1.171120225e-09
)
;
    }
    procBoundary7to8
    {
        type            processor;
        value           nonuniform List<scalar> 
51
(
-4.560949915e-11
-1.334605649e-10
-2.16416412e-10
-2.946809385e-10
-3.684511009e-10
-4.379169814e-10
-5.032620707e-10
-5.646632524e-10
-6.222911625e-10
-6.763102276e-10
-7.268788477e-10
-7.741495913e-10
-8.182693925e-10
-8.593795065e-10
-8.976160414e-10
-9.331097066e-10
-9.659863062e-10
-9.963667387e-10
-1.024367055e-09
-1.050098934e-09
-1.073669375e-09
-1.095181357e-09
-1.114733492e-09
-1.132420529e-09
-1.148333335e-09
-1.162558962e-09
-1.175181127e-09
-1.186279728e-09
-1.195931678e-09
-1.204210323e-09
-1.211186326e-09
-1.216927006e-09
-1.221497047e-09
-1.224958353e-09
-1.227369978e-09
-1.228788756e-09
4.722834464e-13
-1.229288461e-09
-1.228883958e-09
-1.227642244e-09
-1.225610497e-09
-1.222834309e-09
-1.219356771e-09
-1.215219513e-09
-1.210461958e-09
-1.205122031e-09
-1.19923576e-09
-1.192837615e-09
-1.185960598e-09
-1.178636026e-09
-1.170893995e-09
)
;
    }
}


// ************************************************************************* //
