/*--------------------------------*- C++ -*----------------------------------*\
  =========                 |
  \\      /  F ield         | OpenFOAM: The Open Source CFD Toolbox
   \\    /   O peration     | Website:  https://openfoam.org
    \\  /    A nd           | Version:  7
     \\/     M anipulation  |
\*---------------------------------------------------------------------------*/
FoamFile
{
    version     2.0;
    format      ascii;
    class       volVectorField;
    location    "0.0003";
    object      U;
}
// * * * * * * * * * * * * * * * * * * * * * * * * * * * * * * * * * * * * * //

dimensions      [0 1 -1 0 0 0 0];

internalField   nonuniform List<vector> 
1167
(
(1.844146304e-08 2.037684577e-20 -0.002154793086)
(4.801556636e-08 -3.884638814e-20 -0.002154795826)
(7.559531391e-08 -1.41951646e-19 -0.002154801739)
(1.035110058e-07 -1.915294072e-19 -0.002154810517)
(1.305033756e-07 2.068423308e-20 -0.00215482197)
(1.562585347e-07 1.591501299e-19 -0.002154835979)
(1.807141204e-07 2.722687487e-19 -0.002154852428)
(2.037793539e-07 2.223508385e-19 -0.002154871196)
(2.253337719e-07 3.057853956e-19 -0.00215489216)
(2.453435817e-07 2.396911555e-19 -0.002154915219)
(2.637835014e-07 1.981619007e-19 -0.002154940278)
(2.805955287e-07 1.652345502e-19 -0.002154967225)
(2.957891896e-07 1.385560076e-19 -0.002154995971)
(3.093648411e-07 1.042841697e-19 -0.002155026426)
(3.213011502e-07 1.306860666e-19 -0.002155058475)
(3.31624854e-07 1.022318578e-19 -0.002155092033)
(3.403340742e-07 1.048086588e-19 -0.002155126982)
(3.47466256e-07 1.005256726e-19 -0.002155163233)
(3.530461967e-07 9.257666005e-20 -0.002155200668)
(3.571083174e-07 1.384039693e-19 -0.002155239185)
(3.596907368e-07 1.820085291e-19 -0.002155278658)
(3.60832094e-07 2.067788967e-19 -0.002155318979)
(3.605848684e-07 2.10955222e-19 -0.002155360011)
(3.589925761e-07 2.154984903e-19 -0.002155401639)
(3.561168328e-07 2.227345592e-19 -0.002155443718)
(3.519910135e-07 2.310178387e-19 -0.00215548612)
(3.466743353e-07 2.424223878e-19 -0.002155528691)
(3.402142305e-07 2.550791811e-19 -0.0021555713)
(3.326772783e-07 2.696756428e-19 -0.002155613791)
(3.241054795e-07 2.686523345e-19 -0.002155656016)
(3.145480333e-07 2.549988441e-19 -0.002155697817)
(3.040660996e-07 2.475212631e-19 -0.002155739032)
(2.926995316e-07 2.438323612e-19 -0.002155779507)
(2.805135825e-07 2.414237291e-19 -0.002155819067)
(2.67549252e-07 2.382626504e-19 -0.00215585756)
(2.538701936e-07 2.48098058e-19 -0.002155894813)
(1.883441107e-08 3.846245243e-19 -0.002155256623)
(4.90376361e-08 1.172921585e-19 -0.002155259437)
(7.720170796e-08 -1.591210855e-19 -0.002155265512)
(1.057035282e-07 2.464870227e-20 -0.002155274555)
(1.33290505e-07 9.199195243e-20 -0.00215528638)
(1.596543389e-07 1.143778373e-19 -0.002155300843)
(1.846448262e-07 1.040820435e-19 -0.002155317809)
(2.081622869e-07 2.598443116e-19 -0.002155337131)
(2.30167623e-07 4.029956273e-19 -0.002155358716)
(2.506098505e-07 3.583945871e-19 -0.002155382456)
(2.694082664e-07 1.970617702e-19 -0.002155408227)
(2.865612938e-07 1.564163293e-19 -0.002155435935)
(3.02066309e-07 1.5567685e-19 -0.002155465487)
(3.15884714e-07 1.516765705e-19 -0.00215549676)
(3.280450555e-07 1.347882594e-19 -0.002155529668)
(3.385442305e-07 1.178927205e-19 -0.002155564097)
(3.474052563e-07 1.068696311e-19 -0.002155599944)
(3.546521091e-07 9.25228862e-20 -0.002155637102)
(3.603132604e-07 6.720313517e-20 -0.002155675452)
(3.644204109e-07 7.059657378e-20 -0.002155714884)
(3.670132465e-07 7.256595824e-20 -0.002155755272)
(3.681348492e-07 9.342600294e-20 -0.002155796499)
(3.678335299e-07 1.218952032e-19 -0.002155838431)
(3.661624798e-07 1.562659711e-19 -0.002155880942)
(3.631683058e-07 1.856530493e-19 -0.002155923895)
(3.589014479e-07 1.90418906e-19 -0.002155967143)
(3.534114292e-07 1.941764088e-19 -0.002156010551)
(3.467726931e-07 1.985407118e-19 -0.002156053959)
(3.390273735e-07 2.084513727e-19 -0.002156097228)
(3.302402669e-07 2.019128113e-19 -0.002156140188)
(3.204508935e-07 1.963373589e-19 -0.002156182695)
(3.0972225e-07 2.121809602e-19 -0.002156224579)
(2.980935305e-07 2.269137215e-19 -0.002156265684)
(2.856185941e-07 2.41339865e-19 -0.002156305842)
(2.723656042e-07 2.611004025e-19 -0.00215634489)
(2.583760336e-07 2.614087585e-19 -0.002156382666)
(2.437078686e-07 2.710307607e-19 -0.002156418995)
(2.283958404e-07 2.748679496e-19 -0.002156453722)
(2.12496793e-07 2.879328666e-19 -0.002156486674)
(1.960466807e-07 3.035677287e-19 -0.002156517698)
(1.790976172e-07 3.086126911e-19 -0.002156546628)
(1.616835145e-07 3.035217635e-19 -0.00215657331)
(1.438420537e-07 3.007492961e-19 -0.002156597588)
(1.256142502e-07 2.999846548e-19 -0.00215661931)
(1.070350764e-07 3.016183924e-19 -0.002156638333)
(8.814590576e-08 2.975697733e-19 -0.002156654512)
(6.896680862e-08 3.046320742e-19 -0.002156667713)
(4.95322351e-08 3.076281829e-19 -0.002156677798)
(2.994059792e-08 3.047737647e-19 -0.002156684648)
(1.045518086e-08 3.08673486e-19 -0.002156688131)
(1.927431762e-08 2.353108333e-19 -0.002155707861)
(5.018246967e-08 5.956490827e-19 -0.002155710789)
(7.902582832e-08 4.259481001e-19 -0.002155717093)
(1.08238028e-07 5.032667572e-19 -0.002155726466)
(1.364803502e-07 3.105281133e-19 -0.002155738715)
(1.634206251e-07 2.117840202e-19 -0.002155753666)
(1.88945066e-07 1.544032425e-19 -0.002155771183)
(2.130110257e-07 3.368828605e-19 -0.002155791159)
(2.355337906e-07 3.729035981e-19 -0.002155813467)
(2.564026667e-07 3.187315248e-19 -0.002155837967)
(2.756103249e-07 2.962023667e-19 -0.002155864561)
(2.931467674e-07 2.814080538e-19 -0.00215589315)
(3.089586138e-07 2.196580299e-19 -0.002155923607)
(3.230710955e-07 2.055705813e-19 -0.002155955841)
(3.354761429e-07 1.330976063e-19 -0.002155989737)
(3.461739919e-07 1.113413131e-19 -0.002156025175)
(3.551928965e-07 1.219135101e-19 -0.002156062056)
(3.625475191e-07 1.231490827e-19 -0.002156100247)
(3.682762337e-07 1.54418593e-19 -0.002156139649)
(3.724125386e-07 1.159400536e-19 -0.002156180121)
(3.749992757e-07 1.049476353e-19 -0.002156221557)
(3.760852028e-07 8.715216979e-20 -0.002156263813)
(3.7571957e-07 1.128017127e-19 -0.002156306775)
(3.739595891e-07 1.300517286e-19 -0.002156350292)
(3.708427194e-07 1.408806818e-19 -0.002156394237)
(3.664305871e-07 1.523869558e-19 -0.002156438452)
(3.607746531e-07 1.342997099e-19 -0.002156482802)
(3.539333172e-07 1.280551742e-19 -0.00215652713)
(3.459657097e-07 1.148428159e-19 -0.002156571281)
(3.369219524e-07 1.263265822e-19 -0.002156615102)
(3.268702025e-07 1.557196233e-19 -0.002156658422)
(3.158496671e-07 1.828374024e-19 -0.00215670109)
(3.039283358e-07 2.112429666e-19 -0.002156742927)
(2.911531369e-07 2.450652082e-19 -0.002156783782)
(2.775917702e-07 2.724039824e-19 -0.00215682348)
(2.63282254e-07 2.81611011e-19 -0.002156861862)
(2.482736571e-07 2.744262098e-19 -0.002156898757)
(2.326203442e-07 2.532470982e-19 -0.002156934)
(2.163651939e-07 2.584161295e-19 -0.002156967431)
(1.995650769e-07 2.717059061e-19 -0.00215699888)
(1.822559836e-07 2.730829481e-19 -0.002157028197)
(1.644878092e-07 2.741122527e-19 -0.002157055215)
(1.46292569e-07 2.744068984e-19 -0.00215707979)
(1.277160734e-07 2.780126225e-19 -0.002157101764)
(1.087939562e-07 2.837043324e-19 -0.002157121)
(8.956541166e-08 2.752137403e-19 -0.002157137351)
(7.005309255e-08 2.772182695e-19 -0.002157150686)
(5.029085464e-08 2.832615041e-19 -0.002157160871)
(3.037873045e-08 2.793840737e-19 -0.002157167785)
(1.058905864e-08 2.902588956e-19 -0.002157171305)
(1.976868497e-08 1.105074738e-19 -0.002156147056)
(5.145535175e-08 2.32366207e-19 -0.002156150099)
(8.099920272e-08 3.101104544e-19 -0.002156156642)
(1.109066195e-07 3.555603813e-19 -0.002156166352)
(1.398108795e-07 3.017554421e-19 -0.002156179032)
(1.673968291e-07 2.506229546e-19 -0.002156194536)
(1.935801925e-07 2.238768902e-19 -0.00215621272)
(2.18235292e-07 2.334201277e-19 -0.002156233439)
(2.412421322e-07 2.320346967e-19 -0.002156256537)
(2.625894243e-07 2.931318635e-19 -0.002156281911)
(2.822518364e-07 2.574761546e-19 -0.002156309454)
(3.001606421e-07 1.606677278e-19 -0.002156339029)
(3.163333283e-07 1.120384528e-19 -0.002156370533)
(3.30751744e-07 1.440440209e-19 -0.002156403852)
(3.43388457e-07 1.582974692e-19 -0.002156438847)
(3.542853636e-07 1.734914206e-19 -0.002156475425)
(3.634474209e-07 1.810458715e-19 -0.002156513446)
(3.709129971e-07 1.896476871e-19 -0.002156552809)
(3.767057539e-07 2.049734068e-19 -0.002156593377)
(3.808697374e-07 1.912691999e-19 -0.002156635037)
(3.834477189e-07 1.874662186e-19 -0.002156677647)
(3.844885905e-07 1.9882492e-19 -0.002156721086)
(3.840511899e-07 1.684777819e-19 -0.002156765208)
(3.821750578e-07 1.513745602e-19 -0.002156809882)
(3.789165128e-07 1.371634324e-19 -0.002156854947)
(3.743270675e-07 1.460112677e-19 -0.002156900271)
(3.684809673e-07 1.580653649e-19 -0.002156945686)
(3.614264277e-07 1.473452607e-19 -0.002156991055)
(3.532303599e-07 1.364579943e-19 -0.002157036206)
(3.439365737e-07 1.206104377e-19 -0.002157080991)
(3.336069191e-07 1.350284409e-19 -0.002157125239)
(3.2229143e-07 1.433379094e-19 -0.002157168787)
(3.100486029e-07 1.462488546e-19 -0.00215721147)
(2.969546613e-07 1.430088813e-19 -0.002157253117)
(2.830506629e-07 1.408711839e-19 -0.002157293571)
(2.683979034e-07 1.346405158e-19 -0.002157332649)
(2.530367701e-07 1.453286865e-19 -0.002157370198)
(2.370289741e-07 1.510110497e-19 -0.00215740604)
(2.204150087e-07 1.573888411e-19 -0.002157440021)
(2.032518092e-07 1.568651213e-19 -0.002157471972)
(1.855778466e-07 1.747168847e-19 -0.002157501738)
(1.674351148e-07 1.911402399e-19 -0.00215752916)
(1.48872191e-07 2.099939015e-19 -0.002157554085)
(1.299263923e-07 2.257780854e-19 -0.002157576367)
(1.106453382e-07 2.394865215e-19 -0.002157595857)
(9.105925791e-08 2.38564698e-19 -0.002157612421)
(7.119956283e-08 2.370442713e-19 -0.00215762592)
(5.109717965e-08 2.315760207e-19 -0.002157636231)
(3.085888473e-08 2.359887768e-19 -0.002157643225)
(1.074902781e-08 2.403567431e-19 -0.002157646791)
(2.025670112e-08 8.980640185e-20 -0.002156574202)
(5.272126021e-08 1.970900303e-19 -0.002156577363)
(8.298486165e-08 3.495519651e-19 -0.002156584171)
(1.136313863e-07 6.205371195e-19 -0.002156594296)
(1.43283487e-07 3.717489748e-19 -0.002156607526)
(1.715884783e-07 2.629904722e-19 -0.002156623688)
(1.983862431e-07 2.014412517e-19 -0.00215664261)
(2.235747738e-07 1.376771626e-19 -0.002156664128)
(2.471276322e-07 3.89014862e-20 -0.002156688139)
(2.689944375e-07 8.770228018e-20 -0.002156714517)
(2.890836226e-07 1.016214072e-19 -0.00215674311)
(3.073960569e-07 8.653533617e-20 -0.002156773806)
(3.239140099e-07 1.547269539e-19 -0.002156806484)
(3.385913064e-07 1.815584636e-19 -0.00215684099)
(3.514699434e-07 1.878271418e-19 -0.002156877231)
(3.625506734e-07 2.31470145e-19 -0.002156915072)
(3.718634964e-07 2.291971535e-19 -0.002156954391)
(3.794325286e-07 2.342140976e-19 -0.002156995061)
(3.852897997e-07 2.017865785e-19 -0.002157036947)
(3.894767996e-07 2.165344782e-19 -0.002157079925)
(3.920389914e-07 2.014515904e-19 -0.00215712385)
(3.93032017e-07 1.923358875e-19 -0.002157168595)
(3.925097029e-07 1.653325358e-19 -0.00215721401)
(3.905132402e-07 1.651840518e-19 -0.002157259952)
(3.870975238e-07 1.651682008e-19 -0.002157306268)
(3.823286788e-07 1.41253427e-19 -0.002157352809)
(3.762690044e-07 1.402621528e-19 -0.002157399424)
(3.689894741e-07 1.557303146e-19 -0.002157445948)
(3.605338282e-07 1.686880776e-19 -0.002157492228)
(3.509712628e-07 1.621065769e-19 -0.002157538087)
(3.403477957e-07 1.454748454e-19 -0.002157583374)
(3.287352544e-07 1.433976676e-19 -0.002157627906)
(3.161859704e-07 1.325076707e-19 -0.002157671531)
(3.027717812e-07 1.102933642e-19 -0.002157714072)
(2.885348779e-07 1.150361063e-19 -0.002157755363)
(2.73527925e-07 1.068581911e-19 -0.002157795233)
(2.578140209e-07 1.043630738e-19 -0.002157833513)
(2.414380407e-07 1.104077872e-19 -0.002157870041)
(2.244610382e-07 9.993797218e-20 -0.002157904645)
(2.069237956e-07 1.024328365e-19 -0.002157937172)
(1.888810875e-07 1.16794762e-19 -0.002157967449)
(1.703695256e-07 1.563721434e-19 -0.002157995334)
(1.514397625e-07 1.863459161e-19 -0.002158020662)
(1.321318706e-07 1.978033796e-19 -0.002158043294)
(1.124916392e-07 2.042656646e-19 -0.002158063081)
(9.255199726e-08 2.08216438e-19 -0.002158079889)
(7.234494651e-08 2.148534308e-19 -0.00215809358)
(5.190571903e-08 2.118822621e-19 -0.00215810403)
(3.134312984e-08 2.13792951e-19 -0.002158111115)
(1.09136357e-08 2.006182822e-19 -0.002158114722)
(2.075059552e-08 -3.925063061e-21 -0.002156989677)
(5.400486953e-08 -1.613181159e-20 -0.00215699299)
(8.502518993e-08 3.609811914e-20 -0.002157000119)
(1.164401575e-07 1.618926066e-19 -0.002157010711)
(1.467851281e-07 2.769396825e-19 -0.002157024529)
(1.757039088e-07 2.163666152e-19 -0.002157041371)
(2.030774933e-07 2.276512372e-19 -0.002157061082)
(2.288632531e-07 9.872475107e-20 -0.002157083536)
(2.529744083e-07 -1.346205597e-20 -0.002157108585)
(2.752946884e-07 2.947180366e-20 -0.002157136056)
(2.958133092e-07 1.465820749e-19 -0.002157165826)
(3.145078216e-07 2.275386699e-19 -0.002157197769)
(3.313108676e-07 3.029018553e-19 -0.002157231721)
(3.462654214e-07 3.037835592e-19 -0.002157267575)
(3.593745341e-07 2.868380125e-19 -0.0021573052)
(3.706309834e-07 2.828555807e-19 -0.002157344449)
(3.800707489e-07 2.450745941e-19 -0.002157385207)
(3.87712375e-07 2.531267925e-19 -0.002157427315)
(3.936042364e-07 2.133156876e-19 -0.002157470661)
(3.977850205e-07 1.855014309e-19 -0.002157515081)
(4.003098427e-07 1.700451673e-19 -0.00215756046)
(4.01232698e-07 1.54087844e-19 -0.002157606632)
(4.005981678e-07 1.789864495e-19 -0.002157653469)
(3.984635512e-07 1.727747269e-19 -0.002157700796)
(3.948877899e-07 1.586555373e-19 -0.002157748483)
(3.89944422e-07 1.511293802e-19 -0.002157796357)
(3.836870702e-07 1.56350947e-19 -0.002157844276)
(3.761854363e-07 1.738832236e-19 -0.002157892065)
(3.674871938e-07 1.873286915e-19 -0.002157939567)
(3.576544249e-07 2.248254706e-19 -0.002157986609)
(3.46750811e-07 2.039795459e-19 -0.002158033025)
(3.34834766e-07 2.183181028e-19 -0.002158078649)
(3.219850309e-07 2.147067726e-19 -0.002158123303)
(3.082476296e-07 2.177867714e-19 -0.00215816683)
(2.936878655e-07 2.247819738e-19 -0.002158209041)
(2.783508677e-07 2.237242032e-19 -0.002158249783)
(2.623027019e-07 2.338188804e-19 -0.002158288873)
(2.455880713e-07 2.240113771e-19 -0.002158326154)
(2.282682712e-07 2.178270056e-19 -0.002158361454)
(2.103863363e-07 2.253622714e-19 -0.002158394614)
(1.91989823e-07 2.376619249e-19 -0.002158425471)
(1.731312609e-07 2.249447408e-19 -0.002158453868)
(1.538512999e-07 2.228248203e-19 -0.002158479656)
(1.342022233e-07 2.269253581e-19 -0.002158502681)
(1.142203122e-07 2.255248043e-19 -0.002158522808)
(9.394740407e-08 2.415344852e-19 -0.002158539889)
(7.341134338e-08 2.404493746e-19 -0.002158553801)
(5.265306399e-08 2.432446721e-19 -0.002158564408)
(3.177823401e-08 2.437022e-19 -0.002158571598)
(1.104949712e-08 2.403456223e-19 -0.002158575247)
(2.122570232e-08 -1.847926869e-19 -0.002157393951)
(5.52267032e-08 -5.679302731e-19 -0.002157397411)
(8.691536515e-08 -3.500468914e-19 -0.002157404864)
(1.189886531e-07 -3.487641412e-19 -0.002157415917)
(1.499537702e-07 -8.31897671e-20 -0.00215743034)
(1.7948045e-07 1.38111935e-20 -0.002157447956)
(2.074810223e-07 7.137526042e-20 -0.002157468599)
(2.338209073e-07 8.196566117e-20 -0.002157492094)
(2.583734432e-07 1.197958565e-19 -0.00215751825)
(2.811211122e-07 1.607499441e-19 -0.002157546932)
(3.020308607e-07 2.286067407e-19 -0.002157578005)
(3.210205311e-07 2.406260895e-19 -0.002157611291)
(3.381100549e-07 1.984230112e-19 -0.002157646664)
(3.533029437e-07 2.431838383e-19 -0.002157683995)
(3.665729011e-07 2.861156461e-19 -0.00215772311)
(3.779623657e-07 2.717144732e-19 -0.002157763898)
(3.874764912e-07 2.841546537e-19 -0.002157806196)
(3.951662581e-07 2.651827984e-19 -0.002157849877)
(4.010628398e-07 2.531530315e-19 -0.002157894788)
(4.052199766e-07 2.376378393e-19 -0.002157940788)
(4.076916172e-07 2.646308551e-19 -0.002157987729)
(4.085259374e-07 2.545763404e-19 -0.00215803546)
(4.077708452e-07 2.524905578e-19 -0.002158083822)
(4.054869848e-07 2.223687806e-19 -0.002158132665)
(4.017521038e-07 2.20595834e-19 -0.002158181826)
(3.966212856e-07 2.250154036e-19 -0.002158231154)
(3.901662842e-07 2.420676249e-19 -0.002158280473)
(3.824372978e-07 2.286869247e-19 -0.002158329633)
(3.73506173e-07 2.224262464e-19 -0.002158378445)
(3.634249123e-07 2.127529904e-19 -0.002158426759)
(3.522687068e-07 2.344699267e-19 -0.002158474389)
(3.400944745e-07 2.370884627e-19 -0.002158521178)
(3.26977262e-07 2.430997548e-19 -0.002158566944)
(3.129636664e-07 2.560490094e-19 -0.002158611521)
(2.981107335e-07 2.395027983e-19 -0.002158654733)
(2.824860182e-07 2.278551781e-19 -0.002158696407)
(2.661370116e-07 2.249205777e-19 -0.002158736379)
(2.491283819e-07 2.314111748e-19 -0.002158774471)
(2.315048205e-07 2.432290937e-19 -0.002158810529)
(2.133253343e-07 2.551562858e-19 -0.002158844374)
(1.946299632e-07 2.490825884e-19 -0.00215887586)
(1.754734373e-07 2.453904826e-19 -0.002158904818)
(1.558994051e-07 2.372250816e-19 -0.002158931106)
(1.359577626e-07 2.389283413e-19 -0.002158954566)
(1.15686999e-07 2.374277545e-19 -0.002158975063)
(9.512893365e-08 2.60333458e-19 -0.002158992452)
(7.431433153e-08 2.751659555e-19 -0.002159006606)
(5.328359771e-08 2.930117914e-19 -0.002159017395)
(3.214201861e-08 2.942999705e-19 -0.002159024702)
(1.115922675e-08 3.084999769e-19 -0.002159028408)
(2.160993524e-08 -4.602541445e-19 -0.002157787341)
(5.621968411e-08 -3.215106885e-19 -0.002157790952)
(8.846602306e-08 -3.402097879e-19 -0.002157798764)
(1.211147661e-07 -3.704952651e-19 -0.002157810375)
(1.526692902e-07 -3.583808708e-19 -0.002157825541)
(1.827626533e-07 -1.765838115e-19 -0.002157844054)
(2.112287326e-07 -1.591156699e-19 -0.002157865704)
(2.379507154e-07 2.786636577e-20 -0.002157890289)
(2.628922813e-07 2.071806984e-19 -0.002157917667)
(2.859998745e-07 1.807388944e-19 -0.002157947683)
(3.071709247e-07 1.880668322e-19 -0.002157980144)
(3.264007322e-07 1.858763741e-19 -0.002158014901)
(3.436951548e-07 2.360368292e-19 -0.002158051821)
(3.590089739e-07 2.338164448e-19 -0.002158090715)
(3.723880526e-07 2.808546637e-19 -0.00215813146)
(3.838395447e-07 2.398075717e-19 -0.002158173895)
(3.933894485e-07 2.522983322e-19 -0.002158217864)
(4.010792036e-07 2.327004769e-19 -0.00215826323)
(4.069412631e-07 2.30276257e-19 -0.002158309822)
(4.110386106e-07 2.563926272e-19 -0.002158357509)
(4.134213935e-07 2.826945328e-19 -0.002158406113)
(4.141393177e-07 3.013879997e-19 -0.002158455496)
(4.132508556e-07 3.033838832e-19 -0.002158505476)
(4.108223894e-07 2.838971852e-19 -0.002158555917)
(4.06928269e-07 2.905297969e-19 -0.002158606637)
(4.016266422e-07 3.0553154e-19 -0.002158657486)
(3.94988767e-07 2.649585998e-19 -0.002158708286)
(3.870674481e-07 2.574658456e-19 -0.002158758873)
(3.779258469e-07 2.492054266e-19 -0.002158809074)
(3.67637786e-07 2.453846818e-19 -0.002158858715)
(3.562619933e-07 2.425812336e-19 -0.00215890763)
(3.438790108e-07 2.134999323e-19 -0.002158955637)
(3.305389507e-07 2.162469414e-19 -0.002159002575)
(3.163100644e-07 2.004526479e-19 -0.002159048252)
(3.012406314e-07 2.056858554e-19 -0.002159092513)
(2.853996821e-07 2.090857422e-19 -0.00215913517)
(2.68834817e-07 2.270707358e-19 -0.002159176064)
(2.516101253e-07 2.512491927e-19 -0.002159215017)
(2.33772115e-07 2.745009369e-19 -0.002159251867)
(2.153741279e-07 2.897163838e-19 -0.002159286446)
(1.964674393e-07 2.901677086e-19 -0.002159318594)
(1.770961729e-07 2.846160026e-19 -0.002159348154)
(1.57316449e-07 2.801646967e-19 -0.002159374971)
(1.371673871e-07 2.828566426e-19 -0.0021593989)
(1.166961525e-07 2.810078873e-19 -0.002159419791)
(9.593933934e-08 2.760795219e-19 -0.002159437513)
(7.493406836e-08 3.002814846e-19 -0.002159451926)
(5.371821852e-08 2.968995877e-19 -0.002159462912)
(3.239942121e-08 3.063138006e-19 -0.002159470344)
(1.124403834e-08 3.059713555e-19 -0.002159474113)
(2.188827847e-08 2.584621535e-19 -0.002158170709)
(5.694135915e-08 4.341992684e-19 -0.002158174505)
(8.962045503e-08 -1.866806866e-19 -0.002158182745)
(1.227148849e-07 -3.129579643e-19 -0.002158194982)
(1.546542949e-07 -2.913815756e-19 -0.002158210932)
(1.850553246e-07 -1.367863112e-19 -0.002158230353)
(2.137861009e-07 -2.443552641e-20 -0.002158253044)
(2.407943198e-07 2.72077234e-21 -0.002158278838)
(2.659966414e-07 1.184402002e-19 -0.002158307551)
(2.892643835e-07 1.668440149e-19 -0.002158338968)
(3.105734152e-07 1.942286873e-19 -0.002158372922)
(3.299284887e-07 2.083701605e-19 -0.002158409268)
(3.47270469e-07 2.827703041e-19 -0.00215844781)
(3.626288088e-07 2.316913447e-19 -0.002158488395)
(3.760181384e-07 2.074664001e-19 -0.002158530869)
(3.874319817e-07 2.188139998e-19 -0.002158575044)
(3.96926016e-07 2.176592259e-19 -0.002158620788)
(4.045252565e-07 2.034228881e-19 -0.00215866791)
(4.102922271e-07 2.282240178e-19 -0.00215871628)
(4.142735241e-07 2.062736547e-19 -0.002158765715)
(4.165248729e-07 1.778446834e-19 -0.002158816068)
(4.17097796e-07 2.149224369e-19 -0.002158867157)
(4.160576723e-07 2.393011044e-19 -0.002158918833)
(4.134811191e-07 2.678668017e-19 -0.002158970917)
(4.094297517e-07 2.649725727e-19 -0.002159023257)
(4.039761861e-07 2.917336088e-19 -0.002159075666)
(3.971763654e-07 2.999278767e-19 -0.002159127993)
(3.891036702e-07 2.93110696e-19 -0.002159180042)
(3.798149824e-07 2.961643605e-19 -0.002159231661)
(3.693874903e-07 3.051699613e-19 -0.00215928266)
(3.578814388e-07 2.94926419e-19 -0.00215933288)
(3.453734788e-07 2.831097303e-19 -0.002159382134)
(3.319134566e-07 2.89155734e-19 -0.002159430256)
(3.175624339e-07 3.000634235e-19 -0.002159477065)
(3.023866961e-07 3.10031393e-19 -0.002159522388)
(2.864358385e-07 3.221293194e-19 -0.002159566054)
(2.697762068e-07 3.257286554e-19 -0.002159607884)
(2.5245411e-07 3.386618259e-19 -0.002159647718)
(2.345306927e-07 3.486953079e-19 -0.002159685376)
(2.160469137e-07 3.528522175e-19 -0.002159720706)
(1.970594031e-07 3.440264504e-19 -0.002159753532)
(1.776133369e-07 3.39342291e-19 -0.002159783709)
(1.577608333e-07 3.38811491e-19 -0.002159811073)
(1.375421122e-07 3.366179274e-19 -0.002159835481)
(1.170032191e-07 3.365950866e-19 -0.002159856782)
(9.618287302e-08 3.244183298e-19 -0.002159874844)
(7.511792309e-08 3.179751489e-19 -0.002159889527)
(5.384762715e-08 2.990711708e-19 -0.00215990071)
(3.24794806e-08 2.910039738e-19 -0.002159908267)
(1.127309156e-08 2.786280946e-19 -0.002159912087)
(2.201707041e-08 9.939744685e-19 -0.00215854515)
(5.726156867e-08 4.669539976e-19 -0.002158549123)
(9.009303685e-08 4.133389939e-19 -0.002158557787)
(1.233105355e-07 4.243731247e-19 -0.002158570632)
(1.553382073e-07 2.915075487e-19 -0.00215858736)
(1.858237497e-07 2.098418686e-19 -0.002158607748)
(2.146681023e-07 2.037930005e-19 -0.002158631598)
(2.417445416e-07 1.755845896e-19 -0.002158658687)
(2.66914203e-07 2.368591631e-19 -0.002158688773)
(2.901400154e-07 2.02437061e-19 -0.002158721673)
(3.114189163e-07 2.381053369e-19 -0.002158757227)
(3.306785542e-07 2.698779005e-19 -0.002158795222)
(3.479126199e-07 1.776866212e-19 -0.002158835476)
(3.631473048e-07 1.381273372e-19 -0.002158877835)
(3.763615348e-07 1.299425768e-19 -0.002158922085)
(3.87613393e-07 1.923040416e-19 -0.002158968083)
(3.969210941e-07 2.444538022e-19 -0.002159015644)
(4.043418727e-07 2.545245884e-19 -0.002159064599)
(4.099296802e-07 2.253765758e-19 -0.002159114784)
(4.137275907e-07 1.848582876e-19 -0.002159166019)
(4.157932124e-07 1.891073002e-19 -0.002159218144)
(4.161870696e-07 1.673062769e-19 -0.002159270974)
(4.149834442e-07 1.963406492e-19 -0.002159324354)
(4.122562632e-07 2.365723133e-19 -0.002159378102)
(4.080694954e-07 2.595669043e-19 -0.002159432056)
(4.024944224e-07 2.728216999e-19 -0.002159486034)
(3.955899763e-07 3.057681234e-19 -0.002159539867)
(3.874215568e-07 3.054247452e-19 -0.00215959338)
(3.78067811e-07 2.97356866e-19 -0.002159646396)
(3.675873135e-07 3.274983956e-19 -0.002159698745)
(3.560607758e-07 3.522876534e-19 -0.002159750244)
(3.435404964e-07 3.761121974e-19 -0.00215980073)
(3.300953435e-07 3.758666436e-19 -0.00215985001)
(3.157736634e-07 4.025837064e-19 -0.002159897929)
(3.006444228e-07 4.16593449e-19 -0.002159944293)
(2.847552026e-07 4.188448589e-19 -0.002159988943)
(2.681695906e-07 4.148463995e-19 -0.002160031696)
(2.509343428e-07 3.765400077e-19 -0.00216007239)
(2.331054029e-07 3.635244061e-19 -0.00216011085)
(2.147272737e-07 3.503967231e-19 -0.002160146913)
(1.95847653e-07 3.560362195e-19 -0.002160180416)
(1.765221644e-07 3.618353957e-19 -0.002160211198)
(1.567892362e-07 3.6748748e-19 -0.002160239107)
(1.366965695e-07 3.600891283e-19 -0.002160263988)
(1.162827207e-07 3.511269284e-19 -0.0021602857)
(9.559175509e-08 3.452378344e-19 -0.002160304097)
(7.465579818e-08 3.355990981e-19 -0.002160319051)
(5.351502782e-08 3.340790818e-19 -0.002160330425)
(3.227606141e-08 3.299615354e-19 -0.002160338104)
(1.119824654e-08 3.23524837e-19 -0.002160341964)
(2.188435096e-08 -9.889784356e-20 -0.002158911688)
(5.690827768e-08 -2.583800313e-19 -0.002158915824)
(8.951980761e-08 4.070351705e-19 -0.002158924921)
(1.225027375e-07 5.455317989e-19 -0.002158938429)
(1.543131951e-07 6.75547533e-19 -0.002158956042)
(1.846026965e-07 4.765719296e-19 -0.002158977508)
(2.131883704e-07 3.999654829e-19 -0.002159002565)
(2.399255755e-07 3.755661561e-19 -0.002159030954)
(2.64772811e-07 2.910892499e-19 -0.002159062477)
(2.877100295e-07 3.06424044e-19 -0.002159096952)
(3.086451325e-07 2.748840476e-19 -0.002159134143)
(3.275421719e-07 2.144995243e-19 -0.002159173836)
(3.44435646e-07 1.700207409e-19 -0.002159215869)
(3.59291215e-07 1.498203522e-19 -0.002159260018)
(3.721542784e-07 1.833188633e-19 -0.002159306104)
(3.83061218e-07 1.822511531e-19 -0.002159353951)
(3.920269815e-07 2.15568889e-19 -0.00215940335)
(3.991248886e-07 2.400625763e-19 -0.002159454152)
(4.04399436e-07 2.516179657e-19 -0.002159506143)
(4.079121143e-07 2.944156586e-19 -0.002159559175)
(4.097149266e-07 2.954476438e-19 -0.002159613039)
(4.098828291e-07 2.685846631e-19 -0.002159667589)
(4.0849158e-07 2.808455405e-19 -0.002159722624)
(4.056096145e-07 2.954149727e-19 -0.002159777994)
(4.013098856e-07 3.099449058e-19 -0.002159833498)
(3.956540588e-07 3.239232455e-19 -0.002159888985)
(3.887159312e-07 3.372760286e-19 -0.002159944253)
(3.805558551e-07 3.449813294e-19 -0.002159999153)
(3.712509804e-07 3.514858727e-19 -0.002160053487)
(3.608627259e-07 3.558090579e-19 -0.002160107099)
(3.494665509e-07 3.975870608e-19 -0.002160159802)
(3.371130429e-07 4.259932632e-19 -0.002160211428)
(3.238655122e-07 4.162724741e-19 -0.002160261797)
(3.097813103e-07 4.318825989e-19 -0.002160310736)
(2.949098151e-07 4.350886016e-19 -0.002160358073)
(2.793149386e-07 4.274303356e-19 -0.002160403628)
(2.630399465e-07 4.265851302e-19 -0.00216044724)
(2.461433614e-07 4.293355131e-19 -0.002160488727)
(2.286624143e-07 4.204801491e-19 -0.002160527932)
(2.106509095e-07 4.138873228e-19 -0.002160564674)
(1.921504566e-07 4.177451292e-19 -0.002160598805)
(1.732110775e-07 4.189843762e-19 -0.002160630153)
(1.538699411e-07 4.19217647e-19 -0.002160658572)
(1.341710074e-07 4.190467168e-19 -0.0021606839)
(1.141526017e-07 4.195325633e-19 -0.002160705997)
(9.385614622e-08 4.098645659e-19 -0.002160724713)
(7.331222506e-08 4.016533689e-19 -0.002160739919)
(5.255711917e-08 4.016454816e-19 -0.002160751477)
(3.169674173e-08 4.023076664e-19 -0.002160759267)
(1.09930977e-08 4.042932231e-19 -0.002160763165)
(2.142612385e-08 -5.032853462e-19 -0.002159271876)
(5.571339628e-08 -2.703789472e-19 -0.002159276206)
(8.764844305e-08 -1.091654792e-19 -0.002159285802)
(1.199546852e-07 -1.349644685e-19 -0.002159300042)
(1.510703216e-07 2.092496771e-19 -0.002159318579)
(1.806006303e-07 1.104830179e-19 -0.00215934111)
(2.083976531e-07 1.680668363e-19 -0.002159367354)
(2.344027463e-07 1.655624135e-19 -0.0021593971)
(2.585689339e-07 1.754803973e-19 -0.002159430136)
(2.80777996e-07 1.746402557e-19 -0.002159466196)
(3.009695671e-07 1.377236918e-19 -0.002159505034)
(3.19186021e-07 1.798629793e-19 -0.002159546472)
(3.3538979e-07 3.148505942e-19 -0.002159590273)
(3.495802545e-07 3.205934635e-19 -0.002159636218)
(3.618159779e-07 3.172787829e-19 -0.002159684135)
(3.721024246e-07 2.59567502e-19 -0.002159733784)
(3.805144628e-07 2.156166969e-19 -0.002159784998)
(3.87089896e-07 2.203518147e-19 -0.002159837574)
(3.919007451e-07 2.728610181e-19 -0.002159891323)
(3.950001483e-07 3.288482334e-19 -0.002159946057)
(3.964518061e-07 3.375143578e-19 -0.002160001587)
(3.963366367e-07 3.558872722e-19 -0.002160057739)
(3.947285088e-07 3.476272715e-19 -0.002160114327)
(3.916981788e-07 3.505346221e-19 -0.002160171178)
(3.873169549e-07 3.603243448e-19 -0.002160228109)
(3.816507053e-07 3.7536616e-19 -0.002160284946)
(3.747655244e-07 3.965232989e-19 -0.002160341512)
(3.667392398e-07 4.282061176e-19 -0.002160397631)
(3.576304282e-07 4.722856253e-19 -0.002160453134)
(3.475172769e-07 4.80452976e-19 -0.00216050784)
(3.364508272e-07 4.987440868e-19 -0.002160561588)
(3.244961965e-07 5.315784153e-19 -0.002160614188)
(3.11697285e-07 5.350370929e-19 -0.002160665487)
(2.981181971e-07 5.207263232e-19 -0.00216071529)
(2.838009221e-07 5.161491805e-19 -0.002160763448)
(2.688026608e-07 5.183766824e-19 -0.002160809771)
(2.531636786e-07 5.208614856e-19 -0.002160854102)
(2.369327676e-07 5.242672635e-19 -0.002160896263)
(2.201445678e-07 5.21944528e-19 -0.002160936091)
(2.028482055e-07 4.925536152e-19 -0.002160973417)
(1.85086639e-07 4.767183352e-19 -0.002161008079)
(1.668937407e-07 4.688006233e-19 -0.002161039916)
(1.483104729e-07 4.63300877e-19 -0.002161068768)
(1.293690622e-07 4.59754605e-19 -0.002161094485)
(1.101107376e-07 4.590052718e-19 -0.002161116912)
(9.056890061e-08 4.468940893e-19 -0.002161135909)
(7.077336283e-08 4.446637366e-19 -0.002161151332)
(5.075676968e-08 4.515379669e-19 -0.00216116305)
(3.062181205e-08 4.605874775e-19 -0.002161170932)
(1.062795061e-08 4.740602188e-19 -0.002161174859)
(2.057378385e-08 -5.209423694e-20 -0.002159627842)
(5.347965139e-08 -1.546336354e-19 -0.002159632341)
(8.40957393e-08 -2.301200191e-19 -0.002159642419)
(1.150137922e-07 -3.872599325e-19 -0.002159657353)
(1.447231099e-07 -3.576442471e-19 -0.002159676753)
(1.728629889e-07 -1.987319419e-19 -0.002159700327)
(1.99347937e-07 -9.659988848e-20 -0.002159727821)
(2.241049919e-07 2.245341029e-20 -0.002159758981)
(2.469862699e-07 -4.357866566e-20 -0.00215979351)
(2.679113473e-07 -1.029173871e-22 -0.002159831128)
(2.86919841e-07 2.367080747e-20 -0.002159871634)
(3.039736143e-07 1.299751364e-19 -0.002159914777)
(3.190362591e-07 2.147389419e-19 -0.002159960291)
(3.321808898e-07 2.561156932e-19 -0.002160007996)
(3.434054736e-07 2.625316469e-19 -0.002160057644)
(3.527688977e-07 2.666220384e-19 -0.002160109023)
(3.603397557e-07 2.46082804e-19 -0.00216016194)
(3.661555312e-07 2.38585558e-19 -0.002160216165)
(3.702906876e-07 2.862818923e-19 -0.002160271529)
(3.728024599e-07 2.883756839e-19 -0.002160327796)
(3.737768466e-07 3.250635607e-19 -0.002160384815)
(3.732904589e-07 3.605802724e-19 -0.002160442365)
(3.714198641e-07 3.611046259e-19 -0.002160500298)
(3.682386733e-07 3.691295854e-19 -0.002160558398)
(3.638146665e-07 3.799594888e-19 -0.002160616519)
(3.582212036e-07 3.899746145e-19 -0.002160674453)
(3.515206578e-07 3.943394355e-19 -0.002160732058)
(3.437874529e-07 4.469723439e-19 -0.002160789134)
(3.350815608e-07 4.991981406e-19 -0.002160845534)
(3.254735599e-07 5.297427842e-19 -0.00216090107)
(3.150100032e-07 5.282397495e-19 -0.002160955588)
(3.03747981e-07 5.442968847e-19 -0.002161008908)
(2.917311378e-07 5.584827412e-19 -0.002161060867)
(2.790090972e-07 5.455114838e-19 -0.002161111296)
(2.656312246e-07 5.469373413e-19 -0.002161160025)
(2.516292802e-07 5.618786254e-19 -0.002161206892)
(2.370514521e-07 5.733319407e-19 -0.002161251721)
(2.219230173e-07 5.369006102e-19 -0.002161294356)
(2.062857508e-07 5.342256446e-19 -0.002161334617)
(1.901690955e-07 4.987480487e-19 -0.002161372354)
(1.736128417e-07 4.921123303e-19 -0.002161407389)
(1.566424508e-07 4.862880645e-19 -0.002161439575)
(1.392916424e-07 4.804149548e-19 -0.002161468738)
(1.215879898e-07 4.731681572e-19 -0.002161494736)
(1.035657869e-07 4.617693474e-19 -0.002161517405)
(8.525302366e-08 4.700188513e-19 -0.002161536606)
(6.66731769e-08 4.747035791e-19 -0.002161552186)
(4.785850708e-08 4.716551978e-19 -0.002161564015)
(2.89063829e-08 4.730261073e-19 -0.002161571953)
(1.00574921e-08 4.718923895e-19 -0.002161575881)
(1.914700676e-08 -1.123043344e-19 -0.002159981785)
(4.976086832e-08 -5.222267196e-19 -0.002159986408)
(7.821818405e-08 -4.722255274e-19 -0.002159996927)
(1.069034132e-07 -1.4550589e-19 -0.002160012531)
(1.344209893e-07 -2.506406104e-19 -0.002160032827)
(1.604680889e-07 -7.842487333e-20 -0.002160057509)
(1.849133436e-07 2.620611947e-20 -0.002160086275)
(2.076097075e-07 1.196475608e-19 -0.002160118789)
(2.284654449e-07 3.244049692e-20 -0.002160154745)
(2.474997385e-07 3.415882325e-20 -0.002160193911)
(2.646753715e-07 5.298120293e-20 -0.002160236017)
(2.799281522e-07 5.838304481e-20 -0.002160280754)
(2.933357163e-07 1.659362219e-20 -0.002160327909)
(3.049127497e-07 1.048442545e-19 -0.002160377233)
(3.146687433e-07 1.184404894e-19 -0.002160428464)
(3.226979207e-07 1.921144245e-19 -0.002160481412)
(3.290379197e-07 2.248563318e-19 -0.002160535816)
(3.337735561e-07 2.462086583e-19 -0.002160591484)
(3.369528315e-07 2.739486683e-19 -0.002160648191)
(3.386688552e-07 2.969919182e-19 -0.00216070574)
(3.390040776e-07 3.185091568e-19 -0.002160763937)
(3.380408413e-07 3.341757358e-19 -0.002160822589)
(3.358549935e-07 3.385905083e-19 -0.002160881515)
(3.325194953e-07 3.70470917e-19 -0.002160940529)
(3.281066972e-07 3.955234597e-19 -0.002160999459)
(3.22682967e-07 4.151323021e-19 -0.002161058129)
(3.163223667e-07 4.330113089e-19 -0.00216111637)
(3.090822576e-07 4.483229481e-19 -0.00216117402)
(3.010346125e-07 4.634247837e-19 -0.002161230907)
(2.922247968e-07 4.722690096e-19 -0.002161286881)
(2.82708211e-07 4.699935959e-19 -0.002161341765)
(2.725179511e-07 4.561616901e-19 -0.002161395413)
(2.617054285e-07 4.792094489e-19 -0.002161447646)
(2.502987965e-07 4.890090799e-19 -0.002161498324)
(2.383400775e-07 4.902090052e-19 -0.002161547265)
(2.258528558e-07 4.815261816e-19 -0.002161594326)
(2.1286933e-07 4.699098436e-19 -0.002161639331)
(1.994059878e-07 4.785272568e-19 -0.002161682127)
(1.854927417e-07 4.858209893e-19 -0.002161722543)
(1.71149394e-07 4.921336175e-19 -0.002161760424)
(1.564013295e-07 5.061111943e-19 -0.002161795603)
(1.412680977e-07 5.084124774e-19 -0.00216182792)
(1.257686648e-07 5.100148726e-19 -0.002161857214)
(1.099252457e-07 5.119468869e-19 -0.002161883326)
(9.375840334e-08 5.150786513e-19 -0.002161906102)
(7.729002881e-08 5.181609636e-19 -0.002161925386)
(6.053432962e-08 5.238708983e-19 -0.002161941032)
(4.351946699e-08 5.250021101e-19 -0.002161952893)
(2.633523028e-08 5.172758134e-19 -0.002161960831)
(9.199422163e-09 5.109346234e-19 -0.002161964708)
(1.701862075e-08 4.82605545e-20 -0.002160336378)
(4.42226575e-08 6.685493873e-20 -0.002160341138)
(6.949630953e-08 -3.138604527e-20 -0.00216035215)
(9.494098706e-08 8.85071277e-20 -0.002160368486)
(1.192919243e-07 -5.230672579e-20 -0.002160389716)
(1.422210641e-07 3.58424688e-20 -0.002160415476)
(1.635698467e-07 1.125260704e-19 -0.002160445405)
(1.832534389e-07 4.679337772e-20 -0.002160479178)
(2.012660065e-07 7.708377152e-20 -0.00216051652)
(2.17561188e-07 8.602496954e-20 -0.002160557133)
(2.320543465e-07 8.704692991e-20 -0.002160600673)
(2.448023464e-07 1.055376795e-19 -0.002160646881)
(2.558489602e-07 9.507432695e-20 -0.002160695502)
(2.651806109e-07 1.466372904e-19 -0.002160746218)
(2.729005566e-07 1.850827907e-19 -0.002160798815)
(2.790535523e-07 2.317677788e-19 -0.002160853035)
(2.837065066e-07 2.292616563e-19 -0.002160908635)
(2.869463076e-07 2.156522994e-19 -0.002160965401)
(2.88836439e-07 2.710533723e-19 -0.002161023085)
(2.894823327e-07 3.072676105e-19 -0.002161081518)
(2.889665407e-07 3.353606104e-19 -0.002161140462)
(2.873784533e-07 3.600772662e-19 -0.002161199762)
(2.847957905e-07 3.845315343e-19 -0.002161259195)
(2.812946625e-07 4.070580809e-19 -0.002161318622)
(2.769488246e-07 4.37078751e-19 -0.002161377833)
(2.718227924e-07 4.444009547e-19 -0.002161436698)
(2.659864128e-07 4.666823509e-19 -0.002161495025)
(2.594958256e-07 4.456772939e-19 -0.002161552684)
(2.524125732e-07 4.608137459e-19 -0.0021616095)
(2.447735931e-07 4.777499716e-19 -0.002161665339)
(2.366213627e-07 4.683267814e-19 -0.002161720035)
(2.279824453e-07 4.577817951e-19 -0.002161773449)
(2.188944587e-07 4.708588469e-19 -0.002161825425)
(2.093769525e-07 4.794167467e-19 -0.002161875816)
(1.994479611e-07 4.826191999e-19 -0.002161924471)
(1.891296757e-07 4.693263476e-19 -0.002161971235)
(1.78421496e-07 4.783056027e-19 -0.002162015961)
(1.673394422e-07 4.900446851e-19 -0.002162058483)
(1.558863857e-07 4.947064852e-19 -0.002162098655)
(1.440765354e-07 5.231150163e-19 -0.002162136308)
(1.319091369e-07 5.340147968e-19 -0.002162171296)
(1.193929326e-07 5.32381001e-19 -0.002162203442)
(1.065298186e-07 5.361897078e-19 -0.002162232599)
(9.333087788e-08 5.370832541e-19 -0.002162258593)
(7.98031745e-08 5.454914475e-19 -0.002162281278)
(6.595540143e-08 5.39589791e-19 -0.002162300482)
(5.17939352e-08 5.280715466e-19 -0.002162316061)
(3.73354856e-08 5.190914124e-19 -0.002162327852)
(2.265670715e-08 5.285897937e-19 -0.002162335716)
(7.959708081e-09 5.293247823e-19 -0.002162339495)
(1.406218929e-08 2.240499473e-19 -0.0021606953)
(3.652540562e-08 6.997864302e-19 -0.002160700179)
(5.735582445e-08 6.071452533e-19 -0.002160711683)
(7.823627255e-08 1.08685052e-19 -0.002160728709)
(9.806448288e-08 1.409991014e-19 -0.002160750768)
(1.16553867e-07 1.29886311e-19 -0.002160777464)
(1.336104319e-07 1.765025421e-19 -0.002160808455)
(1.492035614e-07 2.162046228e-19 -0.002160843423)
(1.632676528e-07 1.783597481e-19 -0.002160882022)
(1.75711186e-07 1.583145565e-19 -0.00216092387)
(1.865675128e-07 2.828945172e-19 -0.00216096866)
(1.95897107e-07 2.379099827e-19 -0.002161016119)
(2.036743611e-07 2.092999537e-19 -0.002161065898)
(2.09988089e-07 2.17905023e-19 -0.002161117721)
(2.149283753e-07 2.108134942e-19 -0.002161171332)
(2.185366212e-07 2.044593653e-19 -0.002161226427)
(2.209213551e-07 2.52241808e-19 -0.002161282799)
(2.221436739e-07 2.88953053e-19 -0.00216134017)
(2.223213092e-07 3.155131557e-19 -0.002161398337)
(2.215426224e-07 3.384412617e-19 -0.002161457076)
(2.19912498e-07 3.604465826e-19 -0.002161516192)
(2.175139486e-07 3.839023437e-19 -0.002161575492)
(2.144333652e-07 4.123532702e-19 -0.002161634792)
(2.107490923e-07 4.102613276e-19 -0.002161693924)
(2.065310306e-07 4.127198533e-19 -0.002161752723)
(2.018495993e-07 4.177437161e-19 -0.002161811034)
(1.967603224e-07 4.189173243e-19 -0.002161868712)
(1.913260251e-07 4.367818073e-19 -0.00216192561)
(1.855825401e-07 4.550127457e-19 -0.002161981598)
(1.795693434e-07 4.623334632e-19 -0.002162036529)
(1.733011721e-07 4.709705211e-19 -0.002162090281)
(1.66806896e-07 4.786986301e-19 -0.002162142706)
(1.600903821e-07 4.885040843e-19 -0.002162193689)
(1.531656852e-07 5.001521242e-19 -0.002162243075)
(1.460262265e-07 5.146388244e-19 -0.002162290749)
(1.386734433e-07 5.444492432e-19 -0.002162336554)
(1.310887084e-07 5.467919402e-19 -0.002162380365)
(1.232664957e-07 5.493225649e-19 -0.002162422021)
(1.151905033e-07 5.265515571e-19 -0.00216246139)
(1.068501458e-07 5.222250667e-19 -0.002162498307)
(9.822461196e-08 5.09626935e-19 -0.002162532627)
(8.930056231e-08 5.119290316e-19 -0.002162564184)
(8.006193359e-08 4.92272951e-19 -0.002162592823)
(7.0499831e-08 5.014552316e-19 -0.002162618377)
(6.060419966e-08 5.009807004e-19 -0.002162640685)
(5.036445928e-08 5.121247183e-19 -0.00216265958)
(3.97747118e-08 5.181200382e-19 -0.002162674901)
(2.883591944e-08 5.278631779e-19 -0.002162686484)
(1.760422233e-08 5.364205516e-19 -0.00216269417)
(6.261010011e-09 5.42897655e-19 -0.002162697796)
(1.005424519e-08 1.342213545e-19 -0.002161062686)
(2.609180422e-08 3.170894455e-19 -0.002161067606)
(4.087292999e-08 4.204515101e-19 -0.002161079511)
(5.552064191e-08 1.630657516e-19 -0.0021610971)
(6.922249709e-08 2.611048141e-19 -0.00216111986)
(8.178491584e-08 1.843012999e-19 -0.002161147412)
(9.314823887e-08 1.377112358e-19 -0.002161179388)
(1.032218141e-07 2.116056421e-19 -0.002161215389)
(1.119106602e-07 3.708983158e-19 -0.002161254992)
(1.192344629e-07 3.002954107e-19 -0.00216129784)
(1.252675322e-07 2.79699591e-19 -0.002161343626)
(1.299890572e-07 2.707841932e-19 -0.002161391967)
(1.334508422e-07 3.155188967e-19 -0.002161442524)
(1.357776844e-07 2.817562386e-19 -0.002161495034)
(1.37009984e-07 2.392782103e-19 -0.00216154915)
(1.372750683e-07 2.322203551e-19 -0.002161604611)
(1.366586535e-07 3.097590494e-19 -0.002161661146)
(1.35248446e-07 3.813354402e-19 -0.002161718492)
(1.331801071e-07 3.687909404e-19 -0.002161776444)
(1.30549947e-07 3.701474754e-19 -0.002161834752)
(1.274701495e-07 3.760231669e-19 -0.002161893254)
(1.240294106e-07 3.803853049e-19 -0.00216195172)
(1.203198036e-07 3.755828968e-19 -0.002162010018)
(1.164202392e-07 3.929334803e-19 -0.002162067945)
(1.124015529e-07 3.953901705e-19 -0.002162125392)
(1.08330807e-07 4.21827294e-19 -0.002162182184)
(1.042601211e-07 4.29780785e-19 -0.002162238227)
(1.002397355e-07 4.719060238e-19 -0.002162293368)
(9.62931732e-08 4.729278609e-19 -0.002162347516)
(9.244248654e-08 4.763328814e-19 -0.002162400536)
(8.869007147e-08 4.826728416e-19 -0.002162452334)
(8.504357988e-08 4.907518254e-19 -0.002162502788)
(8.148551954e-08 4.992514336e-19 -0.002162551796)
(7.800678558e-08 5.099448917e-19 -0.002162599241)
(7.458252122e-08 5.236317042e-19 -0.002162645011)
(7.117947722e-08 5.418874132e-19 -0.002162688986)
(6.77621801e-08 5.444603318e-19 -0.002162731039)
(6.428522795e-08 5.502479154e-19 -0.002162771048)
(6.071610705e-08 5.584055571e-19 -0.002162808869)
(5.700507561e-08 5.509742564e-19 -0.002162844372)
(5.311192068e-08 5.38902168e-19 -0.002162877397)
(4.898930934e-08 5.364903252e-19 -0.002162907804)
(4.460051974e-08 5.246147663e-19 -0.002162935422)
(3.990618045e-08 5.332006673e-19 -0.002162960099)
(3.487262421e-08 5.410574057e-19 -0.002162981655)
(2.946772652e-08 5.525103021e-19 -0.002162999931)
(2.366474895e-08 5.554207394e-19 -0.002163014742)
(1.744692973e-08 5.617294746e-19 -0.002163025925)
(1.084264387e-08 5.68146682e-19 -0.002163033297)
(3.999929693e-09 5.751794309e-19 -0.002163036688)
(4.734439837e-09 8.170249006e-20 -0.002161443127)
(1.225476207e-08 1.625227799e-19 -0.002161448024)
(1.904021279e-08 2.006684578e-19 -0.002161460271)
(2.548597793e-08 1.895808162e-19 -0.002161478367)
(3.118809029e-08 2.102672525e-19 -0.002161501776)
(3.601091662e-08 2.053655823e-19 -0.002161530088)
(3.984126587e-08 1.94983699e-19 -0.002161562845)
(4.258704592e-08 1.416923108e-19 -0.002161599586)
(4.42630729e-08 2.770971505e-19 -0.002161639909)
(4.494896166e-08 4.066020386e-19 -0.002161683459)
(4.463133452e-08 3.446594264e-19 -0.00216172982)
(4.333388538e-08 3.424581825e-19 -0.00216177858)
(4.121552266e-08 3.733599717e-19 -0.002161829434)
(3.833671317e-08 3.79356128e-19 -0.002161882022)
(3.478975018e-08 3.862286698e-19 -0.00216193601)
(3.072039026e-08 4.282600421e-19 -0.00216199113)
(2.621426858e-08 4.001412474e-19 -0.002162047048)
(2.142614898e-08 3.975799802e-19 -0.002162103549)
(1.646460248e-08 3.934791525e-19 -0.00216216037)
(1.146628173e-08 3.928803071e-19 -0.002162217308)
(6.531287217e-09 4.002872121e-19 -0.002162274156)
(1.767775411e-09 4.146754244e-19 -0.002162330736)
(-2.732735583e-09 4.236106144e-19 -0.002162386888)
(-6.888268743e-09 4.404463462e-19 -0.002162442464)
(-1.062598842e-08 4.530814272e-19 -0.002162497338)
(-1.388553979e-08 4.73472331e-19 -0.002162551392)
(-1.661614955e-08 5.012846198e-19 -0.002162604523)
(-1.879174972e-08 4.912290014e-19 -0.002162656639)
(-2.039355052e-08 4.841519999e-19 -0.002162707646)
(-2.14311252e-08 4.886890345e-19 -0.002162757469)
(-2.190698988e-08 4.930029338e-19 -0.002162806019)
(-2.185243068e-08 5.124161538e-19 -0.002162853231)
(-2.12961849e-08 5.042210834e-19 -0.002162899009)
(-2.029063519e-08 5.142656338e-19 -0.00216294329)
(-1.888396169e-08 5.195378252e-19 -0.002162985968)
(-1.714976827e-08 5.266081987e-19 -0.002163026971)
(-1.515082768e-08 5.33536906e-19 -0.002163066176)
(-1.29647681e-08 5.409215433e-19 -0.002163103499)
(-1.066324935e-08 5.491891911e-19 -0.002163138807)
(-8.331474185e-09 5.588435554e-19 -0.00216317199)
(-6.046799171e-09 5.517674625e-19 -0.0021632029)
(-3.890284889e-09 5.714915167e-19 -0.002163231403)
(-1.934256396e-09 5.90665294e-19 -0.002163257335)
(-2.518930311e-10 5.847729118e-19 -0.002163280544)
(1.088886614e-09 5.988799381e-19 -0.002163300849)
(2.02844514e-09 5.881235098e-19 -0.002163318079)
(2.511498869e-09 5.911617593e-19 -0.002163332044)
(2.495464634e-09 5.87591572e-19 -0.002163342563)
(1.975056578e-09 5.881656878e-19 -0.002163349436)
(1.040771346e-09 5.889216047e-19 -0.002163352472)
(-2.161400868e-09 5.397556642e-20 -0.002161842363)
(-5.669720481e-09 8.761335802e-20 -0.002161847194)
(-9.201916253e-09 1.069122516e-19 -0.002161859762)
(-1.331997749e-08 1.662154758e-19 -0.0021618783)
(-1.795527169e-08 2.214191605e-19 -0.002161902217)
(-2.320973634e-08 2.437967832e-19 -0.002161931024)
(-2.917554071e-08 2.711470859e-19 -0.002161964225)
(-3.583320461e-08 3.235942239e-19 -0.00216200138)
(-4.311023555e-08 2.831078506e-19 -0.002162042078)
(-5.100497255e-08 3.6433301e-19 -0.002162085856)
(-5.950793195e-08 4.381581957e-19 -0.002162132234)
(-6.845789289e-08 4.707613204e-19 -0.002162180851)
(-7.774166951e-08 4.453958273e-19 -0.002162231324)
(-8.728326243e-08 4.513940168e-19 -0.002162283233)
(-9.690138571e-08 4.872322197e-19 -0.002162336282)
(-1.0650045e-07 4.872578624e-19 -0.002162390121)
(-1.159242176e-07 4.489231911e-19 -0.002162444455)
(-1.250025359e-07 4.281649966e-19 -0.002162499035)
(-1.336130438e-07 4.120384421e-19 -0.002162553589)
(-1.416066238e-07 3.899916884e-19 -0.002162607938)
(-1.488714849e-07 4.003800842e-19 -0.002162661846)
(-1.552874659e-07 4.387601749e-19 -0.00216271519)
(-1.607619333e-07 4.734412004e-19 -0.002162767782)
(-1.652085604e-07 4.712695755e-19 -0.002162819541)
(-1.685581266e-07 4.769501693e-19 -0.002162870325)
(-1.707576598e-07 4.891944027e-19 -0.002162920086)
(-1.717664718e-07 5.073806767e-19 -0.002162968718)
(-1.71575108e-07 4.926955015e-19 -0.002163016196)
(-1.701851032e-07 4.776670046e-19 -0.002163062437)
(-1.676250005e-07 4.609026612e-19 -0.00216310743)
(-1.639250388e-07 4.718613952e-19 -0.002163151109)
(-1.591462514e-07 4.887919684e-19 -0.002163193461)
(-1.533500714e-07 4.899204941e-19 -0.002163234428)
(-1.466231321e-07 4.978960832e-19 -0.002163273984)
(-1.390560351e-07 5.059914036e-19 -0.002163312069)
(-1.307593313e-07 5.134275293e-19 -0.002163348633)
(-1.218383244e-07 5.194956027e-19 -0.002163383608)
(-1.124062742e-07 5.248632099e-19 -0.00216341692)
(-1.025879599e-07 5.295955682e-19 -0.002163448478)
(-9.250883265e-08 5.332287459e-19 -0.002163478179)
(-8.229810546e-08 5.346234788e-19 -0.002163505909)
(-7.207581627e-08 5.452829249e-19 -0.002163531534)
(-6.196352467e-08 5.568399089e-19 -0.002163554914)
(-5.207513097e-08 5.669675673e-19 -0.002163575883)
(-4.252217031e-08 5.805475222e-19 -0.002163594276)
(-3.340311019e-08 5.761557306e-19 -0.002163609903)
(-2.480878463e-08 5.888836835e-19 -0.002163622573)
(-1.682072909e-08 5.917649759e-19 -0.002163632077)
(-9.485945832e-09 5.882421723e-19 -0.002163638206)
(-2.787832857e-09 5.865784033e-19 -0.002163640727)
(-1.094187622e-08 2.826333358e-20 -0.002162267341)
(-2.849445322e-08 8.672413165e-21 -0.002162272024)
(-4.518043661e-08 -7.725580104e-20 -0.002162284814)
(-6.280317322e-08 1.360199101e-19 -0.002162303585)
(-8.07020562e-08 2.936787053e-19 -0.002162327705)
(-9.883947566e-08 2.67366175e-19 -0.002162356651)
(-1.172060302e-07 2.806826271e-19 -0.002162389952)
(-1.357387734e-07 3.056534736e-19 -0.002162427135)
(-1.54423622e-07 3.212982851e-19 -0.002162467679)
(-1.732491768e-07 3.457476734e-19 -0.002162511043)
(-1.920521263e-07 3.610758586e-19 -0.002162556787)
(-2.106673794e-07 4.753277514e-19 -0.002162604499)
(-2.290264495e-07 4.456760168e-19 -0.002162653695)
(-2.469333684e-07 4.423359422e-19 -0.002162703998)
(-2.642168953e-07 4.485032801e-19 -0.002162755045)
(-2.807472482e-07 4.504336388e-19 -0.002162806451)
(-2.963101342e-07 4.470272443e-19 -0.002162857965)
(-3.107586253e-07 4.469575821e-19 -0.002162909266)
(-3.23907004e-07 4.538119932e-19 -0.002162960136)
(-3.356237548e-07 4.616708674e-19 -0.002163010351)
(-3.457646136e-07 4.993054051e-19 -0.002163059732)
(-3.542101662e-07 4.749364497e-19 -0.002163108133)
(-3.608594817e-07 4.714311471e-19 -0.002163155427)
(-3.656256761e-07 4.701619118e-19 -0.002163201529)
(-3.684443321e-07 4.720346683e-19 -0.002163246361)
(-3.692707319e-07 4.767741673e-19 -0.002163289887)
(-3.680815681e-07 4.838924685e-19 -0.002163332072)
(-3.648830376e-07 4.932000274e-19 -0.002163372906)
(-3.597061442e-07 4.758577701e-19 -0.002163412387)
(-3.525976093e-07 4.66636904e-19 -0.002163450522)
(-3.436319865e-07 4.611160617e-19 -0.00216348733)
(-3.328946791e-07 4.520333229e-19 -0.002163522819)
(-3.204996285e-07 4.639297635e-19 -0.002163557012)
(-3.065640503e-07 4.661525348e-19 -0.002163589909)
(-2.91237899e-07 4.865722464e-19 -0.002163621524)
(-2.746678054e-07 5.027530923e-19 -0.002163651833)
(-2.570197832e-07 5.062731806e-19 -0.002163680833)
(-2.384570378e-07 5.107954228e-19 -0.00216370847)
(-2.191622962e-07 5.165292539e-19 -0.002163734709)
(-1.993124185e-07 5.240535646e-19 -0.002163759459)
(-1.790917354e-07 5.226237952e-19 -0.00216378265)
(-1.586756606e-07 5.221225466e-19 -0.002163804156)
(-1.382413391e-07 5.192290145e-19 -0.002163823862)
(-1.179592701e-07 5.296127451e-19 -0.002163841605)
(-9.799152345e-08 5.535239452e-19 -0.002163857228)
(-7.848878445e-08 5.66569238e-19 -0.002163870531)
(-5.959021949e-08 5.731685155e-19 -0.00216388132)
(-4.142697779e-08 5.672357682e-19 -0.002163889361)
(-2.410313603e-08 5.640508702e-19 -0.002163894428)
(-7.682004605e-09 5.625013903e-19 -0.002163896248)
(-2.203180913e-08 6.348086537e-20 -0.002162725974)
(-5.7322513e-08 1.19542488e-19 -0.002162730364)
(-9.065212729e-08 1.734756222e-19 -0.002162743194)
(-1.253616891e-07 1.624453968e-19 -0.00216276192)
(-1.599757062e-07 2.237716246e-19 -0.002162785916)
(-1.942646936e-07 2.185681509e-19 -0.002162814672)
(-2.281757142e-07 2.625566977e-19 -0.002162847661)
(-2.616912652e-07 3.047227209e-19 -0.002162884296)
(-2.947745235e-07 3.421343743e-19 -0.002162923975)
(-3.272582108e-07 3.647250305e-19 -0.00216296618)
(-3.589301845e-07 3.831483536e-19 -0.002163010446)
(-3.896888869e-07 3.980948928e-19 -0.002163056231)
(-4.193526377e-07 4.023600037e-19 -0.002163103058)
(-4.476773892e-07 4.136744602e-19 -0.002163150545)
(-4.745198252e-07 4.221026418e-19 -0.002163198235)
(-4.99635885e-07 4.285168124e-19 -0.002163245794)
(-5.228186021e-07 4.346208373e-19 -0.002163292904)
(-5.438874414e-07 4.437871813e-19 -0.002163339262)
(-5.626359243e-07 4.603203426e-19 -0.002163384662)
(-5.789138159e-07 4.908365281e-19 -0.002163428855)
(-5.925573376e-07 4.97399445e-19 -0.002163471726)
(-6.034479359e-07 4.674166632e-19 -0.002163513104)
(-6.114726039e-07 4.586937805e-19 -0.002163552941)
(-6.165525754e-07 4.550912621e-19 -0.002163591146)
(-6.186278097e-07 4.536713294e-19 -0.002163627727)
(-6.176659469e-07 4.522362323e-19 -0.002163662657)
(-6.13669916e-07 4.483647414e-19 -0.002163695993)
(-6.066684629e-07 4.489588563e-19 -0.002163727747)
(-5.967256997e-07 4.319378154e-19 -0.002163758009)
(-5.839182251e-07 4.477564293e-19 -0.00216378682)
(-5.683625034e-07 4.567022673e-19 -0.00216381429)
(-5.501864063e-07 4.629606601e-19 -0.002163840473)
(-5.295519226e-07 4.698892277e-19 -0.002163865474)
(-5.066324654e-07 4.766644308e-19 -0.002163889345)
(-4.816326013e-07 4.769611106e-19 -0.002163912172)
(-4.547576778e-07 4.867570622e-19 -0.00216393399)
(-4.262338995e-07 4.808913935e-19 -0.002163954849)
(-3.962917557e-07 4.849768676e-19 -0.002163974754)
(-3.651786479e-07 4.881938865e-19 -0.002163993711)
(-3.331389824e-07 4.903364334e-19 -0.002164011684)
(-3.004208845e-07 4.974255258e-19 -0.002164028627)
(-2.672702242e-07 5.039790782e-19 -0.002164044456)
(-2.339304379e-07 5.107405951e-19 -0.002164059068)
(-2.006419512e-07 5.082096564e-19 -0.002164072329)
(-1.676301859e-07 5.091634575e-19 -0.002164084079)
(-1.351104044e-07 5.197806108e-19 -0.002164094131)
(-1.032844165e-07 5.176899638e-19 -0.002164102273)
(-7.234438554e-08 5.227513415e-19 -0.002164108266)
(-4.247241075e-08 5.251516091e-19 -0.002164111854)
(-1.383133592e-08 5.260774322e-19 -0.002164112738)
(-3.594411513e-08 9.412642523e-20 -0.002163227473)
(-9.347368814e-08 2.093830464e-19 -0.002163231423)
(-1.476439643e-07 3.656686299e-19 -0.002163244127)
(-2.037131155e-07 1.753094784e-19 -0.002163262573)
(-2.59156138e-07 6.066151085e-20 -0.002163286128)
(-3.135871562e-07 1.665901194e-19 -0.002163314252)
(-3.669751915e-07 2.391996579e-19 -0.002163346298)
(-4.192567409e-07 3.067428955e-19 -0.002163381605)
(-4.70239468e-07 3.915952719e-19 -0.002163419585)
(-5.196705962e-07 3.896966151e-19 -0.002163459698)
(-5.673978708e-07 4.134992012e-19 -0.002163501347)
(-6.132372735e-07 3.151520902e-19 -0.002163543949)
(-6.568778218e-07 3.673820024e-19 -0.002163587052)
(-6.981220415e-07 3.885433095e-19 -0.002163630162)
(-7.367382997e-07 3.987796451e-19 -0.002163672835)
(-7.7242718e-07 4.053007499e-19 -0.002163714743)
(-8.049827513e-07 4.109986802e-19 -0.002163755498)
(-8.341445363e-07 4.154240947e-19 -0.002163794854)
(-8.597293501e-07 4.182372791e-19 -0.002163832556)
(-8.815381173e-07 4.160816801e-19 -0.002163868424)
(-8.994071616e-07 3.984584307e-19 -0.002163902323)
(-9.132040775e-07 4.156548872e-19 -0.002163934149)
(-9.228154637e-07 4.238256834e-19 -0.00216396387)
(-9.281672347e-07 4.294361711e-19 -0.00216399146)
(-9.292109601e-07 4.335446824e-19 -0.002164016971)
(-9.259353328e-07 4.356664828e-19 -0.002164040448)
(-9.183711539e-07 4.344530513e-19 -0.002164061998)
(-9.06580795e-07 4.275183168e-19 -0.002164081724)
(-8.90663266e-07 4.493640061e-19 -0.002164099772)
(-8.707402032e-07 4.570327327e-19 -0.002164116285)
(-8.469735281e-07 4.613493846e-19 -0.002164131427)
(-8.195503776e-07 4.658267502e-19 -0.002164145358)
(-7.886855666e-07 4.723772225e-19 -0.00216415824)
(-7.546266634e-07 4.830020914e-19 -0.002164170229)
(-7.176374644e-07 4.695042751e-19 -0.002164181464)
(-6.780047408e-07 4.571473825e-19 -0.00216419208)
(-6.360192931e-07 4.554032396e-19 -0.002164202177)
(-5.919984169e-07 4.618038313e-19 -0.00216421185)
(-5.46260683e-07 4.64510916e-19 -0.002164221146)
(-4.991372872e-07 4.645723643e-19 -0.002164230105)
(-4.509541051e-07 4.751972646e-19 -0.002164238711)
(-4.020414815e-07 4.862353476e-19 -0.002164246941)
(-3.527244217e-07 4.984886683e-19 -0.00216425471)
(-3.033229952e-07 5.028438187e-19 -0.002164261923)
(-2.541433588e-07 4.90557975e-19 -0.002164268428)
(-2.054775924e-07 4.884071332e-19 -0.002164274056)
(-1.576049724e-07 4.834304384e-19 -0.002164278585)
(-1.107895864e-07 4.917518567e-19 -0.00216428178)
(-6.531433141e-08 4.963691861e-19 -0.002164283354)
(-2.146975567e-08 4.984927309e-19 -0.002164282992)
(-5.32609487e-08 6.335055525e-20 -0.002163783065)
(-1.38455778e-07 1.11439448e-19 -0.002163786429)
(-2.185088068e-07 1.266717228e-19 -0.002163798835)
(-3.01100215e-07 1.074317324e-19 -0.002163816688)
(-3.824435943e-07 1.234947802e-19 -0.002163839326)
(-4.619719973e-07 1.55448999e-19 -0.002163866126)
(-5.396030379e-07 2.108501529e-19 -0.002163896387)
(-6.151137369e-07 2.566572337e-19 -0.002163929451)
(-6.882065124e-07 2.911351496e-19 -0.0021639647)
(-7.586595903e-07 3.389789058e-19 -0.002164001468)
(-8.262642695e-07 3.612174221e-19 -0.002164039071)
(-8.906697322e-07 3.631359937e-19 -0.002164076963)
(-9.515720709e-07 3.779915091e-19 -0.002164114604)
(-1.008726786e-06 3.812577171e-19 -0.00216415143)
(-1.061766462e-06 3.816870747e-19 -0.002164187044)
(-1.110423929e-06 3.827054967e-19 -0.002164221035)
(-1.15442169e-06 3.896217296e-19 -0.002164253052)
(-1.193467155e-06 3.900554846e-19 -0.002164282845)
(-1.227348515e-06 3.88962434e-19 -0.002164310146)
(-1.255836509e-06 3.878743391e-19 -0.002164334841)
(-1.278770223e-06 3.869570066e-19 -0.00216435678)
(-1.295995335e-06 3.900250237e-19 -0.002164375955)
(-1.307414566e-06 3.94202657e-19 -0.002164392335)
(-1.312954071e-06 4.05761497e-19 -0.002164406004)
(-1.312588165e-06 4.175551503e-19 -0.002164417036)
(-1.306333328e-06 4.279176051e-19 -0.002164425593)
(-1.294252424e-06 4.351528664e-19 -0.002164431826)
(-1.276453185e-06 4.444105181e-19 -0.002164435961)
(-1.253073939e-06 4.721475846e-19 -0.002164438202)
(-1.224301509e-06 4.570434401e-19 -0.00216443882)
(-1.190352273e-06 4.563868632e-19 -0.002164438045)
(-1.151486971e-06 4.574792853e-19 -0.002164436164)
(-1.107990198e-06 4.594810226e-19 -0.002164433411)
(-1.060190937e-06 4.622736914e-19 -0.002164430063)
(-1.008430023e-06 4.631076802e-19 -0.002164426334)
(-9.530796285e-07 4.636698832e-19 -0.002164422472)
(-8.945232393e-07 4.652933899e-19 -0.002164418652)
(-8.331713183e-07 4.609311263e-19 -0.002164415062)
(-7.694380193e-07 4.563035661e-19 -0.002164411822)
(-7.037505144e-07 4.491277799e-19 -0.002164409047)
(-6.365331085e-07 4.482219236e-19 -0.002164406785)
(-5.682153638e-07 4.615365581e-19 -0.002164405068)
(-4.992228139e-07 4.70476791e-19 -0.002164403861)
(-4.299713077e-07 4.735457079e-19 -0.002164403107)
(-3.608657571e-07 4.754936627e-19 -0.002164402682)
(-2.922945168e-07 4.779116377e-19 -0.002164402438)
(-2.246305216e-07 4.806891847e-19 -0.002164402161)
(-1.582285996e-07 4.836923721e-19 -0.002164401616)
(-9.348991008e-08 4.859563635e-19 -0.002164400506)
(-3.08822088e-08 4.871039923e-19 -0.002164398497)
(-1.716923585e-06 3.568977615e-19 -0.002164834895)
(-1.745919496e-06 3.594135139e-19 -0.002164841264)
(-1.767204429e-06 3.547430334e-19 -0.002164844005)
(-1.780685787e-06 3.310607915e-19 -0.002164843159)
(-1.786306348e-06 3.746796886e-19 -0.002164838888)
(-1.784067008e-06 4.018947077e-19 -0.002164831343)
(-1.774022276e-06 4.277997573e-19 -0.002164820787)
(-1.756279308e-06 4.21900278e-19 -0.002164807462)
(-1.730995917e-06 4.196024867e-19 -0.002164791706)
(-1.698370786e-06 4.227252097e-19 -0.002164773831)
(-1.65866105e-06 4.308223356e-19 -0.002164754221)
(-1.612157182e-06 4.383962234e-19 -0.002164733228)
(-1.55920199e-06 4.433197918e-19 -0.002164711249)
(-1.500171554e-06 4.43002041e-19 -0.002164688651)
(-1.435486273e-06 4.528610798e-19 -0.002164665814)
(-1.365586531e-06 4.593067762e-19 -0.002164643088)
(-1.290942669e-06 4.6416246e-19 -0.002164620813)
(-1.212053392e-06 4.686887746e-19 -0.002164599291)
(-1.129436515e-06 4.594303225e-19 -0.002164578795)
(-1.043624268e-06 4.593946927e-19 -0.002164559562)
(-9.551567277e-07 4.77986917e-19 -0.002164541778)
(-8.645792307e-07 4.715347025e-19 -0.00216452559)
(-7.724398257e-07 4.680859784e-19 -0.002164511087)
(-6.792859274e-07 4.622215357e-19 -0.002164498314)
(-5.856524063e-07 4.640132193e-19 -0.002164487253)
(-4.920643516e-07 4.616221923e-19 -0.00216447784)
(-3.990307581e-07 4.652110126e-19 -0.002164469945)
(-3.070373831e-07 4.743576543e-19 -0.00216446339)
(-2.165554247e-07 4.801878203e-19 -0.002164457941)
(-1.281312678e-07 4.839800431e-19 -0.002164453311)
(-4.245322907e-08 4.858027891e-19 -0.002164449146)
)
;

boundaryField
{
    front_top
    {
        type            wedge;
    }
    front_middle
    {
        type            wedge;
    }
    front_bottom
    {
        type            wedge;
    }
    back_top
    {
        type            wedge;
    }
    back_middle
    {
        type            wedge;
    }
    back_bottom
    {
        type            wedge;
    }
    axis_top
    {
        type            symmetryPlane;
    }
    axis_middle
    {
        type            symmetryPlane;
    }
    axis_bottom
    {
        type            symmetryPlane;
    }
    wall_top
    {
        type            slip;
    }
    wall_middle
    {
        type            noSlip;
    }
    wall_bottom
    {
        type            noSlip;
    }
    inlet
    {
        type            fixedValue;
        value           nonuniform 0();
    }
    outlet
    {
        type            zeroGradient;
    }
    procBoundary7to6
    {
        type            processor;
        value           nonuniform List<vector> 
51
(
(-7.46902196e-08 4.71484609e-20 -0.002164406191)
(-1.941148207e-07 5.474082448e-20 -0.00216440876)
(-3.061995132e-07 -5.158600867e-20 -0.002164420591)
(-4.216393025e-07 -9.568945015e-21 -0.002164437341)
(-5.351004467e-07 1.677824163e-19 -0.002164458353)
(-6.457118306e-07 9.99363502e-20 -0.002164482967)
(-7.532445068e-07 1.951918167e-19 -0.002164510482)
(-8.573676575e-07 2.227902194e-19 -0.002164540194)
(-9.577738348e-07 2.209415532e-19 -0.002164571357)
(-1.054193222e-06 3.324473015e-19 -0.002164603195)
(-1.146226162e-06 3.399596493e-19 -0.002164635036)
(-1.233452968e-06 3.688410947e-19 -0.002164666284)
(-1.315586724e-06 4.105723368e-19 -0.002164696282)
(-1.392220499e-06 3.797838011e-19 -0.002164724503)
(-1.462945909e-06 3.63909131e-19 -0.002164750508)
(-1.527457943e-06 3.460142545e-19 -0.002164773827)
(-1.585380823e-06 3.872113328e-19 -0.002164794174)
(-1.636446664e-06 3.688411232e-19 -0.002164811251)
(-1.680371714e-06 3.585201469e-19 -0.002164824865)
(-1.680371714e-06 3.585201469e-19 -0.002164824865)
(-2.283355077e-06 3.101864608e-19 -0.002165376674)
(-2.319617457e-06 3.485800487e-19 -0.002165363088)
(-2.345723652e-06 3.716611054e-19 -0.002165344827)
(-2.361574639e-06 3.862204613e-19 -0.002165322064)
(-2.367148968e-06 3.863898231e-19 -0.002165295009)
(-2.362476839e-06 3.808816214e-19 -0.00216526396)
(-2.347663467e-06 3.780815967e-19 -0.00216522925)
(-2.322872173e-06 3.957954177e-19 -0.00216519128)
(-2.288321729e-06 3.836514073e-19 -0.002165150479)
(-2.244291453e-06 4.037228887e-19 -0.002165107327)
(-2.191115808e-06 4.202491551e-19 -0.002165062307)
(-2.129184835e-06 4.365637774e-19 -0.002165015948)
(-2.058932701e-06 4.55076832e-19 -0.002164968755)
(-1.980851978e-06 4.607692944e-19 -0.002164921266)
(-1.895466489e-06 4.601370035e-19 -0.002164873977)
(-1.803342833e-06 4.620735384e-19 -0.002164827404)
(-1.705072698e-06 4.635167023e-19 -0.002164781996)
(-1.60128778e-06 4.616814397e-19 -0.002164738211)
(-1.49263601e-06 4.821291532e-19 -0.002164696429)
(-1.379788939e-06 4.952975837e-19 -0.002164657023)
(-1.263424683e-06 5.054374142e-19 -0.002164620276)
(-1.144234005e-06 4.986687336e-19 -0.002164586455)
(-1.022910702e-06 4.910896791e-19 -0.002164555731)
(-9.001470545e-07 4.889951492e-19 -0.002164528246)
(-7.766267806e-07 4.904159881e-19 -0.002164504047)
(-6.530220302e-07 4.930524914e-19 -0.002164483144)
(-5.299919452e-07 4.961527653e-19 -0.002164465449)
(-4.081596196e-07 4.959359601e-19 -0.002164450834)
(-2.881401883e-07 4.935325441e-19 -0.002164439079)
(-1.706598179e-07 4.984234992e-19 -0.002164429926)
(-5.666266049e-08 5.008087979e-19 -0.002164423002)
)
;
    }
    procBoundary7to8
    {
        type            processor;
        value           nonuniform List<vector> 
51
(
(1.806584445e-08 -6.418502419e-19 -0.002154317194)
(4.705173026e-08 -1.927285046e-19 -0.002154319851)
(7.410866798e-08 1.788940677e-19 -0.002154325597)
(1.015225819e-07 9.100099523e-20 -0.002154334144)
(1.280425544e-07 1.20758551e-19 -0.002154345318)
(1.533406463e-07 1.979922196e-19 -0.002154358979)
(1.773162072e-07 3.048403939e-19 -0.002154374986)
(1.999154255e-07 2.56224886e-19 -0.002154393254)
(2.210823292e-07 9.243258003e-20 -0.002154413681)
(2.407340095e-07 5.65398258e-20 -0.002154436162)
(2.588290474e-07 1.207844929e-19 -0.002154460593)
(2.753552981e-07 1.798994019e-19 -0.002154486885)
(2.902714928e-07 1.638904174e-19 -0.002154514935)
(3.035971851e-07 1.621733537e-19 -0.002154544662)
(3.153387384e-07 1.556383528e-19 -0.002154575978)
(3.2549389e-07 1.481345441e-19 -0.002154608776)
(3.340814011e-07 1.427145073e-19 -0.002154642966)
(3.411124338e-07 1.379620564e-19 -0.002154678431)
(3.466245956e-07 1.995351851e-19 -0.002154715083)
(3.506503499e-07 2.196145258e-19 -0.0021547528)
(3.532237539e-07 2.540651875e-19 -0.002154791486)
(3.54389078e-07 2.634776876e-19 -0.002154831009)
(3.541850588e-07 2.794747855e-19 -0.002154871264)
(3.526680815e-07 2.592785973e-19 -0.002154912114)
(3.49882301e-07 2.477720699e-19 -0.002154953444)
(3.458801132e-07 2.38665553e-19 -0.002154995111)
(3.406977309e-07 2.700489193e-19 -0.00215503698)
(3.343862854e-07 2.841182877e-19 -0.002155078906)
(3.270136592e-07 2.849600771e-19 -0.002155120741)
(3.186256761e-07 2.726733362e-19 -0.002155162341)
(3.09286481e-07 2.653471497e-19 -0.002155203539)
(2.990298775e-07 2.461082184e-19 -0.00215524419)
(2.879165306e-07 2.46786213e-19 -0.002155284124)
(2.759810157e-07 2.491741313e-19 -0.002155323189)
(2.63276389e-07 2.528147299e-19 -0.002155361216)
(2.498549568e-07 2.577957087e-19 -0.002155398044)
(2.395108384e-07 2.708607852e-19 -0.002155930668)
(2.395108384e-07 2.708607852e-19 -0.002155930668)
(2.245180339e-07 2.941068818e-19 -0.002155964957)
(2.089341941e-07 3.050429947e-19 -0.002155997516)
(1.928015166e-07 3.009030959e-19 -0.002156028185)
(1.761729648e-07 3.034690524e-19 -0.002156056798)
(1.59079728e-07 3.024130587e-19 -0.002156083205)
(1.415671406e-07 3.028844877e-19 -0.002156107242)
(1.236626488e-07 3.047231742e-19 -0.002156128763)
(1.054073689e-07 3.080728182e-19 -0.002156147615)
(8.683075693e-08 3.132603738e-19 -0.002156163661)
(6.796191026e-08 3.105424845e-19 -0.002156176756)
(4.882765071e-08 3.101437047e-19 -0.002156186771)
(2.953070995e-08 3.118404624e-19 -0.002156193572)
(1.032640764e-08 3.052537355e-19 -0.00215619704)
)
;
    }
}


// ************************************************************************* //
