/*--------------------------------*- C++ -*----------------------------------*\
  =========                 |
  \\      /  F ield         | OpenFOAM: The Open Source CFD Toolbox
   \\    /   O peration     | Website:  https://openfoam.org
    \\  /    A nd           | Version:  7
     \\/     M anipulation  |
\*---------------------------------------------------------------------------*/
FoamFile
{
    version     2.0;
    format      ascii;
    class       volVectorField;
    location    "0.0021";
    object      grad(generalizedNewtonian:nu);
}
// * * * * * * * * * * * * * * * * * * * * * * * * * * * * * * * * * * * * * //

dimensions      [0 1 -1 0 0 0 0];

internalField   nonuniform List<vector> 
1167
(
(-99250.74004 -2.2053486e-07 584149.8719)
(-215957.8506 0 582233.8279)
(-348384.5409 4.647337568e-08 578139.4477)
(-479640.9469 0 572406.3719)
(-599666.334 0 565265.5252)
(-713470.0434 0 556548.611)
(-818499.4182 9.987356081e-09 546556.8433)
(-913709.8357 0 534953.5362)
(-999471.2169 -8.073877753e-09 522263.0803)
(-1076011.616 -7.42733373e-09 508710.4627)
(-1142534.815 0 494261.5038)
(-1199380.17 6.485422231e-09 479020.2061)
(-1247303.642 0 463450.4178)
(-1285573.698 0 447119.2872)
(-1315460.032 0 430606.0731)
(-1337205.323 0 413900.9808)
(-1351320.892 0 397009.1173)
(-1358514.19 0 380311.6901)
(-1359178.889 2.445383862e-09 363473.8212)
(-1354030.228 0 347042.1454)
(-1343708.948 4.662950627e-09 330659.3353)
(-1328754.344 0 314799.9925)
(-1309885 2.243978923e-09 299191.2942)
(-1287515.362 0 284137.7169)
(-1262245.674 0 269519.9054)
(-1234548.466 0 255394.5407)
(-1204841.01 0 241886.0186)
(-1173843.179 0 228826.6169)
(-1141515.184 0 216476.03)
(-1108549.573 0 204512.4523)
(-1074913.723 1.029538895e-09 193287.2606)
(-1041190.931 0 182495.58)
(-1007318.609 0 172337.3008)
(-973715.1099 0 162692.0926)
(-940604.0058 0 153557.6828)
(-907916.6484 0 144990.9668)
(-96972.10003 0 566064.4043)
(-210506.6411 0 564459.3761)
(-339741.5258 0 560792.4998)
(-468539.6806 -1.732947444e-08 555375.1002)
(-585728.075 0 548451.5648)
(-695871.8033 0 539871.5431)
(-797361.4229 2.028579069e-08 529734.8097)
(-890194.4278 -1.807659002e-08 518599.3549)
(-974061.1304 0 506478.3121)
(-1047856.107 0 493232.4243)
(-1112176.517 0 479161.6468)
(-1167631.255 0 464643.1902)
(-1213320.049 0 449323.3117)
(-1250361.152 -5.929912631e-09 433620.2687)
(-1279161.909 5.675625958e-09 417745.0701)
(-1299757.576 0 401407.9001)
(-1313158.553 0 385258.3257)
(-1319566.812 0 368789.9392)
(-1319819.53 -4.96693467e-09 352702.349)
(-1314441.023 2.421779914e-09 336507.5683)
(-1304063.466 0 320852.7499)
(-1289341.839 2.320449444e-09 305258.4973)
(-1270744.398 0 290309.7811)
(-1248954.086 0 275561.0811)
(-1224219.022 0 261485.3434)
(-1197312.314 0 247729.105)
(-1168469.823 0 234656.5679)
(-1138280.762 0 222043.8582)
(-1106954.963 1.059718847e-09 209998.8327)
(-1074812.462 1.052031978e-09 198539.8273)
(-1042372.662 0 187543.2072)
(-1009556.49 0 177212.8117)
(-976925.7005 0 167256.9884)
(-944397.7652 0 157987.6009)
(-912399.1749 -1.030204365e-09 149114.5889)
(-880789.1332 -1.028620929e-09 140807.1116)
(-849845.6914 0 132931.6837)
(-819653.7428 1.027774647e-09 125507.771)
(-790206.972 5.142125804e-10 118550.3692)
(-761717.5532 0 111942.8291)
(-734043.0492 0 105811.5952)
(-707376.882 0 99950.23941)
(-681570.5181 0 94536.76325)
(-656780.9825 0 89366.52359)
(-632916.3171 -5.226502846e-10 84586.34136)
(-610048.192 0 80040.66853)
(-588047.9186 0 75814.69236)
(-566856.0908 -5.305135488e-10 71812.84106)
(-547091.3198 0 68080.49434)
(-531750.3088 -2.684767592e-10 64545.68887)
(-95097.45904 0 549961.007)
(-205857.5599 0 548324.6864)
(-331836.5012 0 544692.87)
(-457100.9647 0 539349.5791)
(-570942.9956 0 532238.6598)
(-678247.3269 0 523861.1634)
(-777822.9729 0 514291.5808)
(-868431.0178 0 503611.597)
(-949174.1077 0 491561.4518)
(-1020868.298 0 478727.2985)
(-1083769.908 0 465331.6584)
(-1136879.697 0 451041.2002)
(-1181128.281 0 436182.9135)
(-1216961.565 0 421091.9751)
(-1244138.047 0 405324.6195)
(-1263960.123 0 389666.6233)
(-1276364.49 0 373676.6257)
(-1282329.698 0 357869.4167)
(-1282181.102 0 342057.5385)
(-1276668.519 0 326530.3159)
(-1266346.088 0 311188.5465)
(-1251746.487 0 296258.1693)
(-1233570.921 0 281616.3268)
(-1212074.922 0 267495.8159)
(-1188008.657 2.245045712e-09 253668.6165)
(-1161658.337 0 240520.9172)
(-1133729.296 0 227675.122)
(-1104294.429 0 215557.9093)
(-1073971.047 1.076222523e-09 203796.0754)
(-1042793.526 0 192720.5443)
(-1011297.041 0 182083.0158)
(-979521.5169 0 172010.9153)
(-947790.9158 0 162474.0049)
(-916465.0841 0 153395.0736)
(-885377.0934 0 144898.6614)
(-854908.2411 0 136750.0674)
(-824937.1246 0 129185.0171)
(-795784.4386 0 121950.3917)
(-767314.1863 0 115222.3035)
(-739762.2884 0 108835.7236)
(-713019.2685 5.238795575e-10 102859.2533)
(-687171.9817 0 97232.15822)
(-662282.8937 0 91929.49133)
(-638274.72 0 86977.05855)
(-615260.9792 -5.307898504e-10 82287.92927)
(-593117.5456 0 77930.5308)
(-571877.0847 0 73783.76001)
(-551363.8196 0 69946.13533)
(-532260.9681 0 66283.20334)
(-517536.2194 0 62896.26381)
(-92809.10604 0 534542.9945)
(-200600.7699 7.89408287e-08 532848.8749)
(-323654.985 0 529147.6701)
(-446091.7578 0 524093.4257)
(-557511.8507 0 517553.6012)
(-662636.5254 0 509566.0574)
(-759221.3642 0 500228.4699)
(-846593.2842 0 489416.2878)
(-925500.3888 8.457001282e-09 477881.5805)
(-995731.9301 0 465650.2863)
(-1056113.798 0 452364.1354)
(-1107523.767 0 438391.1703)
(-1150425.822 0 424104.0158)
(-1184315.403 0 408996.5988)
(-1210682.595 0 393876.0471)
(-1229467.942 -2.81469058e-09 378520.4697)
(-1241235.721 0 363033.0272)
(-1246687.759 -2.634290035e-09 347688.1752)
(-1246239.697 0 332256.5037)
(-1240592.272 0 317215.757)
(-1230289.298 0 302216.1997)
(-1215906.389 -2.393287803e-09 287737.9225)
(-1197986.422 0 273455.0152)
(-1176909.982 0 259687.6508)
(-1153392.038 0 246300.7472)
(-1127753.775 0 233445.0082)
(-1100433.047 -2.226252455e-09 221107.6271)
(-1071950.063 0 209224.7847)
(-1042340.258 -1.092983171e-09 197956.7024)
(-1012206.962 0 187068.1496)
(-981541.3472 0 176857.1691)
(-950869.8282 0 166993.7653)
(-920155.8187 0 157801.3462)
(-889798.2222 1.065042446e-09 148997.2514)
(-859702.1079 1.062542236e-09 140725.7123)
(-830116.3715 1.060909097e-09 132894.6402)
(-801206.835 5.300447723e-10 125490.8118)
(-772910.493 0 118560.0083)
(-745466.1384 1.060707183e-09 111960.8413)
(-718749.7727 1.062065013e-09 105844.2562)
(-692951.2269 5.320382425e-10 99983.22431)
(-667939.8473 0 94575.2349)
(-643872.1395 0 89405.77554)
(-620664.9237 0 84621.22207)
(-598394.5871 0 80073.00402)
(-576977.6829 0 75839.54991)
(-556419.0184 5.442091485e-10 71832.19888)
(-536576.3361 0 68089.14457)
(-518100.0367 -2.751839761e-10 64559.09657)
(-503783.7519 2.769041812e-10 61252.91379)
(-90847.72625 0 521322.4579)
(-195871.3079 0 519804.4055)
(-316448.1156 0 516301.8896)
(-436543.5631 0 511294.1551)
(-544850.2953 0 504723.3637)
(-646649.4549 0 496528.9919)
(-740422.3171 0 487118.0106)
(-826269.5809 0 476928.9674)
(-903507.2604 0 465872.6752)
(-970907.5263 0 453553.7254)
(-1029431.057 0 440481.7566)
(-1079515.074 0 426972.4414)
(-1120311.676 -6.52521447e-09 412623.3113)
(-1153292.507 0 398085.8833)
(-1178724.129 0 383380.9616)
(-1196518.219 0 368228.9311)
(-1207691.658 0 353298.3447)
(-1212476.49 0 338049.592)
(-1211741.095 2.601313435e-09 323222.2483)
(-1205898.481 0 308275.3431)
(-1195617.48 0 293873.3172)
(-1181418.248 2.430559979e-09 279525.5742)
(-1163704.453 0 265783.6446)
(-1143156.352 0 252187.5579)
(-1120155.355 0 239307.023)
(-1095288.824 0 226678.6937)
(-1068714.82 2.260923284e-09 214754.6909)
(-1040987.637 0 203173.3235)
(-1012227.414 1.110004885e-09 192198.6326)
(-982903.3493 -1.101953257e-09 181688.0417)
(-953224.3743 0 171688.2242)
(-923373.9289 0 162238.1946)
(-893750.0808 0 153206.2659)
(-864230.582 0 144766.0682)
(-835185.2087 -1.079089874e-09 136646.6342)
(-806524.4337 0 129116.2094)
(-778557.1696 -1.076598986e-09 121906.1536)
(-751174.8894 0 115192.664)
(-724607.3104 0 108820.3682)
(-698764.1511 0 102850.2079)
(-673730.5437 0 97230.07554)
(-649587.8678 0 91928.52388)
(-626255.1528 0 86978.70218)
(-603850.9204 0 82287.29247)
(-582263.587 0 77929.55161)
(-561564.0135 0 73778.43161)
(-541643.9604 5.526844597e-10 69938.76051)
(-522454.98 -2.778438038e-10 66269.15146)
(-504576.9505 -2.794695892e-10 62887.48443)
(-490721.4311 2.812165841e-10 59641.21544)
(-89060.32185 0 510138.6808)
(-191414.5284 8.141876438e-08 508511.7595)
(-308893.4301 0 504935.4645)
(-425882.7582 3.686897216e-08 499677.1193)
(-531389.5989 0 492914.0556)
(-631032.6377 0 485123.8772)
(-723451.8777 0 476278.9884)
(-807109.8389 0 466326.4526)
(-881238.3358 0 454919.6285)
(-946801.6248 0 442768.0571)
(-1003953.932 0 430076.0493)
(-1051812.052 0 416474.5139)
(-1091611.715 0 402461.4519)
(-1123658.13 0 388350.5475)
(-1147571.896 -3.018765746e-09 373537.923)
(-1164720.997 0 358856.112)
(-1175026.334 0 343887.9012)
(-1179500.969 0 329116.8633)
(-1178442.588 0 314389.9759)
(-1172538.742 2.576204389e-09 299915.3733)
(-1162340.577 0 285693.1721)
(-1148294.872 0 271795.8915)
(-1130917.702 -2.424241192e-09 258232.4665)
(-1110759.543 0 245145.7366)
(-1088432.437 2.35157813e-09 232448.2047)
(-1064075.353 0 220310.437)
(-1038301.618 -2.296134042e-09 208528.9838)
(-1011217.22 0 197393.1477)
(-983391.7434 0 186576.8096)
(-954874.0305 0 176452.4992)
(-926149.8125 -2.224486668e-09 166663.3424)
(-897234.6899 0 157515.7053)
(-868504.9799 0 148761.5366)
(-839907.736 -1.0984739e-09 140520.8252)
(-811678.2702 0 132723.9036)
(-784016.4599 0 125341.1092)
(-756850.3477 0 118432.599)
(-730428.8409 0 111847.292)
(-704645.709 -1.094002554e-09 105744.9474)
(-679691.4923 -5.477015032e-10 99892.62254)
(-655450.2224 -5.487388088e-10 94496.10094)
(-632079.0922 0 89330.33489)
(-609504.849 5.517652195e-10 84552.47096)
(-587804.4696 0 80006.44477)
(-566906.8674 5.559770105e-10 75777.5967)
(-546855.4018 0 71772.20805)
(-527570.7174 0 68033.26585)
(-508983.2558 -2.821708373e-10 64504.33636)
(-491666.675 0 61203.28821)
(-478235.415 0 58078.90061)
(-86896.034 0 499963.3864)
(-186536.4219 0 498266.5717)
(-301329.3544 0 494757.738)
(-415889.3872 0 489953.8129)
(-519558.0289 1.497147957e-08 483767.2615)
(-617244.9078 0 476241.5755)
(-706618.7574 1.09576894e-08 467270.226)
(-787144.2927 0 456771.4215)
(-859619.9082 -8.858304839e-09 445570.461)
(-923778.5079 0 433701.7907)
(-978600.1386 0 420796.2458)
(-1025161.244 0 407341.0718)
(-1063936.534 0 393701.7583)
(-1094191.785 6.406271445e-09 379273.4905)
(-1117369.402 0 364829.5841)
(-1133654.148 2.948253921e-09 350219.1841)
(-1143475.555 -2.847005773e-09 335467.7143)
(-1147572.239 2.759292968e-09 320973.6036)
(-1146288.176 0 306352.35)
(-1140363.21 0 292241.3197)
(-1130193.546 0 278111.715)
(-1116322.065 0 264567.4515)
(-1099344.768 0 251148.2974)
(-1079707.651 0 238410.6433)
(-1057898.696 0 225925.2222)
(-1034186.313 -2.358097272e-09 214056.7057)
(-1009082.705 0 202573.4131)
(-982772.3691 0 191639.6992)
(-955666.9167 0 181199.2161)
(-928084.6023 1.136543292e-09 171231.7047)
(-900127.2595 -1.129564957e-09 161829.1744)
(-872219.8219 1.123805535e-09 152823.1278)
(-844278.1732 0 144416.8826)
(-816661.0814 0 136319.0235)
(-789309.3346 0 128816.2553)
(-762522.8869 0 121623.292)
(-736219.7227 1.110393156e-09 114929.7486)
(-710624.916 0 108570.7826)
(-685667.798 0 102616.8849)
(-661443.985 0 97007.74596)
(-638016.2149 5.572846427e-10 91719.78339)
(-615339.6904 0 86779.00356)
(-593528.2112 0 82098.84732)
(-572474.8864 0 77748.74937)
(-552260.831 5.646355692e-10 73607.17898)
(-532816.6507 5.671988235e-10 69774.36083)
(-514153.7126 0 66112.77069)
(-496135.0147 0 62736.30192)
(-479346.5403 -2.88242069e-10 59501.63046)
(-466430.7058 0 56512.77454)
(-84997.0242 0 493419.2523)
(-182254.0226 0 491825.742)
(-294940.4222 0 488547.1158)
(-407282.182 1.901314063e-08 483706.9078)
(-507884.5405 0 477204.5851)
(-602295.9897 1.279097167e-08 469008.6809)
(-688944.5885 0 459541.6403)
(-768028.2589 0 449335.2194)
(-838923.3983 -8.996261031e-09 438280.0843)
(-900496.7046 0 425998.1932)
(-953797.4817 0 413059.4783)
(-999316.3947 0 399836.1664)
(-1036175.819 -6.834850621e-09 385821.2337)
(-1065604.23 0 371546.9369)
(-1088042.162 0 357245.6949)
(-1103429.788 0 342502.3153)
(-1112849.386 0 328076.2504)
(-1116413.357 2.802265247e-09 313401.6635)
(-1115044.584 -2.724751627e-09 299154.2398)
(-1109022.529 0 284932.02)
(-1098956.023 2.597829835e-09 271166.2717)
(-1085348.177 0 257586.4048)
(-1068730.571 0 244576.1777)
(-1049639.562 -1.230192499e-09 231848.5734)
(-1028323.471 2.425393661e-09 219744.7412)
(-1005340.696 -1.197410734e-09 207942.4041)
(-980862.9165 0 196830.6613)
(-955414.1911 0 186004.2607)
(-929104.7196 0 175894.1249)
(-902381.2695 -1.154243426e-09 166115.1082)
(-875312.79 0 156971.63)
(-848253.0278 0 148227.8006)
(-821188.0259 0 139996.9503)
(-794352.6304 1.132954759e-09 132212.5509)
(-767942.3922 0 124844.3594)
(-741919.3782 0 117949.8562)
(-716527.2635 -1.127686037e-09 111382.6143)
(-691677.3916 0 105295.3114)
(-667564.9315 -1.128343059e-09 99462.89297)
(-644085.996 0 94087.72002)
(-621400.1231 0 88933.05463)
(-599443.9327 0 84178.20875)
(-578299.8304 0 79643.72298)
(-557901.179 0 75435.75041)
(-538301.0993 -5.734290093e-10 71441.23866)
(-519457.6211 -5.760321828e-10 67720.31951)
(-501362.1677 2.894552923e-10 64199.87203)
(-483893.0893 2.910281193e-10 60912.81778)
(-467607.6111 0 57806.37139)
(-455044.9091 2.945609456e-10 54899.58884)
(-83140.20134 -2.495562923e-07 490102.4532)
(-178100.86 0 488237.517)
(-287860.2349 0 484716.3897)
(-396972.7527 0 479219.9638)
(-494727.52 0 472117.494)
(-586973.9466 0 463916.052)
(-672351.1032 0 454676.8541)
(-749427.1011 0 444361.0269)
(-817438.9516 0 432619.204)
(-877389.0464 0 420169.7957)
(-929603.1074 0 407332.6549)
(-973164.0735 -3.669437852e-09 393646.6063)
(-1008949.228 3.470646884e-09 379471.4296)
(-1037616.711 0 365302.2102)
(-1058762.064 3.162012896e-09 350531.5128)
(-1073726.879 0 335947.0127)
(-1082532.014 0 321254.0115)
(-1085895.493 0 306709.2722)
(-1084409.673 0 292411.1456)
(-1078405.981 0 278255.2315)
(-1068501.985 0 264543.6307)
(-1055222.256 2.585544262e-09 251078.3877)
(-1039072.57 2.539276829e-09 238184.1386)
(-1020478.241 0 225632.3995)
(-999784.0173 0 213640.6477)
(-977451.9675 1.216058715e-09 202096.3738)
(-953719.9529 -1.202545355e-09 191072.2005)
(-928962.43 0 180583.7639)
(-903565.8965 0 170557.1503)
(-877596.0135 0 161120.6693)
(-851489.2297 0 152082.7215)
(-825198.7515 -1.159081546e-09 143658.6379)
(-799074.6862 0 135551.1964)
(-773084.0123 -1.15059893e-09 128051.7142)
(-747521.4498 -5.739489372e-10 120856.1179)
(-722330.5253 -5.730667712e-10 114180.7157)
(-697732.9814 -5.726240772e-10 107830.2831)
(-673678.4411 0 101902.6847)
(-650284.0564 0 96310.38479)
(-627561.8415 5.736911578e-10 91052.78661)
(-605537.9427 5.747776859e-10 86133.10061)
(-584311.3388 0 81484.79485)
(-563781.3446 -5.779477065e-10 77157.99153)
(-544033.5943 0 73047.95019)
(-525007.0677 0 69238.35837)
(-506751.6003 0 65606.28572)
(-489190.1196 2.939631497e-10 62251.08026)
(-472245.006 0 59041.85741)
(-456454.7163 0 56081.42838)
(-444248.7263 2.991483164e-10 53242.70916)
(-80673.9424 0 488205.6453)
(-173141.7789 4.330521e-08 486099.6498)
(-280157.0262 0 482512.4964)
(-386617.2695 0 477056.2709)
(-482495.5924 -1.568191012e-08 470295.7472)
(-572876.3831 0 462168.3593)
(-655383.1051 0 452477.5407)
(-729465.3503 0 441230.0929)
(-795908.6334 0 429275.2429)
(-854717.39 0 416798.8036)
(-904855.4878 0 403350.7708)
(-946964.7808 0 389215.7487)
(-981945.2707 0 374991.0832)
(-1009159.904 0 360182.393)
(-1029751.635 0 345318.4692)
(-1044181.587 0 330540.3346)
(-1052579.056 0 315544.8699)
(-1055840.306 0 301046.8025)
(-1054156.164 0 286420.1503)
(-1048279.14 0 272385.6791)
(-1038590.237 -2.679375067e-09 258439.4534)
(-1025709.056 0 245175.4432)
(-1010060.878 0 232138.599)
(-991993.5637 0 219810.3571)
(-971995.1669 0 207761.7224)
(-950312.7569 0 196463.323)
(-927420.1855 0 185455.9065)
(-903484.0092 0 175207.3013)
(-878914.8845 0 165304.7958)
(-853832.6316 0 156064.8587)
(-828570.0936 0 147241.2507)
(-803152.1923 -1.177132648e-09 138958.8613)
(-777821.2361 0 131132.0159)
(-752735.2837 0 123746.2766)
(-727928.725 0 116838.9498)
(-703625.913 0 110281.394)
(-679756.5485 -5.815419106e-10 104202.731)
(-656522.4394 0 98398.51326)
(-633830.297 0 93052.92116)
(-611846.2899 5.826256095e-10 87925.01969)
(-590515.6103 0 83217.67988)
(-569929.9136 0 78714.23817)
(-550027.5831 0 74556.49905)
(-530866.1353 0 70596.55511)
(-512412.7092 0 66925.53304)
(-494696.7323 0 63440.5677)
(-477654.7557 2.985412219e-10 60201.55094)
(-461196.5223 0 57128.37791)
(-445865.6558 0 54270.87029)
(-434006.5983 -3.038071405e-10 51546.75942)
(-78327.02786 1.286949018e-07 490381.0956)
(-168687.04 0 488262.8182)
(-273274.3977 0 484963.6885)
(-377274.0684 0 479381.6774)
(-470374.9597 0 472111.1541)
(-557343.6338 0 463044.3702)
(-636936.0578 0 452408.5271)
(-709542.6889 -1.038697754e-08 441046.4261)
(-774676.1771 9.423153366e-09 428941.2108)
(-831142.6648 -4.334280688e-09 415656.3979)
(-879499.7325 0 401488.6505)
(-920719.6271 3.784620612e-09 387142.5578)
(-954222.9611 0 372209.1298)
(-980660.9074 -3.407383208e-09 356913.5804)
(-1000800.277 0 341836.1162)
(-1014395.827 0 326364.4805)
(-1022687.802 3.028544685e-09 311276.226)
(-1025653.183 0 296209.2737)
(-1024043.557 0 281518.2942)
(-1018335.425 -2.783154737e-09 267125.2384)
(-1009012.026 0 253155.9778)
(-996613.0052 0 239680.2554)
(-981505.3367 0 226675.0857)
(-964088.9885 0 214210.1595)
(-944780.59 0 202288.2234)
(-923888.0604 0 190899.8754)
(-901736.6899 0 180116.5462)
(-878732.3749 0 169824.2669)
(-854964.9282 -1.217848703e-09 160172.0945)
(-830857.7934 0 150957.0837)
(-806399.9332 0 142390.2177)
(-781931.7883 0 134179.5618)
(-757444.4952 -1.190535344e-09 126607.9337)
(-733234.5938 0 119349.3073)
(-709266.7114 0 112659.3421)
(-685759.7252 0 106289.1045)
(-662684.1897 0 100382.7004)
(-640180.8072 -1.181137832e-09 94803.61249)
(-618213.7904 -5.909427072e-10 89590.53874)
(-596887.9448 0 84705.11493)
(-576259.9143 0 80114.93774)
(-556268.0502 0 75835.21664)
(-536995.2793 0 71789.81943)
(-518383.247 0 68032.95994)
(-500494.8922 -3.003197373e-10 64467.04724)
(-483287.9261 0 61165.69156)
(-466744.3284 0 58020.56809)
(-450760.6044 0 55110.83147)
(-435849.7323 0 52340.10886)
(-424366.0117 -3.085385091e-10 49759.20598)
(-75908.40592 0 497666.7219)
(-164391.0469 0 495097.7632)
(-265968.8394 0 491452.2752)
(-366183.2086 2.022551017e-08 484971.2884)
(-456161.3995 1.617416143e-08 476632.3901)
(-540629.2 1.360658571e-08 466895.5065)
(-618818.3752 0 456265.218)
(-689740.9844 0 444574.7532)
(-752112.0393 0 431400.8305)
(-806507.5447 4.401781148e-09 417161.073)
(-853888.9528 4.094566794e-09 402628.7937)
(-893624.0623 0 387479.2863)
(-925853.4558 -3.635336829e-09 371671.6185)
(-951772.5038 -3.460448515e-09 356003.5721)
(-970912.6954 0 339982.2387)
(-984251.5642 -3.185091669e-09 324085.9004)
(-992308.9166 0 308464.2308)
(-995258.9856 2.980951193e-09 292841.3359)
(-993825.2266 -2.898494931e-09 277857.9396)
(-988341.4483 2.826498544e-09 262942.5805)
(-979499.7298 0 248833.1676)
(-967617.5781 -2.708234112e-09 234944.1178)
(-953135.6637 0 221881.9668)
(-936460.9397 0 209128.4497)
(-917912.1092 0 197224.7004)
(-897904.0097 0 185668.9436)
(-876656.5084 0 174948.816)
(-854546.1565 0 164630.0404)
(-831737.1936 -1.236815022e-09 155050.9468)
(-808540.3986 -1.227843553e-09 145931.4737)
(-785016.3736 0 137427.182)
(-761422.7811 0 129408.9558)
(-737854.7845 -1.209076294e-09 121896.3913)
(-714448.0153 0 114885.1748)
(-691392.603 0 108276.826)
(-668640.9784 -1.200520138e-09 102159.6098)
(-646402.7246 -5.997963684e-10 96361.3406)
(-624593.101 0 91025.59812)
(-603387.9179 -6.001458272e-10 85936.46057)
(-582741.4023 0 81286.97413)
(-562758.586 6.020521707e-10 76833.65819)
(-543382.7655 0 72757.28205)
(-524681.4902 0 68859.87281)
(-506624.505 0 65277.41538)
(-489254.0514 3.049968042e-10 61861.09368)
(-472542.1421 0 58710.62281)
(-456457.6252 0 55704.79281)
(-440930.607 0 52928.2059)
(-426415.4039 0 50283.7849)
(-415258.666 -3.13343572e-10 47825.76061)
(-72642.09822 0 507859.4133)
(-158894.1225 -4.53601398e-08 504881.9289)
(-257303.9913 -2.797120329e-08 500970.1385)
(-354079.71 0 494008.5252)
(-441743.1431 0 485669.5206)
(-524583.1872 0 475879.6294)
(-600378.4621 0 464620.4106)
(-668055.7932 -1.071302278e-08 451544.6063)
(-728130.0336 9.718944348e-09 437248.4751)
(-781430.6184 0 422487.8927)
(-827236.3087 -4.158334128e-09 407024.4279)
(-865188.5969 0 390619.8523)
(-896745.0848 7.383904556e-09 374236.0854)
(-921677.2055 0 357575.9996)
(-940296.1601 3.36363828e-09 340654.6289)
(-953529.8485 0 324178.5142)
(-961198.6088 0 307559.4712)
(-964315.7706 0 291488.1056)
(-962965.913 0 275612.0274)
(-957959.1968 0 260365.9088)
(-949643.8096 0 245576.6602)
(-938415.3196 0 231427.6018)
(-924683.4439 0 217844.9565)
(-908817.8038 0 204945.0309)
(-891178.9143 0 192645.7504)
(-872053.1519 0 181064.9355)
(-851837.0679 0 170062.1314)
(-830664.0119 0 159793.7923)
(-808929.2445 0 150055.9745)
(-786657.0471 0 141041.2389)
(-764173.6795 0 132473.0622)
(-741492.4206 6.164951226e-10 124605.0583)
(-718913.7182 0 117113.5097)
(-696416.4137 0 110272.7452)
(-674221.1032 0 103767.3763)
(-652318.1764 0 97806.62661)
(-630853.5875 0 92179.33653)
(-609805.596 -6.091067611e-10 86981.64752)
(-589312.0677 6.094922858e-10 82110.56377)
(-569352.9828 0 77583.54843)
(-549980.3578 0 73360.74999)
(-531229.061 0 69407.63525)
(-513070.6921 0 65732.12292)
(-495568.5429 3.084940388e-10 62272.87408)
(-478689.4361 -3.097467164e-10 59063.70095)
(-462454.5498 0 56028.86559)
(-446811.2043 -3.127076756e-10 53211.08533)
(-431716.5176 0 50542.89118)
(-417589.2757 0 48069.67503)
(-406619.0605 0 45706.61562)
(-69412.71724 0 522933.1895)
(-153762.2716 0 519984.7255)
(-249067.9603 0 516458.0939)
(-342672.5888 0 509462.9366)
(-427873.9788 0 500735.8385)
(-507248.9523 0 489936.8316)
(-579527.9733 0 477067.6394)
(-644801.0906 0 462863.0361)
(-703576.1356 -4.935151518e-09 447946.095)
(-755066.1386 0 432105.8269)
(-798624.7605 0 415079.9743)
(-835751.8581 0 397825.382)
(-866415.7702 0 380394.3376)
(-890232.696 0 362374.0811)
(-908594.0408 0 344687.2332)
(-921304.0919 0 326932.2071)
(-928991.7894 0 309441.4427)
(-932196.6228 0 292433.9225)
(-931252.2459 0 275668.4946)
(-926805.8452 0 259755.4295)
(-919101.7531 0 244137.1965)
(-908642.3068 0 229475.7967)
(-895759.6098 0 215201.0851)
(-880831.4836 0 201920.3096)
(-864205.5074 0 189094.1091)
(-846148.2592 0 177238.8177)
(-826996.5178 -1.299147631e-09 165890.8404)
(-806948.917 0 155427.9677)
(-786290.0507 0 145515.1119)
(-765111.6739 0 136360.4449)
(-743665.9422 0 127766.5021)
(-722037.8291 1.252192309e-09 119808.394)
(-700423.2728 0 112413.2802)
(-678921.1512 0 105530.4623)
(-657591.8012 0 99186.48658)
(-636619.249 0 93253.13817)
(-615929.8676 0 87815.36306)
(-595709.8374 0 82697.41777)
(-575921.1265 0 78037.3973)
(-556685.2218 0 73622.12083)
(-537950.642 0 69616.44898)
(-519799.5301 0 65797.63876)
(-502206.1808 0 62331.71123)
(-485223.8635 0 59017.50286)
(-468834.1476 -3.145705795e-10 56003.84918)
(-453043.419 0 53113.27493)
(-437832.6652 0 50476.33418)
(-423148.4796 -3.193032882e-10 47945.79976)
(-409369.4396 0 45641.75053)
(-398637.2125 -3.231793504e-10 43391.89012)
(-66307.67698 0 546233.6156)
(-149140.5848 0 542960.3065)
(-241098.7627 -2.884921217e-08 539059.7708)
(-330257.5 2.118525597e-08 531144.0955)
(-411703.2117 0 521003.7598)
(-487588.8313 0 508722.6163)
(-557388.2653 0 494968.3261)
(-621015.7621 5.524650904e-09 480118.8651)
(-677516.2993 0 464013.1288)
(-726328.7265 0 446449.9384)
(-768744.8373 -4.288863168e-09 428314.3155)
(-804897.161 0 409914.6469)
(-833944.354 0 390728.8556)
(-857280.4173 0 371605.2413)
(-875152.4011 0 352611.3257)
(-887541.2811 0 333467.7254)
(-895401.5907 0 314947.7656)
(-898675.4145 0 296554.1396)
(-898283.5401 0 278937.5106)
(-894344.5879 0 261755.8617)
(-887432.0679 0 245384.869)
(-877816.5739 0 229637.968)
(-865914.6005 -1.392991645e-09 214742.9603)
(-852063.9663 0 200560.5475)
(-836534.8335 0 187252.6529)
(-819692.7786 0 174668.9268)
(-801707.0081 0 162967.4831)
(-782934.9171 0 151957.1258)
(-763431.3946 0 141804.8528)
(-743499.1859 0 132261.8078)
(-723169.7898 0 123536.8395)
(-702737.906 0 115337.5411)
(-682191.5958 0 107908.0034)
(-661757.5669 0 100909.3617)
(-641437.6209 0 94596.91004)
(-621386.0888 -6.287437551e-10 88667.40958)
(-601590.1877 -6.282580507e-10 83292.61223)
(-582193.4581 -6.282264658e-10 78277.23276)
(-563191.5031 0 73706.32365)
(-544666.1049 0 69458.96849)
(-526599.8666 0 65557.35023)
(-509058.1347 0 61940.08856)
(-492037.6173 0 58594.92875)
(-475574.8793 0 55496.17773)
(-459674.6418 3.194695862e-10 52612.11562)
(-444323.0961 -3.2091987e-10 49933.06755)
(-429534.5143 0 47429.35863)
(-415253.4315 3.242760005e-10 45099.81717)
(-401781.8003 0 42925.50713)
(-391237.1624 0 40851.29079)
(-62494.76434 0 575742.6829)
(-143140.5495 0 571962.68)
(-231142.3728 -2.929849912e-08 567104.3429)
(-315706.7785 0 558096.2627)
(-393929.4164 -8.602752406e-09 547017.1417)
(-467246.1977 0 534223.3715)
(-534826.0011 6.296390977e-09 519809.1785)
(-595534.6353 -5.610689771e-09 503655.4659)
(-648994.187 -5.09006494e-09 485747.7731)
(-696172.9779 0 466929.6453)
(-737242.8349 -4.355656334e-09 447613.8603)
(-771394.577 0 427335.0207)
(-799629.5106 -3.867143627e-09 406656.2494)
(-822532.1091 0 386165.7319)
(-839568.7734 0 365342.8827)
(-851889.8506 3.388188641e-09 344950.6557)
(-859653.6995 0 324798.533)
(-863309.2948 -3.171031173e-09 305067.6095)
(-863412.3185 0 286103.7123)
(-860177.0217 0 267574.777)
(-854110.8031 0 250067.6249)
(-845478.5112 0 233066.2426)
(-834684.1394 0 217203.187)
(-822008.0437 0 201922.0982)
(-807751.4224 1.372282462e-09 187789.3569)
(-792205.6995 0 174301.3458)
(-775589.0893 0 161905.0919)
(-758152.624 -1.326889435e-09 150195.454)
(-740010.0435 0 139463.3864)
(-721385.634 1.306136844e-09 129423.3879)
(-702379.957 0 120234.6659)
(-683203.9494 0 111732.4228)
(-663882.6648 0 103943.9064)
(-644585.0236 0 96807.30632)
(-625405.5807 0 90258.27885)
(-606345.184 0 84301.22291)
(-587570.9235 0 78812.15244)
(-569055.3119 -6.380102321e-10 73856.47563)
(-550934.5096 -6.384140508e-10 69268.38954)
(-533160.6138 0 65143.57871)
(-515832.891 6.40441952e-10 61295.29948)
(-498931.8955 0 57846.32276)
(-482527.1434 3.219870625e-10 54602.05397)
(-466606.9522 3.231327673e-10 51698.17995)
(-451196.3971 0 48940.91836)
(-436300.2609 0 46463.58105)
(-421924.1352 0 44098.75483)
(-408043.7264 -3.293261548e-10 41967.95812)
(-394849.8738 0 39930.53491)
(-384562.7571 0 38040.68231)
(-58437.03487 0 610559.4791)
(-136451.224 0 606794.1074)
(-220481.4739 0 601419.7295)
(-300761.8438 0 592239.0651)
(-376168.9848 0 580882.9491)
(-446415.809 0 567319.2246)
(-510310.8329 0 551440.9194)
(-567612.2116 5.698068511e-09 533498.9323)
(-618932.3337 0 514284.0071)
(-664391.7149 -4.75538302e-09 494247.1)
(-703206.7502 4.423489663e-09 473068.7984)
(-735862.1105 0 451056.9911)
(-763280.4821 0 429027.6721)
(-785009.8774 0 406572.2317)
(-801731.7211 0 384099.1763)
(-813944.0312 -3.440954997e-09 362101.789)
(-821648.2245 0 340135.1744)
(-825785.9904 0 318993.7516)
(-826311.4449 0 298243.4136)
(-823890.8818 0 278402.8587)
(-818669.8592 0 259216.9667)
(-811123.474 0 241008.1374)
(-801497.0961 0 223614.9871)
(-790102.8125 0 207239.0657)
(-777232.9427 0 191748.6247)
(-763090.6434 0 177295.5749)
(-747983.6224 -1.360795138e-09 163726.4422)
(-731990.1968 0 151181.9304)
(-715376.6787 0 139462.8357)
(-698183.3918 0 128732.1057)
(-680685.6717 0 118752.5794)
(-662880.5667 0 109711.3211)
(-644984.6801 0 101314.7215)
(-626994.8863 0 93794.80734)
(-609072.8809 0 86819.66498)
(-591200.6001 0 80610.99167)
(-573529.3562 0 74870.38057)
(-556062.6673 0 69772.37972)
(-538890.0583 0 65087.19891)
(-522000.71 0 60911.47257)
(-505469.7229 0 57085.86957)
(-489303.0925 0 53661.42111)
(-473554.9531 -3.270015661e-10 50524.65352)
(-458226.9598 0 47699.45673)
(-443336.8717 -3.294976681e-10 45098.14429)
(-428917.8479 -3.309934759e-10 42739.30559)
(-414967.2406 -3.326474324e-10 40552.50694)
(-401486.1776 0 38560.23135)
(-388568.0462 0 36701.6521)
(-378433.8829 0 34955.92386)
(-54769.94084 0 653296.371)
(-129789.0569 0 649849.3203)
(-209930.8019 0 643874.6988)
(-286000.6163 0 634326.0834)
(-357365.3425 0 622018.0651)
(-423333.6653 0 606880.4571)
(-483527.3565 0 589378.7203)
(-538212.1718 -5.786807937e-09 570240.5569)
(-587350.9508 5.249840822e-09 549855.801)
(-630223.0741 0 528069.3509)
(-666859.9417 -4.492379311e-09 505008.3582)
(-698323.5701 -4.21698661e-09 481603.0609)
(-724413.405 0 457784.9245)
(-745156.1974 0 433464.3208)
(-761563.8707 -3.633844359e-09 409468.279)
(-773299.425 -3.494543046e-09 385431.8057)
(-781177.3882 0 361897.1644)
(-785590.0303 0 338941.9241)
(-786709.218 0 316484.8697)
(-785028.9286 0 295010.0271)
(-780760.8775 0 274106.9516)
(-774321.8895 0 254396.9208)
(-765927.4102 -1.459092212e-09 235360.5111)
(-755897.1055 0 217590.9754)
(-744465.8892 0 200579.1575)
(-731858.5636 0 184838.1922)
(-718299.1562 -1.381987613e-09 169898.3795)
(-703910.4902 0 156164.0228)
(-688884.7492 0 143249.8527)
(-673323.8251 6.735680785e-10 131438.5613)
(-657415.8336 0 120460.4009)
(-641193.5179 0 110461.9375)
(-624825.2059 -6.632727712e-10 101271.9568)
(-608332.6455 0 92935.55272)
(-591820.7127 0 85358.3086)
(-575320.0269 0 78503.26151)
(-558906.4924 0 72347.47311)
(-542685.3666 0 66792.51785)
(-526604.3478 0 61848.508)
(-510769.9883 0 57383.73512)
(-495164.1596 3.302726334e-10 53440.45063)
(-479869.4116 0 49870.58559)
(-464879.8987 0 46732.68387)
(-450237.8875 0 43871.8803)
(-435952.4093 -3.346291321e-10 41353.48178)
(-422063.5796 0 39039.24329)
(-408589.3689 0 36989.05184)
(-395521.8585 -3.396636215e-10 35085.61628)
(-382907.4726 0 33387.82626)
(-372884.9758 0 31749.27224)
(-51473.56112 0 702759.6743)
(-122672.8917 0 699460.8279)
(-198305.6837 0 692165.9011)
(-269583.1102 0 681707.3574)
(-336478.309 0 668080.2805)
(-398495.2126 0 651735.7829)
(-455628.7106 0 633373.0332)
(-507580.4767 0 613258.3548)
(-553687.2238 0 591345.3262)
(-593726.3062 0 567779.3036)
(-628675.1167 0 543387.7595)
(-658689.7682 0 518428.8305)
(-683129.9554 0 492658.3005)
(-703090.9993 0 466866.7274)
(-718743.89 0 441102.0717)
(-730229.0608 0 415275.9202)
(-738296.8254 0 390152.643)
(-742828.4887 0 365290.0742)
(-744566.9304 0 341309.5155)
(-743533.5085 0 317935.2655)
(-740234.2823 0 295552.5403)
(-734860.7005 0 274011.998)
(-727713.64 0 253524.8869)
(-719043.4263 0 234012.262)
(-709078.7157 0 215593.4267)
(-698026.8403 0 198196.662)
(-686046.6892 0 181913.8117)
(-673329.8023 0 166628.7735)
(-659936.5018 0 152444.3473)
(-646112.0174 0 139207.0926)
(-631860.6631 0 127045.9011)
(-617370.7163 6.763914075e-10 115752.9842)
(-602636.8486 0 105495.9968)
(-587816.8345 0 96021.21151)
(-572872.0833 0 87514.59802)
(-557950.4112 0 79699.16175)
(-543034.4107 0 72778.25512)
(-528209.5883 0 66462.84523)
(-513453.8975 0 60922.37822)
(-498843.9001 0 55901.31312)
(-484381.7674 0 51535.76791)
(-470123.3958 0 47604.55367)
(-456072.9969 3.372660571e-10 44206.65887)
(-442257.4299 0 41148.74915)
(-428713.5479 0 38509.83512)
(-415464.4658 -3.413832718e-10 36123.56108)
(-402545.2621 0 34058.81848)
(-389960.2515 0 32159.83392)
(-377682.0366 0 30510.55809)
(-367927.6807 0 28931.397)
(-48210.49255 0 754421.5144)
(-114239.9948 0 751332.7765)
(-185130.4164 0 742599.532)
(-252145.38 0 731725.3)
(-314717.7609 0 717501.315)
(-373195.1943 0 700728.9702)
(-426977.5578 0 681649.7394)
(-475321.7018 0 660303.0923)
(-518055.4672 0 636927.7756)
(-555842.086 0 612201.0174)
(-588901.2821 0 586642.0881)
(-616673.3684 0 560004.4375)
(-639902.7962 0 532779.4103)
(-659065.8173 0 505563.8359)
(-673789.0236 0 478039.3477)
(-685019.0212 0 450904.1278)
(-692914.9995 0 424069.9858)
(-697746.2371 0 397697.9078)
(-699925.0881 0 372172.8174)
(-699608.248 -1.599226769e-09 347188.0637)
(-697211.6573 -1.563571009e-09 323348.2238)
(-692880.6153 0 300186.1143)
(-686952.0456 0 278284.183)
(-679599.4801 0 257181.437)
(-671064.5745 0 237375.9996)
(-661538.8679 0 218430.7114)
(-651142.9666 0 200780.3813)
(-640042.927 0 183999.6011)
(-628330.6052 0 168465.5813)
(-616188.036 0 153804.6024)
(-603653.3593 0 140307.1554)
(-590874.2164 0 127674.479)
(-577875.104 0 116106.6751)
(-564751.0071 0 105389.7264)
(-551506.6556 0 95625.69253)
(-538247.002 0 86688.31079)
(-524970.7082 0 78603.95513)
(-511724.3432 0 71296.21072)
(-498495.466 0 64738.46531)
(-485323.9634 0 58892.35196)
(-472241.2601 0 53694.04873)
(-459243.1575 0 49119.91483)
(-446361.977 0 45081.90299)
(-433592.4849 0 41559.95528)
(-420986.2434 0 38467.03366)
(-408560.2491 0 35777.61031)
(-396331.2881 0 33407.70352)
(-384345.0663 0 31320.93062)
(-372538.2146 0 29456.81732)
(-363286.3901 0 27822.6176)
(-45422.64069 0 805582.9581)
(-105276.2686 0 803039.1984)
(-171570.3135 -1.582604582e-08 793305.3175)
(-234829.9519 0 782666.5354)
(-293070.1879 9.293824454e-09 768249.0501)
(-347476.5309 0 750934.6741)
(-397094.5804 0 730869.4948)
(-441673.5519 0 708416.8578)
(-481537.0312 0 684163.9335)
(-516929.4368 0 658666.4142)
(-547456.7334 -4.705552763e-09 631878.4051)
(-573332.3259 4.417092062e-09 604040.2248)
(-595266.7297 0 575896.98)
(-613068.0401 0 547310.6588)
(-627191.6149 0 518581.2018)
(-638124.6787 0 490278.6644)
(-645790.4948 0 462079.33)
(-650914.0317 0 434632.5368)
(-653409.7556 0 407683.6437)
(-653782.537 0 381641.663)
(-652185.5795 3.175842908e-09 356403.7859)
(-648875.1957 0 332158.1993)
(-644092.4723 0 308910.9412)
(-638020.1279 0 286709.6529)
(-630865.2275 0 265596.5596)
(-622789.4385 0 245561.3343)
(-613909.8898 0 226613.0885)
(-604367.1247 1.43348046e-09 208746.0474)
(-594270.6223 0 191928.6675)
(-583734.3208 0 176189.0456)
(-572875.9523 0 161429.3339)
(-561722.6226 0 147717.5906)
(-550422.6636 0 134909.0816)
(-538931.426 -6.925177103e-10 123099.3368)
(-527391.0789 0 112113.7607)
(-515778.289 6.898301014e-10 102085.735)
(-504181.2507 0 92812.08253)
(-492552.4683 0 84436.2177)
(-480955.8667 0 76741.40338)
(-469362.5073 3.452908539e-10 69883.20336)
(-457805.9118 0 63637.49982)
(-446260.393 0 58142.8322)
(-434732.0391 0 53178.03494)
(-423230.6954 -3.490905088e-10 48856.95007)
(-411768.4031 3.505080333e-10 44976.95746)
(-400356.5061 0 41621.34091)
(-388985.422 3.538586419e-10 38592.33674)
(-377711.1173 0 35942.36869)
(-366631.4551 0 33468.60559)
(-358472.2776 0 31467.15989)
(-43301.44332 0 854407.5613)
(-96111.97756 0 852399.8002)
(-158009.8903 0 841826.9401)
(-217921.7332 0 831181.2058)
(-270934.272 0 816353.3714)
(-320789.9218 0 798278.916)
(-366355.0315 0 777509.8661)
(-407562.8907 0 754547.7126)
(-444583.7878 0 729898.9704)
(-477187.3994 0 703703.1903)
(-505203.375 0 676066.8444)
(-529330.168 0 647688.9302)
(-549721.4752 0 618828.7524)
(-566252.063 0 589377.9433)
(-579722.854 0 560077.0701)
(-590057.044 0 530805.479)
(-597656.3629 0 501882.3418)
(-602862.1994 0 473608.3366)
(-605765.368 0 445781.0733)
(-606766.5047 0 418982.4694)
(-605940.8691 0 392819.5074)
(-603630.1484 0 367842.1077)
(-599935.3977 0 343673.4405)
(-595107.5927 0 320754.2862)
(-589285.0228 0 298743.1196)
(-582602.4775 0 277999.6198)
(-575192.349 0 258181.5575)
(-567139.5274 0 239612.5324)
(-558611.3043 -1.443506849e-09 221954.5406)
(-549641.6482 0 205514.1309)
(-540365.2125 0 189941.6345)
(-530808.2984 0 175519.4388)
(-521072.2891 0 161923.0397)
(-511158.5283 0 149378.3125)
(-501179.9867 0 137618.2382)
(-491144.119 0 126812.9423)
(-481096.7389 0 116756.6136)
(-471017.1974 0 107553.5471)
(-460947.4602 0 99054.33424)
(-450872.788 0 91320.38473)
(-440802.1853 0 84235.28022)
(-430701.5486 0 77827.63086)
(-420553.0557 0 71993.52015)
(-410364.6405 0 66746.20978)
(-400112.9109 0 61981.10046)
(-389789.752 0 57699.00243)
(-379325.1493 0 53782.85188)
(-368706.8471 0 50206.42647)
(-358634.8173 0 46769.19989)
(-352251.2098 0 43987.43307)
(-41608.09764 0 896892.0042)
(-86688.49052 0 895120.9949)
(-143913.6094 0 883804.8186)
(-200531.6967 0 872924.128)
(-248341.5202 0 857744.0691)
(-293863.1102 0 839424.2269)
(-335711.7662 0 818598.7342)
(-373665.9995 0 795665.8061)
(-407579.9271 5.671568594e-09 770844.8618)
(-437178.7087 0 744280.0251)
(-462960.9604 0 716472.1159)
(-485383.109 0 687952.2133)
(-503980.3584 0 658631.3488)
(-519396.6034 0 629002.1986)
(-532041.4431 0 599431.2714)
(-541820.6706 0 569743.5403)
(-549365.9563 0 540600.9407)
(-554545.1076 0 511799.8211)
(-557830.6756 0 483743.203)
(-559352.0335 0 456405.6514)
(-559305.2106 0 429935.5954)
(-557918.9382 0 404449.6526)
(-555319.7148 0 379913.0714)
(-551704.5967 0 356508.5754)
(-547195.0241 0 334111.5621)
(-541901.6718 0 312889.7529)
(-535928.1937 0 292697.4694)
(-529373.6964 0 273659.924)
(-522365.4333 7.329937432e-10 255659.611)
(-514942.042 0 238752.3779)
(-507217.0924 0 222859.8716)
(-499222.3494 0 207981.3766)
(-491020.7445 0 194073.7349)
(-482652.5849 0 181085.6786)
(-474163.0234 0 169019.4816)
(-465635.6786 0 157777.6443)
(-457023.26 -7.109340968e-10 147379.395)
(-448386.9424 0 137705.7606)
(-439697.3268 0 128798.6432)
(-430986.8448 0 120522.059)
(-422210.8007 0 112924.4707)
(-413356.5705 0 105858.4202)
(-404389.9348 3.587717903e-10 99372.6352)
(-395298.9506 0 93330.43982)
(-386057.5906 0 87764.52791)
(-376618.5018 0 82551.24536)
(-366884.0646 0 77710.51271)
(-356627.7697 0 73102.91068)
(-347608.1001 0 68630.41943)
(-343212.2028 0 64822.88541)
(-512301.9693 0 491171.017)
(-513011.5631 0 464723.9188)
(-512470.877 0 439032.0076)
(-510929.1893 0 414458.805)
(-508465.8453 0 390792.2479)
(-505223.2389 0 368298.1556)
(-501279.7141 0 346771.8131)
(-496711.4861 0 326429.1853)
(-491642.8875 0 307068.9485)
(-486118.2849 0 288883.9893)
(-480239.418 0 271640.5359)
(-474029.0066 0 255536.4734)
(-467580.3647 0 240312.3396)
(-460881.9998 0 226160.8125)
(-454033.3168 0 212813.1748)
(-447031.6595 0 200463.0959)
(-439925.2131 0 188839.8221)
(-432690.8938 0 178097.7485)
(-425366.1728 0 167992.6643)
(-417929.883 0 158654.1323)
(-410388.6645 -3.616756768e-10 149855.2897)
(-402697.4753 -3.623606635e-10 141703.985)
(-394827.0182 0 133989.0665)
(-386761.807 0 126807.2446)
(-378468.9529 0 119973.3031)
(-369935.18 0 113572.8083)
(-361115.4679 0 107447.3553)
(-351867.5 0 101686.6417)
(-341819.2231 0 96118.0634)
(-333678.5675 0 90752.60469)
(-330935.2062 0 85961.4411)
)
;

boundaryField
{
    front_top
    {
        type            wedge;
    }
    front_middle
    {
        type            wedge;
    }
    front_bottom
    {
        type            wedge;
    }
    back_top
    {
        type            wedge;
    }
    back_middle
    {
        type            wedge;
    }
    back_bottom
    {
        type            wedge;
    }
    axis_top
    {
        type            symmetryPlane;
    }
    axis_middle
    {
        type            symmetryPlane;
    }
    axis_bottom
    {
        type            symmetryPlane;
    }
    wall_top
    {
        type            extrapolatedCalculated;
        value           nonuniform List<vector> 
23
(
(-525888.3328 -2.684767592e-10 64545.68887)
(-511893.882 0 62896.26381)
(-498084.8168 2.769041812e-10 61252.91379)
(-485298.8425 2.812165841e-10 59641.21544)
(-473124.1691 0 58078.90061)
(-461489.42 0 56512.77454)
(-450078.5008 2.945609456e-10 54899.58884)
(-439470.1492 2.991483164e-10 53242.70916)
(-429487.289 -3.038071405e-10 51546.75942)
(-420008.422 -3.085385091e-10 49759.20598)
(-410934.4587 -3.13343572e-10 47825.76061)
(-402279.5479 0 45706.61562)
(-394506.4485 -3.231793504e-10 43391.89012)
(-387279.654 0 40851.29079)
(-380670.9027 0 38040.68231)
(-374514.8503 0 34955.92386)
(-368995.659 0 31749.27224)
(-364294.3203 0 28931.397)
(-360035.4769 0 27822.6176)
(-355807.8239 0 31467.15989)
(-350523.2783 0 43987.43307)
(-342472.0856 0 64822.88541)
(-331063.5196 0 85961.4411)
)
;
    }
    wall_middle
    {
        type            extrapolatedCalculated;
        value           nonuniform 0();
    }
    wall_bottom
    {
        type            extrapolatedCalculated;
        value           nonuniform 0();
    }
    inlet
    {
        type            extrapolatedCalculated;
        value           nonuniform 0();
    }
    outlet
    {
        type            extrapolatedCalculated;
        value           nonuniform 0();
    }
    procBoundary7to6
    {
        type            processor;
        value           nonuniform List<vector> 
51
(
(-39990.58774 0 929064.547)
(-76917.42528 0 927397.9859)
(-129607.5569 0 915816.4237)
(-183362.7855 0 905116.3313)
(-226102.808 0 890099.0824)
(-267600.3467 0 872128.7526)
(-305877.2525 0 851687.2704)
(-340380.0902 0 829005.8207)
(-370970.4206 0 804293.6834)
(-397876.26 0 777914.8088)
(-421533.2896 0 750503.8855)
(-441798.6815 0 722117.3702)
(-458858.2882 0 692903.5747)
(-473302.4106 0 663563.6687)
(-484921.3274 0 633971.9481)
(-494196.8648 0 604512.801)
(-501453.1038 0 575431.2338)
(-506698.4347 0 546623.9826)
(-510309.2161 0 518637.3355)
(-510309.2161 0 518637.3355)
(-466155.0819 0 520938.2337)
(-467466.1858 0 494637.4126)
(-467725.3407 0 469074.3141)
(-467120.5665 -1.625783291e-09 444556.7996)
(-465725.9711 0 420864.9199)
(-463649.7116 0 398314.8531)
(-460950.2047 1.557174008e-09 376639.5384)
(-457710.704 0 356125.1091)
(-454020.5649 0 336521.7644)
(-449912.3977 0 318054.7021)
(-445467.3089 0 300493.2469)
(-440710.4062 0 284006.3109)
(-435693.4777 0 268398.4832)
(-430420.431 -7.390470455e-10 253771.4182)
(-424963.2687 0 239976.5216)
(-419322.1863 0 227059.9837)
(-413516.1006 0 214901.7049)
(-407518.8365 0 203505.5354)
(-401351.7431 -3.666066822e-10 192778.6831)
(-394988.7852 -3.668387202e-10 182696.2611)
(-388423.3908 0 173182.0885)
(-381612.6009 0 164195.7841)
(-374526.2933 0 155677.7585)
(-367162.5137 0 147596.886)
(-359489.2861 0 139901.8713)
(-351521.5301 -3.728581696e-10 132576.5412)
(-343233.1561 -3.745508194e-10 125583.1998)
(-334456.616 0 118936.4448)
(-324740.969 0 112567.0753)
(-317446.1285 0 106468.9935)
(-315894.0736 0 100914.5999)
)
;
    }
    procBoundary7to8
    {
        type            processor;
        value           nonuniform List<vector> 
51
(
(-102007.3106 0 603053.6128)
(-222140.3796 0 601175.413)
(-357860.3863 0 597237.4486)
(-492405.0173 0 591485.2292)
(-615569.6029 0 583763.617)
(-731596.392 0 574463.3282)
(-839349.7516 0 563991.4846)
(-938228.4738 0 552284.3674)
(-1026889.558 -7.950066649e-09 539304.153)
(-1105265.738 0 525111.0989)
(-1174174.953 0 510186.027)
(-1233144.456 0 494545.5024)
(-1282448.778 0 478218.2136)
(-1322836.868 0 461674.1538)
(-1353843.633 0 444431.5645)
(-1376712.368 0 427167.136)
(-1391521.469 0 409659.1295)
(-1399297.74 0 392300.6359)
(-1400377.407 0 375007.1749)
(-1395416.338 2.34807445e-09 357953.3869)
(-1385099.583 -2.295722663e-09 341133.2504)
(-1369939.986 0 324729.2916)
(-1350742.991 0 308639.1365)
(-1327834.698 0 293135.3824)
(-1302070.844 0 277964.6695)
(-1273564.729 0 263488.0842)
(-1243174.17 0 249357.1998)
(-1211060.903 0 236009.5252)
(-1177928.535 0 223101.2418)
(-1143756.454 0 210882.8584)
(-1109084.084 0 199208.0315)
(-1074220.279 0 188091.562)
(-1039210.545 0 177615.2824)
(-1004576.868 0 167575.907)
(-970187.7124 0 158214.6413)
(-936503.2111 0 149259.31)
(-875995.4428 0 136810.9044)
(-875995.4428 0 136810.9044)
(-844682.6548 0 129206.6184)
(-814312.9058 0 121940.3333)
(-784723.0342 -1.013950784e-09 115201.3012)
(-756155.6851 0 108796.5111)
(-728480.6611 0 102818.6304)
(-701801.7829 0 97182.85186)
(-676120.9424 0 91884.59006)
(-651408.8377 0 86928.34831)
(-627753.3619 0 82246.5537)
(-604983.3027 0 77888.42569)
(-583067.8738 0 73750.42703)
(-562616.0724 0 69914.75856)
(-546747.6344 0 66255.56551)
)
;
    }
}


// ************************************************************************* //
