/*--------------------------------*- C++ -*----------------------------------*\
  =========                 |
  \\      /  F ield         | OpenFOAM: The Open Source CFD Toolbox
   \\    /   O peration     | Website:  https://openfoam.org
    \\  /    A nd           | Version:  7
     \\/     M anipulation  |
\*---------------------------------------------------------------------------*/
FoamFile
{
    version     2.0;
    format      ascii;
    class       volVectorField;
    location    "0.0015";
    object      U;
}
// * * * * * * * * * * * * * * * * * * * * * * * * * * * * * * * * * * * * * //

dimensions      [0 1 -1 0 0 0 0];

internalField   nonuniform List<vector> 
1167
(
(-6.287792704e-05 -3.940249982e-19 -0.004350758859)
(-0.0001623873265 -5.776247208e-19 -0.004347418545)
(-0.0002554307725 -6.382737669e-19 -0.004340171659)
(-0.0003512859787 -1.238556293e-18 -0.00432931348)
(-0.000444376317 -1.977597602e-18 -0.004315227738)
(-0.0005342347193 -2.745416348e-18 -0.004298168132)
(-0.0006207764918 -3.789520415e-18 -0.004278340112)
(-0.0007038115382 -4.105958662e-18 -0.004255953512)
(-0.0007832090963 -4.028715022e-18 -0.004231207585)
(-0.0008588880427 -4.059646132e-18 -0.00420429104)
(-0.0009307999227 -4.068962938e-18 -0.004175378858)
(-0.0009989228471 -3.583025382e-18 -0.004144633198)
(-0.001063257518 -3.510642305e-18 -0.004112201985)
(-0.001123823181 -3.475821495e-18 -0.00407821766)
(-0.001180653333 -3.365835655e-18 -0.004042796566)
(-0.001233792386 -3.17864838e-18 -0.004006038794)
(-0.001283292589 -3.041243064e-18 -0.003968027863)
(-0.001329211274 -2.903601658e-18 -0.003928830668)
(-0.001371608211 -2.942842141e-18 -0.003888497648)
(-0.001410543493 -2.658277652e-18 -0.003847063246)
(-0.001446075985 -2.572919268e-18 -0.00380454623)
(-0.00147826136 -2.458181724e-18 -0.003760949934)
(-0.001507151138 -2.316825033e-18 -0.00371626312)
(-0.001532791182 -2.116281817e-18 -0.003670459641)
(-0.001555221098 -2.200755115e-18 -0.003623499087)
(-0.001574472839 -2.276780368e-18 -0.003575325778)
(-0.001590569339 -2.441638139e-18 -0.003525868183)
(-0.001603523426 -2.51026747e-18 -0.003475037539)
(-0.00161333589 -2.461181377e-18 -0.003422725238)
(-0.001619992809 -2.365229775e-18 -0.003368799184)
(-0.001623462036 -2.411230337e-18 -0.003313098909)
(-0.001623688721 -2.383521877e-18 -0.003255428413)
(-0.001620588564 -2.32659621e-18 -0.003195545811)
(-0.001614038381 -2.326419609e-18 -0.003133148809)
(-0.001603862511 -2.329380489e-18 -0.003067853519)
(-6.496875879e-05 -5.040121123e-19 -0.004518550123)
(-0.0001678356223 -1.021273752e-18 -0.004514924204)
(-0.0002640073876 -1.013361589e-18 -0.004507034791)
(-0.0003630475295 -1.670752708e-18 -0.00449523449)
(-0.0004592433929 -1.636270153e-18 -0.004479931814)
(-0.0005520838779 -3.433537212e-18 -0.004461405893)
(-0.0006414820564 -3.955121218e-18 -0.004439887274)
(-0.0007272414486 -4.160121798e-18 -0.004415608637)
(-0.00080922525 -3.817026836e-18 -0.004388792356)
(-0.0008873479847 -3.80411442e-18 -0.004359647917)
(-0.0009615578919 -3.840750917e-18 -0.004328371486)
(-0.001031831196 -3.526902279e-18 -0.004295143304)
(-0.001098167175 -3.240483436e-18 -0.004260127973)
(-0.001160583826 -3.328576773e-18 -0.004223472905)
(-0.001219113909 -3.316212143e-18 -0.004185307624)
(-0.001273801409 -3.256626187e-18 -0.00414574341)
(-0.00132469828 -3.130239839e-18 -0.004104873212)
(-0.001371861658 -3.109644296e-18 -0.004062771624)
(-0.001415351277 -3.025177486e-18 -0.004019495175)
(-0.001455227413 -2.782858617e-18 -0.003975082834)
(-0.001491548781 -2.592793798e-18 -0.003929556706)
(-0.00152437145 -2.48451198e-18 -0.003882922703)
(-0.001553747201 -2.421302896e-18 -0.003835170653)
(-0.00157972259 -2.359182506e-18 -0.003786275381)
(-0.001602337954 -2.477128581e-18 -0.00373619617)
(-0.001621625922 -2.61081198e-18 -0.003684876688)
(-0.001637610518 -2.628925981e-18 -0.003632244267)
(-0.00165030553 -2.404622728e-18 -0.003578208134)
(-0.001659712539 -2.30776156e-18 -0.003522656878)
(-0.001665817965 -2.29739076e-18 -0.003465454554)
(-0.001668589477 -2.241519103e-18 -0.003406435458)
(-0.001667971004 -2.152069219e-18 -0.003345396296)
(-0.001663875407 -2.230928688e-18 -0.003282085082)
(-0.001656174444 -2.06171732e-18 -0.0032161853)
(-0.001644683902 -2.087097779e-18 -0.003147292868)
(-0.001629142314 -2.057527664e-18 -0.003074882877)
(-0.001609179728 -2.027348428e-18 -0.002998260599)
(-0.001584272331 -1.980278542e-18 -0.00291649034)
(-0.001553678771 -1.863921757e-18 -0.002828294074)
(-0.001516354977 -1.697045282e-18 -0.002731914337)
(-0.001470851278 -1.586243053e-18 -0.002624945759)
(-0.001415206102 -1.657551602e-18 -0.002504155732)
(-0.001346860035 -1.787534062e-18 -0.002365325081)
(-0.001262610281 -1.921554793e-18 -0.002203134695)
(-0.001158610495 -1.523484279e-18 -0.002011100019)
(-0.001030410152 -1.074576031e-18 -0.001781531521)
(-0.0008730276538 -1.0097556e-18 -0.001505495664)
(-0.0006809651139 -8.734209816e-19 -0.001172809278)
(-0.0004479125839 -6.394487044e-19 -0.0007722041712)
(-0.000166010456 -3.078974442e-19 -0.0002917469463)
(-6.701554149e-05 -5.286209914e-19 -0.004694296936)
(-0.0001731738055 -1.592959009e-18 -0.004690373562)
(-0.0002724144827 -3.149634942e-18 -0.004681818676)
(-0.0003745800025 -2.573235738e-18 -0.004669041596)
(-0.0004738291246 -3.568719786e-18 -0.004652476063)
(-0.0005696073831 -3.958364798e-18 -0.004632428287)
(-0.0006618261692 -4.278728918e-18 -0.004609153912)
(-0.0007502828201 -3.55894995e-18 -0.004582908444)
(-0.000834834506 -3.835816521e-18 -0.004553938352)
(-0.0009153916529 -4.067739978e-18 -0.004522474095)
(-0.000991898831 -3.545935029e-18 -0.004488732002)
(-0.001064329341 -3.159017646e-18 -0.004452911812)
(-0.001132680336 -3.133207501e-18 -0.004415194688)
(-0.001196967802 -3.185392391e-18 -0.00437574283)
(-0.001257222792 -3.002544871e-18 -0.00433469891)
(-0.001313487733 -3.205448251e-18 -0.004292185449)
(-0.001365813286 -3.460867319e-18 -0.004248304941)
(-0.001414255371 -3.302835927e-18 -0.004203139657)
(-0.001458872546 -2.819823327e-18 -0.004156752404)
(-0.00149972416 -2.596712079e-18 -0.004109187175)
(-0.00153686839 -2.515717193e-18 -0.004060469539)
(-0.001570360748 -2.446995542e-18 -0.00401060811)
(-0.001600252843 -2.300476512e-18 -0.003959594743)
(-0.00162659153 -2.386879812e-18 -0.003907405267)
(-0.001649417319 -2.50343401e-18 -0.00385399942)
(-0.001668763625 -2.661790392e-18 -0.003799320887)
(-0.001684655325 -2.720919993e-18 -0.0037432962)
(-0.001697107089 -2.722803045e-18 -0.003685833054)
(-0.001706121115 -2.642367117e-18 -0.003626817604)
(-0.001711684158 -2.41149929e-18 -0.003566110515)
(-0.001713763756 -2.338815524e-18 -0.003503541033)
(-0.001712302529 -2.188543012e-18 -0.003438898488)
(-0.00170721039 -2.05659381e-18 -0.003371920395)
(-0.001698353636 -1.980543759e-18 -0.003302275315)
(-0.001685539107 -1.847953783e-18 -0.003229538094)
(-0.001668491494 -1.823243805e-18 -0.003153153781)
(-0.001646820161 -1.710797353e-18 -0.003072385335)
(-0.001619971911 -1.684639386e-18 -0.002986238399)
(-0.001587165785 -1.721141186e-18 -0.002893356457)
(-0.001547309256 -1.668672298e-18 -0.002791884253)
(-0.00149890214 -1.418969381e-18 -0.002679308484)
(-0.001439944883 -1.427927403e-18 -0.002552300329)
(-0.001367874154 -1.58901347e-18 -0.002406590891)
(-0.001279541309 -1.588206193e-18 -0.002236899528)
(-0.001171232253 -1.494781877e-18 -0.002036908795)
(-0.001038719606 -1.310283198e-18 -0.001799259983)
(-0.000877340847 -1.1164261e-18 -0.001515544045)
(-0.0006820112431 -8.866053289e-19 -0.001176323532)
(-0.0004469273663 -5.828417539e-19 -0.000771317568)
(-0.00016488194 -2.64067606e-19 -0.0002897993873)
(-6.90260899e-05 -6.391578839e-19 -0.004878125153)
(-0.0001784219089 -1.383043464e-18 -0.004873894144)
(-0.00028068356 -2.817091002e-18 -0.004864654811)
(-0.0003859264927 -2.509983885e-18 -0.004850871831)
(-0.0004881884736 -3.011071053e-18 -0.004833005057)
(-0.0005868722908 -3.791535201e-18 -0.004811389019)
(-0.0006818871198 -4.693322536e-18 -0.004786303171)
(-0.0007730251706 -4.213578033e-18 -0.004758027215)
(-0.000860137491 -3.787592161e-18 -0.004726830267)
(-0.0009431297433 -3.691976831e-18 -0.004692965419)
(-0.001021943037 -3.328210507e-18 -0.004656668352)
(-0.001096546946 -3.131428493e-18 -0.004618157249)
(-0.001166935194 -3.19784697e-18 -0.004577630369)
(-0.001233121006 -3.151472424e-18 -0.004535264884)
(-0.001295132755 -2.883260366e-18 -0.004491216369)
(-0.001353010369 -2.795071158e-18 -0.004445618442)
(-0.001406801978 -3.103194996e-18 -0.004398582895)
(-0.001456561059 -3.101275599e-18 -0.004350199913)
(-0.001502344364 -2.807772204e-18 -0.004300538804)
(-0.001544209408 -2.62954854e-18 -0.00424964854)
(-0.001582213003 -2.668798961e-18 -0.00419755912)
(-0.001616409547 -2.369068848e-18 -0.004144281966)
(-0.001646850249 -2.331739989e-18 -0.004089811599)
(-0.001673581457 -2.321500216e-18 -0.004034125308)
(-0.001696643956 -2.324053256e-18 -0.003977184196)
(-0.001716071754 -2.568495263e-18 -0.00391893236)
(-0.001731890293 -2.690136154e-18 -0.003859296082)
(-0.001744115009 -2.792060761e-18 -0.003798182228)
(-0.001752748779 -2.850728211e-18 -0.003735475073)
(-0.001757778765 -2.88246974e-18 -0.003671032152)
(-0.001759172212 -2.654302447e-18 -0.003604677803)
(-0.001756870279 -2.545016204e-18 -0.003536194034)
(-0.001750779795 -2.319353298e-18 -0.00346530764)
(-0.001740761336 -2.191458511e-18 -0.003391671626)
(-0.001726612455 -2.072203014e-18 -0.003314838701)
(-0.001708043485 -2.016184806e-18 -0.0032342227)
(-0.001684642808 -1.955187158e-18 -0.003149043099)
(-0.001655828033 -1.973611198e-18 -0.003058246146)
(-0.001620780146 -1.850758532e-18 -0.002960397922)
(-0.001578361944 -1.815585373e-18 -0.002853550072)
(-0.001527029613 -1.724893309e-18 -0.002735091839)
(-0.001464755638 -1.477369762e-18 -0.002601615658)
(-0.001388984059 -1.391003442e-18 -0.002448825383)
(-0.00129662859 -1.463205148e-18 -0.002271500341)
(-0.001184107054 -1.313624963e-18 -0.002063502196)
(-0.00104740194 -1.394960221e-18 -0.001817796621)
(-0.0008821411347 -1.288042473e-18 -0.001526466068)
(-0.0006836076791 -1.298330239e-18 -0.001180751341)
(-0.000446442501 -7.436246626e-19 -0.0007712506112)
(-0.0001640075666 -1.813759007e-19 -0.0002882939112)
(-7.10103923e-05 -8.477666241e-19 -0.005070190031)
(-0.0001836056501 1.691337192e-18 -0.005065642958)
(-0.0002888548473 -1.140404295e-18 -0.005055704036)
(-0.000397142243 -1.838730574e-18 -0.005040891817)
(-0.0005023918052 -3.167843627e-18 -0.005021693606)
(-0.0006039630078 -3.395071627e-18 -0.004998471309)
(-0.0007017628784 -4.233182629e-18 -0.00497152798)
(-0.0007955790941 -3.813220719e-18 -0.004941168167)
(-0.0008852567588 -3.551958749e-18 -0.004907682709)
(-0.00097069629 -3.434317671e-18 -0.004871346469)
(-0.001051834359 -3.117543197e-18 -0.004832415443)
(-0.001128636571 -3.155373928e-18 -0.004791125375)
(-0.001201092581 -3.122516149e-18 -0.00474769087)
(-0.001269211584 -3.184416915e-18 -0.004702303737)
(-0.001333018144 -3.020000303e-18 -0.004655132336)
(-0.001392548563 -2.696633617e-18 -0.004606321313)
(-0.001447847569 -2.401568583e-18 -0.004555991792)
(-0.001498965635 -2.528764627e-18 -0.004504241847)
(-0.00154595642 -2.687654778e-18 -0.004451147372)
(-0.001588875004 -2.645817277e-18 -0.004396762976)
(-0.001627776105 -2.539373482e-18 -0.004341122974)
(-0.001662712794 -2.283192187e-18 -0.004284242861)
(-0.001693735025 -2.407097319e-18 -0.004226119775)
(-0.001720888674 -2.476456694e-18 -0.004166733752)
(-0.001744214711 -2.458084645e-18 -0.004106047582)
(-0.001763747185 -2.488932424e-18 -0.004044006458)
(-0.001779512164 -2.796158398e-18 -0.00398053734)
(-0.001791525899 -2.877251027e-18 -0.003915546777)
(-0.001799791911 -2.787682677e-18 -0.003848917739)
(-0.001804297712 -2.758820583e-18 -0.003780504948)
(-0.001805010091 -2.655714884e-18 -0.003710127958)
(-0.001801868578 -2.625230079e-18 -0.003637561435)
(-0.001794776635 -2.33839456e-18 -0.003562521222)
(-0.001783588909 -2.319460928e-18 -0.003484644385)
(-0.001768093384 -2.33112532e-18 -0.003403460733)
(-0.001747985762 -2.211305208e-18 -0.003318351839)
(-0.001722833307 -2.206993597e-18 -0.003228492621)
(-0.001692024821 -2.029923804e-18 -0.003132769751)
(-0.001654704904 -1.857169797e-18 -0.003029673692)
(-0.001609695578 -1.804993946e-18 -0.00291716846)
(-0.001555416113 -1.835377009e-18 -0.002792556707)
(-0.001489819975 -1.792185977e-18 -0.002652368341)
(-0.001410367341 -1.770260416e-18 -0.002492298668)
(-0.001314039022 -1.406241904e-18 -0.002307202564)
(-0.001197381634 -1.218750354e-18 -0.002091126612)
(-0.00105657356 -1.038640892e-18 -0.001837350369)
(-0.0008875065803 -8.347457639e-19 -0.001538414842)
(-0.0006857919713 -6.574738505e-19 -0.001186178317)
(-0.0004464620267 -4.661325181e-19 -0.0007720251714)
(-0.0001633776451 -2.434183513e-19 -0.0002872165558)
(-7.298050854e-05 3.408940744e-18 -0.005270684171)
(-0.0001887559632 4.439096272e-18 -0.005265814036)
(-0.0002969768125 2.150057949e-18 -0.005255164184)
(-0.0004082941971 -3.39098205e-19 -0.005239305635)
(-0.0005165236682 -1.903720098e-18 -0.00521875291)
(-0.000620980099 -2.427474845e-18 -0.005193894148)
(-0.0007215694334 -2.362002284e-18 -0.005165057044)
(-0.0008180748345 -3.792316216e-18 -0.005132569093)
(-0.0009103352425 -3.707048115e-18 -0.005096743832)
(-0.0009982459314 -2.951491045e-18 -0.005057875958)
(-0.001081738199 -3.431335576e-18 -0.005016241055)
(-0.00116077284 -2.786343673e-18 -0.004972092857)
(-0.001235334732 -2.885861024e-18 -0.004925661418)
(-0.001305428194 -3.160673707e-18 -0.004877152544)
(-0.00137107305 -3.512161251e-18 -0.004826747065)
(-0.001432301118 -3.068606573e-18 -0.0047746004)
(-0.001489152716 -2.648232343e-18 -0.004720842907)
(-0.001541674202 -2.598702341e-18 -0.004665580773)
(-0.00158991584 -2.724814185e-18 -0.004608896601)
(-0.001633929493 -2.766845344e-18 -0.004550850889)
(-0.001673767401 -2.613033974e-18 -0.004491483149)
(-0.001709480573 -2.530649934e-18 -0.004430813016)
(-0.001741117554 -2.637784326e-18 -0.004368841547)
(-0.001768723806 -2.671024466e-18 -0.004305551949)
(-0.001792339736 -2.586260863e-18 -0.004240909393)
(-0.001811999567 -2.437057745e-18 -0.00417486123)
(-0.001827730146 -2.627873782e-18 -0.004107335791)
(-0.001839548361 -2.633842335e-18 -0.004038239875)
(-0.001847458266 -2.494970139e-18 -0.00396745559)
(-0.001851447602 -2.572158391e-18 -0.003894835277)
(-0.001851482579 -2.633382044e-18 -0.003820193974)
(-0.001847500976 -2.491939373e-18 -0.003743299001)
(-0.001839402622 -2.24703965e-18 -0.003663854966)
(-0.001827035911 -2.223589544e-18 -0.003581482533)
(-0.001810178949 -2.214074693e-18 -0.003495687999)
(-0.001788512679 -2.157274416e-18 -0.003405820005)
(-0.001761583375 -2.105004408e-18 -0.003311008389)
(-0.001728751744 -2.019771452e-18 -0.00321008052)
(-0.001689127935 -1.940632535e-18 -0.003101453532)
(-0.001641497048 -1.912478546e-18 -0.002983009742)
(-0.001584247516 -2.027663991e-18 -0.002851975697)
(-0.001515321219 -2.076766082e-18 -0.002704833141)
(-0.001432200984 -2.043088544e-18 -0.00253728405)
(-0.001331937046 -1.842370078e-18 -0.002344269915)
(-0.001211199876 -1.452375857e-18 -0.002120023627)
(-0.001066349529 -1.050189288e-18 -0.001858125307)
(-0.0008935172336 -5.971068198e-19 -0.00155154213)
(-0.0006886074674 -6.227946537e-21 -0.00119269473)
(-0.0004469978364 4.010365382e-19 -0.0007736727637)
(-0.0001629877028 1.784344592e-19 -0.0002865616213)
(-7.495022881e-05 4.787871322e-18 -0.005479844938)
(-0.000193908648 4.442580383e-18 -0.005474646603)
(-0.0003051061503 3.745803655e-18 -0.005463278593)
(-0.0004194602601 2.245890156e-18 -0.005446361927)
(-0.0005306812186 -3.194801441e-19 -0.005424437454)
(-0.0006380391176 -1.856542825e-18 -0.005397919518)
(-0.0007414393385 -2.492444708e-18 -0.005367160434)
(-0.000840660605 -3.25840152e-18 -0.005332508767)
(-0.000935535204 -3.531177769e-18 -0.005294300366)
(-0.001025952862 -3.358164127e-18 -0.005252849691)
(-0.001111839617 -3.231511314e-18 -0.005208450251)
(-0.001193150342 -3.036846346e-18 -0.00516137251)
(-0.001269864176 -3.129762691e-18 -0.005111861879)
(-0.001341979953 -2.712316417e-18 -0.005060137608)
(-0.001409511855 -3.199868101e-18 -0.00500639238)
(-0.001472486244 -3.223378516e-18 -0.004950792266)
(-0.001530938445 -3.047443846e-18 -0.004893476772)
(-0.001584910319 -3.177905887e-18 -0.004834560153)
(-0.001634447687 -3.022404344e-18 -0.004774132159)
(-0.001679598965 -2.804876623e-18 -0.004712259585)
(-0.001720413319 -2.885535468e-18 -0.004648987395)
(-0.001756939367 -3.080739169e-18 -0.004584340416)
(-0.00178922439 -3.178785031e-18 -0.004518324247)
(-0.001817312623 -3.002691741e-18 -0.004450925855)
(-0.001841244055 -2.860117552e-18 -0.004382113991)
(-0.001861053295 -2.748601662e-18 -0.004311838926)
(-0.001876767646 -2.760263411e-18 -0.004240030877)
(-0.001888404496 -2.797998748e-18 -0.004166597619)
(-0.001895968405 -2.54364063e-18 -0.004091420988)
(-0.001899447188 -2.421848186e-18 -0.004014351318)
(-0.001898806339 -2.251104589e-18 -0.003935199445)
(-0.001893981769 -2.230009434e-18 -0.003853725396)
(-0.001884869458 -2.114018707e-18 -0.003769622368)
(-0.001871311309 -2.251109385e-18 -0.00368249419)
(-0.001853075259 -2.066746041e-18 -0.003591823083)
(-0.001829827316 -1.944223355e-18 -0.00349692422)
(-0.001801092974 -1.89645423e-18 -0.003396882203)
(-0.001766205792 -1.853433066e-18 -0.003290465933)
(-0.001724243627 -1.891483958e-18 -0.00317602212)
(-0.001673958477 -1.723442276e-18 -0.003051357539)
(-0.001613713431 -1.610467602e-18 -0.002913632525)
(-0.001541444861 -1.828932024e-18 -0.00275929311)
(-0.001454662703 -1.813624567e-18 -0.002584059844)
(-0.001350486809 -1.757223398e-18 -0.002382967884)
(-0.001225705241 -1.655045774e-18 -0.002150434268)
(-0.001076845535 -1.28119092e-18 -0.001880324385)
(-0.0009002557125 -9.406602368e-19 -0.001566000341)
(-0.0006921023479 -6.101379078e-19 -0.001200395001)
(-0.0004480677621 9.898855707e-20 -0.0007762321267)
(-0.0001628370483 1.904867696e-20 -0.0002863292773)
(-7.693545056e-05 -6.643661862e-19 -0.005697963823)
(-0.000199104724 -1.184311582e-18 -0.005692433895)
(-0.0003133070912 2.936204981e-18 -0.00568034376)
(-0.0004307276563 1.961141165e-18 -0.005662361118)
(-0.0005449731786 -8.665531905e-19 -0.005639052346)
(-0.0006552693041 -2.511132878e-19 -0.005610859135)
(-0.0007615202526 -2.154254873e-18 -0.005578155915)
(-0.0008635007372 -2.44018583e-18 -0.005541312632)
(-0.0009610362895 -2.784015681e-18 -0.005500684446)
(-0.001054010174 -3.141889199e-18 -0.005456605888)
(-0.001142342652 -2.772595993e-18 -0.00540938754)
(-0.001225982388 -3.179626686e-18 -0.005359315289)
(-0.001304902183 -3.611208943e-18 -0.005306648916)
(-0.00137909445 -3.195312152e-18 -0.005251620504)
(-0.00144856717 -3.235367908e-18 -0.005194434189)
(-0.001513340781 -3.257597144e-18 -0.005135266362)
(-0.00157344489 -3.39170872e-18 -0.005074265634)
(-0.001628915967 -3.166936141e-18 -0.005011554406)
(-0.001679795391 -2.994968526e-18 -0.004947229737)
(-0.001726127457 -3.125451631e-18 -0.004881365175)
(-0.001767957992 -3.22174032e-18 -0.004814011968)
(-0.001805333354 -3.484632661e-18 -0.004745200699)
(-0.001838298817 -3.368631661e-18 -0.004674942174)
(-0.001866897562 -3.314325271e-18 -0.004603228213)
(-0.001891169295 -3.293789684e-18 -0.004530031968)
(-0.001911148668 -3.277316899e-18 -0.004455307145)
(-0.001926863223 -3.00455248e-18 -0.004378986685)
(-0.001938330819 -2.845565641e-18 -0.004300980179)
(-0.001945556536 -2.629228061e-18 -0.004221169804)
(-0.00194852818 -2.341115129e-18 -0.004139404276)
(-0.001947210427 -2.372897673e-18 -0.004055490416)
(-0.001941537069 -2.105606619e-18 -0.003969181023)
(-0.001931400041 -2.118058031e-18 -0.003880157824)
(-0.001916634557 -2.182292084e-18 -0.003788007511)
(-0.001896998201 -2.311135169e-18 -0.003692187832)
(-0.001872141992 -2.165152323e-18 -0.003591980135)
(-0.001841570959 -1.801308028e-18 -0.003486423928)
(-0.00180459253 -1.487518323e-18 -0.00337423087)
(-0.001760254426 -1.236580389e-18 -0.003253680503)
(-0.001707279136 -1.052618776e-18 -0.003122510254)
(-0.001644009197 -1.197615528e-18 -0.002977823328)
(-0.00156838027 -1.264235879e-18 -0.002816040568)
(-0.001477932157 -1.457225757e-18 -0.002632910044)
(-0.001369852943 -1.435382005e-18 -0.002423564281)
(-0.001241041125 -1.437458792e-18 -0.002182599703)
(-0.001088177975 -1.120316806e-18 -0.001904150833)
(-0.0009078071346 -7.331073838e-19 -0.001581944083)
(-0.0006963287916 -6.060575431e-19 -0.001209378237)
(-0.000449694279 -4.178977912e-19 -0.0007797484376)
(-0.0001629278831 -3.228801337e-19 -0.0002865244232)
(-7.895372049e-05 -5.506250836e-18 -0.005925394925)
(-0.0002043894139 -1.086915588e-18 -0.005919530869)
(-0.0003216501853 3.671930658e-18 -0.005906716469)
(-0.0004421915864 2.641160979e-18 -0.005887662367)
(-0.0005595186933 1.231580561e-18 -0.005862961284)
(-0.0006728120269 5.935181125e-19 -0.005833081045)
(-0.0007819738659 -7.761132147e-19 -0.005798416104)
(-0.0008867746056 -2.237843438e-18 -0.005759357709)
(-0.0009870334826 -2.195730108e-18 -0.005716279162)
(-0.001082627075 -3.292224934e-18 -0.005669532309)
(-0.001173468685 -3.409994633e-18 -0.005619444508)
(-0.001259500518 -3.323895997e-18 -0.005566316562)
(-0.001340688565 -3.124013805e-18 -0.005510421455)
(-0.001417018373 -3.542331696e-18 -0.005452003349)
(-0.001488491327 -3.959358813e-18 -0.005391277271)
(-0.001555121037 -3.752546988e-18 -0.005328429262)
(-0.001616930988 -3.196038173e-18 -0.005263617217)
(-0.001673952267 -3.007178465e-18 -0.005196971746)
(-0.00172622116 -2.948767971e-18 -0.00512859775)
(-0.001773777685 -3.167068163e-18 -0.005058575762)
(-0.001816664403 -3.375177173e-18 -0.004986964073)
(-0.001854924736 -3.429358918e-18 -0.004913799545)
(-0.001888602304 -3.390011438e-18 -0.004839099243)
(-0.001917739142 -3.399440309e-18 -0.004762860499)
(-0.001942374253 -3.318972699e-18 -0.004685061516)
(-0.001962542303 -3.416420468e-18 -0.004605660587)
(-0.0019782712 -3.401012702e-18 -0.004524594142)
(-0.001989579272 -3.079777845e-18 -0.004441774176)
(-0.001996471958 -2.833561368e-18 -0.004357083747)
(-0.001998936938 -2.576174309e-18 -0.004270370441)
(-0.001996937956 -2.356488536e-18 -0.00418143731)
(-0.001990406461 -2.287849469e-18 -0.004090029972)
(-0.001979230148 -2.265354834e-18 -0.003995818635)
(-0.001963237339 -2.24301257e-18 -0.003898372678)
(-0.00194217517 -2.243149398e-18 -0.003797125161)
(-0.001915679742 -2.203185831e-18 -0.003691323493)
(-0.001883236042 -1.965167663e-18 -0.003579962508)
(-0.001844126504 -1.478852406e-18 -0.003461698229)
(-0.001797370863 -1.382290483e-18 -0.003334746536)
(-0.001741665384 -1.231362567e-18 -0.003196781469)
(-0.001675336057 -1.294754021e-18 -0.003044857207)
(-0.0015963214 -1.18345989e-18 -0.002875378037)
(-0.001502192384 -1.093495863e-18 -0.002684125765)
(-0.001390202592 -8.966134092e-19 -0.002466331326)
(-0.001257353151 -9.582244172e-19 -0.00221676363)
(-0.001100465391 -7.583857156e-19 -0.001929809136)
(-0.0009162593267 -6.80862138e-19 -0.001599529834)
(-0.0007013430187 -4.704418039e-19 -0.001219747913)
(-0.0004519040846 -1.142757024e-19 -0.0007842726329)
(-0.0001632648696 -1.087809429e-19 -0.0002871560161)
(-8.102377057e-05 9.508344893e-19 -0.006162562165)
(-0.0002098111847 3.669115332e-18 -0.006156361931)
(-0.0003302107329 7.451670007e-18 -0.006142821726)
(-0.0004539548006 4.09557204e-18 -0.006122692635)
(-0.0005744468173 4.247154733e-18 -0.006096593963)
(-0.0006908196619 1.006757994e-18 -0.006065016793)
(-0.0008029740442 -4.337604891e-19 -0.00602837577)
(-0.0009106759522 -1.904007549e-18 -0.005987080416)
(-0.001013737365 -2.303899835e-18 -0.005941522917)
(-0.001112028483 -3.523417674e-18 -0.00589207049)
(-0.001205455689 -4.086218444e-18 -0.005839065393)
(-0.001293953849 -3.76019001e-18 -0.005782822175)
(-0.001377481599 -3.723071478e-18 -0.005723626295)
(-0.001456017226 -3.621251557e-18 -0.005661733381)
(-0.001529555002 -3.670449466e-18 -0.005597368852)
(-0.001598101894 -3.283346867e-18 -0.005530728279)
(-0.001661675104 -2.91256855e-18 -0.005461978503)
(-0.001720299639 -2.9663275e-18 -0.005391258475)
(-0.00177400673 -3.268426438e-18 -0.005318681083)
(-0.001822832123 -3.349192437e-18 -0.005244334692)
(-0.001866814612 -3.45595244e-18 -0.005168284856)
(-0.001905995215 -3.676454529e-18 -0.005090575794)
(-0.001940415457 -3.63879156e-18 -0.005011231171)
(-0.00197011601 -3.583613798e-18 -0.004930254952)
(-0.001995135478 -3.602651722e-18 -0.004847631282)
(-0.002015508571 -3.800540804e-18 -0.00476332375)
(-0.002031263459 -3.694603985e-18 -0.004677273106)
(-0.002042418912 -3.42655697e-18 -0.004589394325)
(-0.002048980578 -3.151545118e-18 -0.004499571823)
(-0.002050935845 -2.934084629e-18 -0.004407652519)
(-0.00204824741 -2.539817222e-18 -0.004313436048)
(-0.002040844254 -2.530261632e-18 -0.00421666101)
(-0.002028609682 -2.38839163e-18 -0.004116986022)
(-0.002011364933 -2.343178571e-18 -0.004013963035)
(-0.001988846614 -2.379965832e-18 -0.003907000345)
(-0.001960676054 -2.511968334e-18 -0.003795311537)
(-0.0019263187 -2.285268708e-18 -0.00367784746)
(-0.001885033167 -2.040775483e-18 -0.003553210339)
(-0.001835813262 -1.935104196e-18 -0.003419555992)
(-0.00177733196 -1.736212233e-18 -0.003274500686)
(-0.001707901953 -1.634251463e-18 -0.003115056642)
(-0.001625467117 -1.309397556e-18 -0.002937618467)
(-0.001527629808 -1.111697848e-18 -0.00273800595)
(-0.001411705375 -1.341736078e-18 -0.002511546933)
(-0.001274789 -1.709340699e-18 -0.002253173707)
(-0.001113828888 -1.367626003e-18 -0.001957507324)
(-0.0009257032146 -1.184442171e-18 -0.001618917782)
(-0.0007072045428 -1.212261078e-18 -0.001231611278)
(-0.0004547272877 -6.836893138e-19 -0.0007898602135)
(-0.0001638546394 -2.778500566e-19 -0.0002882361813)
(-8.316545256e-05 2.283033348e-18 -0.006409967392)
(-0.0002154211343 1.02830965e-18 -0.0064034288)
(-0.0003390690186 3.99004277e-18 -0.006389161829)
(-0.0004661274777 2.976167924e-18 -0.006367955426)
(-0.0005898949767 2.418613871e-18 -0.006340453592)
(-0.0007094549023 1.370123432e-18 -0.0063071696)
(-0.000824706209 -7.533210999e-19 -0.006268538155)
(-0.0009354107607 -1.679097658e-18 -0.006224984853)
(-0.001041372835 -2.103888034e-18 -0.006176918505)
(-0.001142455439 -2.590285634e-18 -0.006124722021)
(-0.001238557968 -3.479023018e-18 -0.006068750791)
(-0.001329607839 -3.697198947e-18 -0.00600933178)
(-0.00141555615 -3.806128082e-18 -0.005946761963)
(-0.001496373756 -3.637762923e-18 -0.005881307739)
(-0.001572047746 -3.501223059e-18 -0.005813204446)
(-0.001642578017 -2.992786457e-18 -0.005742656814)
(-0.00170797515 -2.992785734e-18 -0.005669840451)
(-0.001768258518 -3.079012375e-18 -0.005594902872)
(-0.001823454074 -3.069069298e-18 -0.005517965242)
(-0.001873593117 -3.103582793e-18 -0.005439124136)
(-0.001918711146 -3.307049152e-18 -0.005358453147)
(-0.001958846323 -3.407083821e-18 -0.005276004273)
(-0.00199403813 -3.503185994e-18 -0.005191808777)
(-0.002024326304 -3.624141063e-18 -0.005105878097)
(-0.002049749077 -3.795439056e-18 -0.00501820309)
(-0.002070340991 -3.953646413e-18 -0.004928753119)
(-0.002086130359 -4.011614264e-18 -0.004837474068)
(-0.00209713641 -4.003385682e-18 -0.004744284709)
(-0.002103364998 -3.713860373e-18 -0.004649071386)
(-0.002104803201 -3.556974977e-18 -0.00455168071)
(-0.002101412496 -3.50694613e-18 -0.004451909155)
(-0.002093119261 -3.166205981e-18 -0.004349488522)
(-0.002079802289 -3.073125112e-18 -0.004244065896)
(-0.002061275624 -2.89238971e-18 -0.004135175782)
(-0.002037265318 -2.787604845e-18 -0.00402220171)
(-0.002007378113 -2.743540775e-18 -0.003904323769)
(-0.001971060496 -2.6700478e-18 -0.003780449724)
(-0.001927548415 -2.415113382e-18 -0.003649129962)
(-0.001875811636 -2.177254482e-18 -0.003508463825)
(-0.001814502368 -1.824203883e-18 -0.003356014923)
(-0.001741922513 -1.762687519e-18 -0.003188759358)
(-0.001656022643 -1.633227854e-18 -0.003003087208)
(-0.001554435517 -1.740553635e-18 -0.002794858417)
(-0.00143453399 -1.451391989e-18 -0.00255949472)
(-0.00129349885 -1.233380194e-18 -0.002292081896)
(-0.001128391956 -1.202542051e-18 -0.001987457213)
(-0.0009362324245 -7.431824063e-19 -0.001640271821)
(-0.0007139760496 -1.661278825e-19 -0.001245080147)
(-0.00045819707 -1.576388063e-19 -0.0007965711459)
(-0.0001647054298 1.583788166e-20 -0.0002897795891)
(-8.539966048e-05 1.226011294e-19 -0.006668199417)
(-0.000221273736 1.868661349e-19 -0.006661320316)
(-0.0003483108294 3.63521861e-18 -0.006646325538)
(-0.0004788262989 3.778966435e-18 -0.006624037949)
(-0.0006060083246 1.493990986e-18 -0.006595124904)
(-0.000728889769 9.358883008e-19 -0.006560122657)
(-0.0008473669601 -5.055831569e-19 -0.006519483024)
(-0.0009611971888 -2.495929201e-18 -0.006473648225)
(-0.001070177505 -3.136009104e-18 -0.006423040969)
(-0.00117416299 -2.025219991e-18 -0.006368057932)
(-0.001273045533 -3.694149523e-18 -0.006309067439)
(-0.001366745215 -3.722396963e-18 -0.006246407986)
(-0.001455205708 -3.776021081e-18 -0.006180387082)
(-0.001538390359 -3.630759137e-18 -0.006111280773)
(-0.001616278594 -3.256476882e-18 -0.006039333678)
(-0.001688863492 -3.01292434e-18 -0.005964759692)
(-0.001756149468 -3.446149391e-18 -0.005887743186)
(-0.001818149907 -3.556153371e-18 -0.005808440298)
(-0.001874885748 -3.654863072e-18 -0.005726980698)
(-0.001926384187 -3.625815464e-18 -0.005643469637)
(-0.001972677093 -3.670310708e-18 -0.005557989231)
(-0.002013800159 -3.593917355e-18 -0.005470600072)
(-0.002049791291 -3.54998866e-18 -0.005381341756)
(-0.002080688968 -3.478177702e-18 -0.005290233596)
(-0.002106530981 -3.62980408e-18 -0.005197274156)
(-0.002127351948 -3.968466736e-18 -0.005102439472)
(-0.002143180515 -4.247681297e-18 -0.005005681119)
(-0.002154036308 -4.396878286e-18 -0.004906922232)
(-0.002159925336 -4.133798728e-18 -0.004806051663)
(-0.002160834343 -3.837329989e-18 -0.004702916126)
(-0.002156723448 -3.781627917e-18 -0.004597309176)
(-0.002147516308 -3.686115075e-18 -0.004488956005)
(-0.002133087073 -3.638088152e-18 -0.004377492287)
(-0.002113242549 -3.598553242e-18 -0.004262435173)
(-0.002087698257 -3.53272736e-18 -0.004143143548)
(-0.002056046577 -3.413011216e-18 -0.004018764409)
(-0.002017715612 -3.088034559e-18 -0.003888163487)
(-0.00197191974 -2.8040996e-18 -0.003749841446)
(-0.001917606362 -2.576314383e-18 -0.003601844601)
(-0.00185340902 -2.551235179e-18 -0.003441688571)
(-0.001777620779 -2.21797681e-18 -0.003266318374)
(-0.001688199428 -2.0040532e-18 -0.003072122913)
(-0.001582806023 -1.866542291e-18 -0.002855002076)
(-0.001458865763 -1.696484054e-18 -0.002610467031)
(-0.001313636606 -1.497781121e-18 -0.002333746515)
(-0.001144281564 -1.301816387e-18 -0.002019875814)
(-0.0009479442171 -1.014514628e-18 -0.001663761223)
(-0.0007217237325 -6.521335347e-19 -0.001260271558)
(-0.0004623494523 -3.502055182e-19 -0.0008044698354)
(-0.000165827031 -1.063576193e-19 -0.0002918036146)
(-8.774871466e-05 -6.423545012e-20 -0.006937944791)
(-0.0002274268424 3.153512965e-19 -0.006930722492)
(-0.0003580266136 2.224591851e-18 -0.006914996459)
(-0.0004921733402 1.759524836e-18 -0.006891619916)
(-0.0006229394908 1.263341104e-18 -0.006861283976)
(-0.0007493052261 4.485387225e-19 -0.006824547348)
(-0.0008711633823 7.962104275e-20 -0.006781876623)
(-0.0009882661005 -1.465375232e-18 -0.006733729785)
(-0.001100402608 -2.041787132e-18 -0.00668054312)
(-0.00120742055 -2.134606138e-18 -0.006622725142)
(-0.001309204205 -3.349987618e-18 -0.006560655618)
(-0.00140566589 -3.676769334e-18 -0.006494683611)
(-0.001496741666 -3.879509425e-18 -0.006425126529)
(-0.00158238746 -4.009686415e-18 -0.006352269635)
(-0.001662575763 -3.799881675e-18 -0.006276366476)
(-0.001737293022 -3.882467211e-18 -0.006197639733)
(-0.001806537154 -3.960255111e-18 -0.006116282233)
(-0.001870316155 -4.320463901e-18 -0.006032458981)
(-0.001928646212 -4.400231971e-18 -0.005946308511)
(-0.001981550358 -4.214781175e-18 -0.005857945055)
(-0.002029057571 -4.094135693e-18 -0.005767459899)
(-0.002071201122 -3.868900952e-18 -0.005674922643)
(-0.002108017169 -3.744185886e-18 -0.005580382019)
(-0.002139543467 -3.882982161e-18 -0.005483866019)
(-0.002165817618 -4.013116401e-18 -0.005385381469)
(-0.002186874372 -4.174503323e-18 -0.005284911922)
(-0.002202742859 -4.372052417e-18 -0.005182415202)
(-0.002213443064 -4.550306985e-18 -0.005077819215)
(-0.002218981062 -4.546411733e-18 -0.004971015861)
(-0.002219343256 -4.474294796e-18 -0.004861852467)
(-0.002214488412 -4.333630978e-18 -0.004750119985)
(-0.002204337413 -4.386636888e-18 -0.004635537122)
(-0.002188759653 -4.132442549e-18 -0.004517728258)
(-0.002167554641 -4.076442207e-18 -0.004396193341)
(-0.002140427434 -3.687389175e-18 -0.004270266873)
(-0.002106956308 -3.62936569e-18 -0.004139063373)
(-0.002066551606 -3.33638935e-18 -0.004001407722)
(-0.002018407149 -3.046150106e-18 -0.003855752856)
(-0.001961449406 -2.677804672e-18 -0.003700095107)
(-0.00189429479 -2.6667245e-18 -0.003531905964)
(-0.001815228553 -2.537467001e-18 -0.003348103313)
(-0.00172221567 -2.06381047e-18 -0.003145077233)
(-0.001612943081 -2.006994207e-18 -0.002918766418)
(-0.001484882481 -1.898327216e-18 -0.002664764943)
(-0.00133535992 -1.771360432e-18 -0.002378432626)
(-0.001161627896 -1.641167142e-18 -0.002054985468)
(-0.0009609389034 -1.506916104e-18 -0.001689559928)
(-0.0007305164914 -9.71443738e-19 -0.00127730668)
(-0.0004672225832 -3.691382174e-19 -0.0008136242541)
(-0.000167230191 -1.663790716e-19 -0.0002943273926)
(-9.023587278e-05 -2.694645097e-19 -0.007219996842)
(-0.000233940704 -1.331583856e-18 -0.007212426839)
(-0.0003683101411 -3.919952473e-19 -0.007195962132)
(-0.0005062961618 -1.861007198e-18 -0.007171483811)
(-0.0006408486748 -5.011824295e-19 -0.007139707807)
(-0.0007708911196 1.577277329e-18 -0.007101212625)
(-0.0008963125598 2.046222324e-18 -0.007056480461)
(-0.001016859806 -4.461603577e-19 -0.00700598175)
(-0.001132313223 -1.731978822e-18 -0.006950166452)
(-0.001242512891 -2.829454175e-18 -0.006889454474)
(-0.001347335608 -3.343410004e-18 -0.006824235591)
(-0.001446686107 -3.730630746e-18 -0.006754868425)
(-0.001540493046 -3.973905677e-18 -0.006681679627)
(-0.001628705338 -4.268365456e-18 -0.006604963276)
(-0.001711288461 -4.641876455e-18 -0.006524981201)
(-0.001788222258 -5.20986598e-18 -0.00644196458)
(-0.0018594992 -4.892625975e-18 -0.006356115038)
(-0.001925121934 -5.263749302e-18 -0.006267606275)
(-0.001985102235 -5.01772562e-18 -0.00617658614)
(-0.002039459739 -4.865267734e-18 -0.006083178135)
(-0.002088220486 -4.769240073e-18 -0.005987483231)
(-0.002131415692 -4.839261095e-18 -0.005889580652)
(-0.00216908044 -4.502439584e-18 -0.005789528874)
(-0.002201252048 -4.477326617e-18 -0.005687365282)
(-0.00222796792 -4.602787148e-18 -0.005583105365)
(-0.002249263077 -4.80257483e-18 -0.005476740878)
(-0.002265167324 -4.695820272e-18 -0.005368236614)
(-0.00227570117 -4.966318606e-18 -0.005257525815)
(-0.0022808709 -5.209523938e-18 -0.005144503774)
(-0.002280662546 -5.134572527e-18 -0.005029018752)
(-0.002275033509 -4.75700763e-18 -0.004910859464)
(-0.002263901878 -4.414587501e-18 -0.004789738323)
(-0.002247132238 -4.406881437e-18 -0.004665268546)
(-0.002224516772 -4.217880781e-18 -0.004536933021)
(-0.002195750161 -3.944710426e-18 -0.004404042127)
(-0.002160396784 -3.80358483e-18 -0.004265678454)
(-0.002117849715 -3.627720442e-18 -0.004120627287)
(-0.002067283149 -3.481518553e-18 -0.003967296019)
(-0.002007603909 -3.354695475e-18 -0.003803633966)
(-0.00193741253 -3.409549806e-18 -0.003627071762)
(-0.001854986867 -3.174658334e-18 -0.003434502462)
(-0.001758297782 -2.91297092e-18 -0.003222317976)
(-0.001645055103 -2.408404589e-18 -0.002986493647)
(-0.001512771316 -2.507434073e-18 -0.002722699519)
(-0.001358831397 -2.036177445e-18 -0.002426413939)
(-0.001180565409 -1.881281378e-18 -0.002093015513)
(-0.0009753203229 -1.718818264e-18 -0.001717847124)
(-0.0007404265011 -1.557217884e-18 -0.001296311278)
(-0.0004728573012 -1.008451004e-18 -0.0008241059754)
(-0.0001689269153 -5.390094915e-19 -0.0002973717852)
(-9.288519969e-05 1.767914325e-18 -0.007515265072)
(-0.0002408775861 1.890711868e-18 -0.007507340278)
(-0.0003792588906 -2.963209647e-20 -0.007490124729)
(-0.0005213284267 -1.527505193e-18 -0.007464526016)
(-0.0006599033344 -4.953234501e-19 -0.007431283864)
(-0.0007938466255 1.433870906e-18 -0.00739099576)
(-0.0009230423827 1.402346393e-18 -0.007344159792)
(-0.001047232156 -1.946718498e-18 -0.007291258168)
(-0.001166187447 -2.51734343e-18 -0.007232752128)
(-0.001279739742 -4.103383509e-18 -0.00716907275)
(-0.00138775844 -3.831785199e-18 -0.007100619682)
(-0.001490141115 -4.471172349e-18 -0.00702776046)
(-0.001586809363 -4.604710809e-18 -0.006950829974)
(-0.001677704846 -4.80451605e-18 -0.006870130407)
(-0.001762786666 -4.832543369e-18 -0.006785932081)
(-0.001842029198 -4.833635546e-18 -0.006698474661)
(-0.001915419266 -5.26998784e-18 -0.006607968273)
(-0.001982955016 -5.918635732e-18 -0.006514595658)
(-0.002044644459 -5.779627169e-18 -0.006418514038)
(-0.002100503956 -5.410404349e-18 -0.006319856753)
(-0.002150557482 -5.090790623e-18 -0.006218734792)
(-0.002194834769 -4.840324717e-18 -0.006115237584)
(-0.002233369942 -4.783514674e-18 -0.006009433811)
(-0.002266200184 -4.609500392e-18 -0.005901370874)
(-0.002293363239 -4.88478233e-18 -0.005791073645)
(-0.002314894801 -5.098350976e-18 -0.005678542524)
(-0.002330825486 -5.122043187e-18 -0.005563749794)
(-0.002341176519 -5.209946827e-18 -0.005446634559)
(-0.002345954596 -5.328280278e-18 -0.005327095842)
(-0.002345145361 -5.363321903e-18 -0.005204983018)
(-0.002338704798 -5.368270784e-18 -0.005080082858)
(-0.002326548212 -5.087661348e-18 -0.004952101768)
(-0.002308535412 -4.962238811e-18 -0.004820641977)
(-0.002284451291 -4.531446435e-18 -0.00468516948)
(-0.002253980242 -4.174592354e-18 -0.004544970945)
(-0.00221667307 -3.857319876e-18 -0.004399097727)
(-0.002171906037 -3.729693762e-18 -0.00424629649)
(-0.002118834375 -3.493090697e-18 -0.004084930709)
(-0.002056346014 -3.458063935e-18 -0.003912905179)
(-0.001983026335 -3.384150173e-18 -0.00372761257)
(-0.001897146078 -3.264729283e-18 -0.003525923242)
(-0.001796680375 -2.997563452e-18 -0.003304230116)
(-0.001679357726 -3.075064685e-18 -0.003058540911)
(-0.001542725467 -2.869705843e-18 -0.002784594262)
(-0.001384218623 -2.568462002e-18 -0.002477974256)
(-0.001201233036 -2.281997543e-18 -0.002134203979)
(-0.0009911964622 -2.057394203e-18 -0.001748809828)
(-0.0007515295681 -1.496418648e-18 -0.001317417809)
(-0.0004792972856 -9.540494801e-19 -0.0008359918275)
(-0.0001709305678 -4.130771169e-19 -0.000300960299)
(-9.572143407e-05 -5.127589562e-18 -0.007824786346)
(-0.0002483022071 -7.442025944e-19 -0.007816497448)
(-0.0003909752789 6.90675722e-19 -0.007798513891)
(-0.000537410159 2.111658496e-18 -0.007771767873)
(-0.0006802785338 6.750711849e-19 -0.00773702188)
(-0.0008183800147 1.300683822e-18 -0.007694894447)
(-0.0009515925146 1.554351226e-18 -0.007645896783)
(-0.001079650871 -6.204206738e-19 -0.007590524643)
(-0.001202317898 -2.031518204e-18 -0.007529249484)
(-0.001319416765 -3.389518391e-18 -0.007462512295)
(-0.001430809024 -4.131582374e-18 -0.007390721983)
(-0.001536384938 -4.206900156e-18 -0.007314254771)
(-0.001636059277 -4.186417156e-18 -0.007233453737)
(-0.001729767517 -4.134741211e-18 -0.007148629066)
(-0.001817463224 -4.537220125e-18 -0.007060059355)
(-0.001899114976 -4.800454227e-18 -0.006967992224)
(-0.001974705207 -5.251850028e-18 -0.006872646791)
(-0.002044228084 -5.420723807e-18 -0.006774214878)
(-0.002107688344 -5.591780878e-18 -0.006672863546)
(-0.002165100257 -5.444126727e-18 -0.00656873615)
(-0.002216485965 -5.277431076e-18 -0.006461954189)
(-0.00226187421 -5.050861762e-18 -0.006352617865)
(-0.002301299106 -4.840865248e-18 -0.006240806522)
(-0.00233479818 -5.179401109e-18 -0.006126578004)
(-0.002362409873 -5.328076868e-18 -0.006009967158)
(-0.002384170897 -5.423512306e-18 -0.005890983485)
(-0.002400112987 -5.496967019e-18 -0.005769607173)
(-0.002410258329 -5.517206516e-18 -0.005645783622)
(-0.002414614241 -5.545918163e-18 -0.005519415994)
(-0.002413166158 -5.576032372e-18 -0.005390355075)
(-0.002405868803 -5.331292052e-18 -0.005258385774)
(-0.002392634705 -5.031253764e-18 -0.005123208591)
(-0.002373318906 -4.650245392e-18 -0.004984414942)
(-0.002347699035 -4.563707437e-18 -0.004841454072)
(-0.002315449283 -4.45323363e-18 -0.004693589161)
(-0.002276106994 -4.294560033e-18 -0.004539840984)
(-0.002229032076 -3.987942493e-18 -0.004378918913)
(-0.002173361501 -3.936236028e-18 -0.00420914429)
(-0.002107964948 -3.685850173e-18 -0.004028379197)
(-0.002031412684 -3.648433597e-18 -0.003833979697)
(-0.001941967483 -3.568929375e-18 -0.003622794396)
(-0.001837607125 -3.703803573e-18 -0.003391216445)
(-0.001716074532 -3.861047404e-18 -0.00313528089)
(-0.001574944904 -3.738811275e-18 -0.002850785586)
(-0.001411694846 -3.259825681e-18 -0.002533407771)
(-0.001223774638 -2.714054052e-18 -0.002178797414)
(-0.00100867952 -2.117003715e-18 -0.001782641989)
(-0.0007639049152 -1.446579207e-18 -0.001340764176)
(-0.0004865884981 -6.84645461e-19 -0.0008493622388)
(-0.000173255387 -2.991429056e-19 -0.0003051178315)
(-9.877096418e-05 -2.032800057e-18 -0.008149739701)
(-0.0002562832765 8.374487406e-19 -0.008141074676)
(-0.0004035672325 -2.930543012e-18 -0.008122298982)
(-0.0005546874952 7.46905219e-20 -0.008094367403)
(-0.0007021577206 -2.985095035e-19 -0.008058066948)
(-0.0008447094948 -1.496853071e-19 -0.008014037958)
(-0.0009822135528 4.447058594e-19 -0.007962804182)
(-0.00111439723 -3.102604908e-19 -0.007904873516)
(-0.00124101339 -1.632906354e-18 -0.007840729349)
(-0.001361876915 -2.239664328e-18 -0.00777082205)
(-0.001476841748 -2.613395361e-18 -0.007695569243)
(-0.001585791148 -2.950732863e-18 -0.007615355654)
(-0.001688633614 -3.274034662e-18 -0.007530532705)
(-0.001785298821 -3.010347178e-18 -0.007441418376)
(-0.001875734762 -3.63145199e-18 -0.007348299191)
(-0.001959905921 -4.605996335e-18 -0.00725143142)
(-0.002037790605 -4.908677251e-18 -0.007151042915)
(-0.002109379916 -5.306594824e-18 -0.007047335205)
(-0.002174676424 -5.044139633e-18 -0.006940485202)
(-0.00223369263 -5.278723351e-18 -0.006830647029)
(-0.002286450021 -5.390589517e-18 -0.006717952892)
(-0.002332977248 -5.474272651e-18 -0.006602514187)
(-0.002373308833 -5.561827561e-18 -0.006484421451)
(-0.002407483226 -5.748625142e-18 -0.006363743431)
(-0.002435540197 -5.832461467e-18 -0.006240525376)
(-0.002457518119 -6.195430127e-18 -0.00611478632)
(-0.002473450253 -6.104916324e-18 -0.005986514663)
(-0.002483360065 -5.973041484e-18 -0.005855662421)
(-0.00248725575 -5.849971909e-18 -0.005722137193)
(-0.002485122814 -5.711267183e-18 -0.005585791375)
(-0.002476914851 -5.680225576e-18 -0.005446408083)
(-0.00246254164 -5.31685321e-18 -0.005303682)
(-0.002441853495 -4.759145253e-18 -0.00515719384)
(-0.00241462085 -4.384454194e-18 -0.005006376325)
(-0.002380507863 -4.209136103e-18 -0.004850469535)
(-0.002339038623 -4.308816223e-18 -0.004688464039)
(-0.00228955688 -4.248131036e-18 -0.004519032441)
(-0.002231181498 -4.241029441e-18 -0.00434045541)
(-0.002162764366 -4.189982599e-18 -0.0041505543)
(-0.002082860769 -4.272842475e-18 -0.003946649918)
(-0.001989724208 -4.460085659e-18 -0.003725568434)
(-0.001881332133 -4.625349693e-18 -0.003483700545)
(-0.001755437822 -4.433952199e-18 -0.003217103572)
(-0.001609637434 -4.348934875e-18 -0.002921625089)
(-0.001441440185 -4.457060403e-18 -0.002593021823)
(-0.001248340004 -3.644605138e-18 -0.002227053352)
(-0.001027886606 -2.867589242e-18 -0.001819546467)
(-0.0007776355674 -2.105040173e-18 -0.001366495023)
(-0.0004947796254 -1.366695136e-18 -0.0008643023843)
(-0.0001759167725 -6.733528593e-19 -0.0003098713388)
(-0.0001020614803 2.470909515e-19 -0.008491460939)
(-0.0002648927852 5.746516455e-19 -0.008482403461)
(-0.0004171470034 -2.405208561e-18 -0.008462802223)
(-0.0005733133583 -1.481328669e-18 -0.008433634294)
(-0.0007257335316 -1.691687508e-18 -0.008395713977)
(-0.0008730648917 -2.827653277e-18 -0.008349701652)
(-0.001015169305 -1.021299484e-18 -0.0082961366)
(-0.001151766728 -6.459020791e-19 -0.008235537691)
(-0.001282599051 -4.89697634e-19 -0.008168399642)
(-0.001407471989 -1.267038438e-18 -0.00809518354)
(-0.001526232236 -1.63468957e-18 -0.008016316236)
(-0.00163875664 -2.087092786e-18 -0.007932190734)
(-0.001744947232 -2.642307841e-18 -0.007843166294)
(-0.001844728305 -2.709977338e-18 -0.007749569571)
(-0.001938044084 -2.982814022e-18 -0.007651695597)
(-0.002024855026 -4.036202854e-18 -0.007549809183)
(-0.002105136546 -4.643383369e-18 -0.007444147262)
(-0.002178877691 -5.323945589e-18 -0.00733492139)
(-0.002246079562 -4.774905222e-18 -0.007222318976)
(-0.002306754377 -4.755222407e-18 -0.00710650489)
(-0.00236092346 -5.240590542e-18 -0.006987622785)
(-0.002408616212 -5.633733889e-18 -0.00686579573)
(-0.002449868687 -6.000247534e-18 -0.006741125796)
(-0.00248472109 -6.027195268e-18 -0.006613692985)
(-0.00251321522 -6.359153788e-18 -0.006483553337)
(-0.002535391613 -6.506946607e-18 -0.006350735754)
(-0.002551285594 -6.687933531e-18 -0.00621523721)
(-0.002560922446 -6.500976186e-18 -0.006077016495)
(-0.002564311561 -6.404855741e-18 -0.005935985794)
(-0.002561438785 -6.453234277e-18 -0.005791999352)
(-0.002552256857 -6.484654306e-18 -0.005644838546)
(-0.002536672985 -6.292147462e-18 -0.005494192156)
(-0.00251453283 -6.076486509e-18 -0.005339630105)
(-0.002485599683 -5.617390514e-18 -0.0051805685)
(-0.002449527556 -5.321526309e-18 -0.00501622456)
(-0.002405827496 -4.972383953e-18 -0.004845559429)
(-0.002353827483 -4.671065295e-18 -0.004667209917)
(-0.002292628463 -4.369301149e-18 -0.004479416576)
(-0.002221064164 -4.27159791e-18 -0.004279960504)
(-0.002137674332 -4.124839485e-18 -0.00406612815)
(-0.002040702026 -4.22815693e-18 -0.003834722624)
(-0.001928121081 -4.325378749e-18 -0.003582128516)
(-0.001797690134 -4.421218235e-18 -0.003304418832)
(-0.001647019623 -3.90481623e-18 -0.00299748111)
(-0.001473642292 -3.445394972e-18 -0.002657137828)
(-0.00127508521 -3.272681303e-18 -0.002279240937)
(-0.001048940165 -3.004993193e-18 -0.001859735645)
(-0.0007928088231 -2.268957873e-18 -0.001394762481)
(-0.0005039223429 -1.533896911e-18 -0.0008809025872)
(-0.0001789313688 -7.823724825e-19 -0.0003152499461)
(-0.0001056217709 3.475386721e-19 -0.008851456503)
(-0.0002742055027 5.547708089e-20 -0.008841985142)
(-0.0004318318394 -1.316709508e-18 -0.008821515005)
(-0.0005934488566 -1.491592328e-18 -0.008791046842)
(-0.0007512084682 -2.09244341e-18 -0.008751422719)
(-0.000903688045 -3.158976212e-18 -0.008703324309)
(-0.001050738852 -2.538054242e-18 -0.00864730702)
(-0.001192071851 -1.173878498e-18 -0.008583903018)
(-0.001327418148 -3.987442603e-19 -0.008513618194)
(-0.00145657394 -4.101991785e-19 -0.008436924424)
(-0.001579378071 -1.004384301e-18 -0.00835425853)
(-0.00169570081 -8.989790746e-19 -0.008266022688)
(-0.001805438783 -1.275619344e-18 -0.008172584824)
(-0.001908512431 -2.948428475e-18 -0.008074280719)
(-0.002004861717 -3.335862156e-18 -0.007971413772)
(-0.002094444342 -4.118468914e-18 -0.007864258228)
(-0.002177234162 -5.066423714e-18 -0.007753061057)
(-0.002253219223 -5.178724082e-18 -0.0076380438)
(-0.002322400384 -5.166062194e-18 -0.007519404789)
(-0.002384790201 -5.288409523e-18 -0.007397320606)
(-0.002440411463 -5.250169297e-18 -0.007271946497)
(-0.002489295463 -5.273941098e-18 -0.007143417539)
(-0.002531480484 -5.770065586e-18 -0.00701184792)
(-0.002567009404 -5.957104921e-18 -0.006877329397)
(-0.002595927005 -6.044474344e-18 -0.006739929083)
(-0.002618276845 -5.866685944e-18 -0.006599685962)
(-0.002634097024 -6.315194281e-18 -0.006456605735)
(-0.002643415212 -6.581901629e-18 -0.006310654094)
(-0.002646242435 -6.506806605e-18 -0.006161747789)
(-0.002642565197 -6.57491863e-18 -0.006009742883)
(-0.002632335614 -6.557254021e-18 -0.005854419117)
(-0.002615458562 -6.506988572e-18 -0.00569545941)
(-0.00259177524 -6.539604896e-18 -0.005532422793)
(-0.002561041946 -6.579234129e-18 -0.005364708784)
(-0.002522902632 -6.186791253e-18 -0.005191511512)
(-0.002476855198 -5.814769464e-18 -0.005011762441)
(-0.002422211625 -5.609057216e-18 -0.00482406333)
(-0.002358055233 -5.202058816e-18 -0.004626615825)
(-0.002283201459 -4.91816705e-18 -0.004417161126)
(-0.002196173244 -4.638536339e-18 -0.00419295045)
(-0.002095201207 -4.375295687e-18 -0.003950762242)
(-0.001978252375 -4.283340146e-18 -0.003686970909)
(-0.00184308527 -4.02320143e-18 -0.003397657899)
(-0.001687317868 -3.512211656e-18 -0.003078740466)
(-0.001508497488 -2.737534172e-18 -0.002726093102)
(-0.001304173838 -2.551380686e-18 -0.002335642715)
(-0.001071968886 -2.183157309e-18 -0.00190343278)
(-0.0008095169214 -1.694101994e-18 -0.001425727044)
(-0.0005140715923 -1.136632646e-18 -0.0008992586246)
(-0.0001823170248 -4.921318044e-19 -0.0003212848164)
(-0.0001094816255 4.03855278e-18 -0.009231420758)
(-0.0002842996096 2.359960765e-18 -0.009221509577)
(-0.0004477458206 3.125547199e-18 -0.009200117272)
(-0.000615263992 2.668685672e-18 -0.009168269344)
(-0.0007787961303 1.366451731e-18 -0.009126835968)
(-0.00093683377 -9.415799248e-19 -0.009076524926)
(-0.001089216098 -1.72769589e-18 -0.009017906584)
(-0.001235643256 -1.387665726e-18 -0.008951528583)
(-0.001375834547 -1.082294978e-18 -0.008877910264)
(-0.001509576447 -9.423441408e-19 -0.008797534816)
(-0.001636699992 -1.265007382e-18 -0.008710849868)
(-0.001757069158 -1.400957332e-18 -0.008618268003)
(-0.001870576093 -1.613514617e-18 -0.00852016701)
(-0.001977136848 -2.400945116e-18 -0.008416891539)
(-0.002076688591 -3.379667862e-18 -0.008308754983)
(-0.002169187806 -4.087291334e-18 -0.008196042023)
(-0.002254607504 -4.719329872e-18 -0.00807900981)
(-0.002332935952 -4.978014803e-18 -0.007957891164)
(-0.002404175139 -5.005399306e-18 -0.007832895791)
(-0.002468339589 -5.566523577e-18 -0.007704212149)
(-0.002525454351 -5.750181762e-18 -0.007572008168)
(-0.002575553955 -5.696621476e-18 -0.007436431396)
(-0.002618680295 -5.909283777e-18 -0.007297608272)
(-0.002654880019 -6.119461498e-18 -0.007155642645)
(-0.002684201896 -6.559864014e-18 -0.007010613029)
(-0.002706693324 -6.634980375e-18 -0.00686256873)
(-0.002722395958 -6.41262124e-18 -0.006711524406)
(-0.002731340625 -6.278926586e-18 -0.006557452714)
(-0.00273354062 -6.356780083e-18 -0.006400274964)
(-0.002728983642 -6.361683351e-18 -0.006239848866)
(-0.002717621527 -6.337587536e-18 -0.006075952214)
(-0.002699357057 -6.106970051e-18 -0.005908261752)
(-0.002674027074 -5.942543548e-18 -0.005736325322)
(-0.00264138081 -6.083461789e-18 -0.005559525746)
(-0.002601052345 -5.968457166e-18 -0.005377034299)
(-0.002552526608 -5.771201916e-18 -0.005187752893)
(-0.002495099468 -5.536918356e-18 -0.004990247772)
(-0.002427835919 -5.492749099e-18 -0.004782681492)
(-0.002349532709 -5.412372364e-18 -0.004562755941)
(-0.002258694918 -5.353699729e-18 -0.004327686068)
(-0.002153537999 -5.368665532e-18 -0.004074222584)
(-0.0020320187 -5.553574294e-18 -0.003798725252)
(-0.001891889923 -5.7176233e-18 -0.003497276135)
(-0.001730769853 -5.109809228e-18 -0.003165811011)
(-0.001546211768 -4.250411978e-18 -0.002800242765)
(-0.001335777696 -3.519771439e-18 -0.002396556219)
(-0.001097108283 -2.832702971e-18 -0.001950873414)
(-0.0008278572653 -1.683940218e-18 -0.001459558441)
(-0.0005252856618 -9.848754883e-19 -0.0009194721989)
(-0.0001860928394 -2.189266304e-19 -0.0003280093423)
(-0.0001136731919 -2.719029513e-18 -0.009633259175)
(-0.0002952590791 2.38790202e-18 -0.009622877213)
(-0.0004650211847 1.624355583e-18 -0.009600497395)
(-0.0006389380747 2.207679498e-18 -0.009567170829)
(-0.0008087222875 1.841765355e-18 -0.009523800166)
(-0.0009727717533 2.992443559e-19 -0.009471121331)
(-0.001130911536 -2.027395607e-19 -0.009409722696)
(-0.001282830417 5.123485949e-19 -0.009340167396)
(-0.001428233867 3.360365302e-19 -0.009262990383)
(-0.001566898066 -9.582095905e-19 -0.009178688804)
(-0.001698646507 -1.777686876e-18 -0.009087722535)
(-0.001823336929 -2.393733491e-18 -0.008990515342)
(-0.001940856608 -2.563133904e-18 -0.008887456246)
(-0.002051118759 -3.036358291e-18 -0.00877890082)
(-0.002154059346 -3.733562401e-18 -0.00866517375)
(-0.002249633897 -4.225147396e-18 -0.008546570315)
(-0.002337816162 -4.528268386e-18 -0.00842335969)
(-0.002418596034 -4.671757098e-18 -0.008295786194)
(-0.002491977987 -5.01197799e-18 -0.008164072259)
(-0.002557979763 -5.505396849e-18 -0.008028419113)
(-0.002616630575 -6.108133905e-18 -0.007889007488)
(-0.002667969475 -6.1693232e-18 -0.007745998046)
(-0.002712043143 -6.228777462e-18 -0.007599530183)
(-0.002748903328 -6.180426129e-18 -0.007449720205)
(-0.002778604057 -6.130508128e-18 -0.007296658256)
(-0.002801197687 -6.038820827e-18 -0.007140403995)
(-0.002816730418 -6.044163513e-18 -0.006980981005)
(-0.002825237028 -6.080777861e-18 -0.006818368935)
(-0.00282673383 -6.205229832e-18 -0.006652493473)
(-0.002821210238 -6.304831628e-18 -0.00648321372)
(-0.002808618246 -6.313837908e-18 -0.006310305373)
(-0.002788858908 -6.247747797e-18 -0.00613343874)
(-0.002761765013 -5.992443424e-18 -0.005952150126)
(-0.002727078873 -6.222122386e-18 -0.005765804913)
(-0.002684424504 -6.197284721e-18 -0.005573550749)
(-0.002633273548 -5.867229838e-18 -0.005374260067)
(-0.002572905911 -5.437656736e-18 -0.005166463955)
(-0.002502367881 -5.525883532e-18 -0.00494828513)
(-0.002420436156 -5.513716835e-18 -0.004717384866)
(-0.002325596635 -5.43688341e-18 -0.004470940866)
(-0.002216046952 -5.309957862e-18 -0.004205672628)
(-0.002089729122 -5.161332153e-18 -0.00391791914)
(-0.001944385108 -5.036989971e-18 -0.003603755038)
(-0.001777625917 -4.801812002e-18 -0.00325912352)
(-0.001587002114 -4.4038502e-18 -0.002879961648)
(-0.001370077904 -3.906108866e-18 -0.002462295557)
(-0.001124501356 -3.416956443e-18 -0.002002306291)
(-0.0008479330064 -2.430313493e-18 -0.001496436504)
(-0.00053762664 -1.470930132e-18 -0.0009416516749)
(-0.0001902793639 -5.507456346e-19 -0.0003354595018)
(-0.0001182305289 -5.144978118e-18 -0.01005911187)
(-0.0003071727237 -3.619857504e-18 -0.01004822118)
(-0.000483796492 2.740254001e-18 -0.01002477351)
(-0.0006646603949 3.419278809e-18 -0.009989849169)
(-0.0008412258897 1.257469437e-18 -0.009944388163)
(-0.00101178831 2.740671213e-19 -0.009889154482)
(-0.001176155611 -3.642631591e-19 -0.009824759744)
(-0.001334004227 1.824122968e-19 -0.009751784919)
(-0.001485025277 4.212488685e-19 -0.009670781932)
(-0.001628983418 -1.165089247e-18 -0.009582264003)
(-0.001765693748 -2.191870545e-18 -0.009486705663)
(-0.001895008037 -2.767203532e-18 -0.00938454425)
(-0.002016809939 -3.059087033e-18 -0.009276181991)
(-0.00213101059 -3.243672923e-18 -0.009161987191)
(-0.002237544783 -4.301373014e-18 -0.009042296619)
(-0.002336369112 -4.76513723e-18 -0.008917418565)
(-0.002427459165 -5.218788913e-18 -0.008787634749)
(-0.002510807872 -5.118261934e-18 -0.00865320312)
(-0.002586424093 -4.762943733e-18 -0.008514359165)
(-0.002654330305 -5.157508832e-18 -0.008371317806)
(-0.002714561163 -6.276746686e-18 -0.008224274002)
(-0.002767162122 -7.159050162e-18 -0.008073402084)
(-0.00281218634 -7.271984244e-18 -0.007918854615)
(-0.002849692127 -6.762979523e-18 -0.007760760663)
(-0.002879739985 -6.198919181e-18 -0.007599222314)
(-0.00290238849 -6.327352666e-18 -0.007434309914)
(-0.002917689579 -6.562428259e-18 -0.007266055926)
(-0.002925682958 -6.821779351e-18 -0.007094446821)
(-0.002926388848 -6.797947776e-18 -0.006919412549)
(-0.002919799155 -6.734773145e-18 -0.006740813097)
(-0.002905866579 -6.51921469e-18 -0.006558421324)
(-0.002884490717 -6.255987429e-18 -0.006371900466)
(-0.002855500416 -6.549579489e-18 -0.006180774914)
(-0.002818631376 -6.681189427e-18 -0.005984392437)
(-0.002773497719 -6.493475676e-18 -0.005781876468)
(-0.002719557588 -6.250863587e-18 -0.005572068573)
(-0.002656074073 -6.159570293e-18 -0.005353463878)
(-0.002582074474 -6.028231937e-18 -0.005124145312)
(-0.00249631433 -5.960159665e-18 -0.004881731768)
(-0.002397257964 -5.912600397e-18 -0.004623360744)
(-0.002283082573 -5.992201265e-18 -0.004345716987)
(-0.002151710911 -5.604300171e-18 -0.004045112355)
(-0.002000868215 -5.023212801e-18 -0.003717604993)
(-0.00182815095 -4.937391763e-18 -0.003359134121)
(-0.001631098135 -4.503335367e-18 -0.002965646459)
(-0.00140726623 -4.094827232e-18 -0.002533193036)
(-0.001154299749 -3.255395428e-18 -0.002057994833)
(-0.0008698538398 -2.298058323e-18 -0.001536552086)
(-0.0005511608422 -1.169158862e-18 -0.0009659125416)
(-0.0001948987113 -4.709457812e-19 -0.0003436739629)
(-0.0001231892052 -1.418410476e-18 -0.01051137586)
(-0.0003201331185 -4.313097009e-18 -0.01049993082)
(-0.0005042175199 8.986837911e-19 -0.01047531976)
(-0.0006926315692 -1.848893444e-18 -0.01043865751)
(-0.0008765592876 -3.8401588e-18 -0.01039092346)
(-0.001054185255 -2.302356777e-18 -0.0103329149)
(-0.001225298012 -2.368793589e-18 -0.0102652676)
(-0.001389558811 -2.149386029e-18 -0.01018858583)
(-0.001546643402 -1.857378712e-18 -0.01010344134)
(-0.001696304328 -1.74948799e-18 -0.01001036578)
(-0.001838347965 -2.942289228e-18 -0.009909851123)
(-0.00197262059 -3.452382279e-18 -0.009802351332)
(-0.002099002228 -4.167642858e-18 -0.00968828357)
(-0.002217401952 -4.65165344e-18 -0.009568030867)
(-0.00232775557 -4.797566435e-18 -0.009441945115)
(-0.002430021305 -5.355914097e-18 -0.00931034872)
(-0.002524178249 -5.838297859e-18 -0.009173538495)
(-0.002610224262 -5.824196493e-18 -0.009031786771)
(-0.002688173814 -6.060179649e-18 -0.008885344302)
(-0.002758056192 -6.333319096e-18 -0.008734440735)
(-0.002819913707 -6.858875201e-18 -0.008579285594)
(-0.002873799458 -7.233026765e-18 -0.008420067895)
(-0.002919774735 -7.346824039e-18 -0.008256954539)
(-0.002957906277 -7.310753044e-18 -0.0080900878)
(-0.002988262755 -7.110823434e-18 -0.007919581802)
(-0.003010910416 -7.15039748e-18 -0.007745517484)
(-0.00302590825 -7.237127653e-18 -0.007567936061)
(-0.003033301968 -7.301094233e-18 -0.007386830498)
(-0.003033116522 -7.391865163e-18 -0.007202134758)
(-0.003025347205 -7.37560861e-18 -0.007013709602)
(-0.003009948246 -7.477609895e-18 -0.006821324561)
(-0.002986818404 -7.366856452e-18 -0.006624634931)
(-0.002955782909 -7.183973696e-18 -0.006423151835)
(-0.002916570663 -7.065035692e-18 -0.006216204273)
(-0.002868785765 -6.844648124e-18 -0.006002891085)
(-0.00281187301 -6.540412521e-18 -0.005782022576)
(-0.002745078183 -6.498286011e-18 -0.005552056078)
(-0.002667408205 -6.419364159e-18 -0.005311032749)
(-0.002577596452 -6.32381678e-18 -0.005056527957)
(-0.002474083315 -6.144124017e-18 -0.004785635571)
(-0.002355022095 -5.53267963e-18 -0.004495000438)
(-0.002218311779 -4.805039178e-18 -0.00418090056)
(-0.002061654742 -4.622739073e-18 -0.003839368098)
(-0.001882625596 -4.326426375e-18 -0.0034663265)
(-0.001678743011 -3.961834227e-18 -0.0030577176)
(-0.001447545896 -3.535191236e-18 -0.002609600918)
(-0.001186664348 -2.975089503e-18 -0.002118218488)
(-0.0008937363412 -2.346282133e-18 -0.001580107892)
(-0.0005659589349 -1.747397339e-18 -0.0009923777581)
(-0.0001999745621 -6.088050567e-19 -0.0003526941039)
(-0.002797936945 -7.770856449e-18 -0.009278801347)
(-0.002869873505 -8.223405201e-18 -0.00911949645)
(-0.002933406927 -7.936667001e-18 -0.008955688077)
(-0.002988600332 -7.865304165e-18 -0.008787580498)
(-0.003035525135 -8.074208178e-18 -0.008615355405)
(-0.003074258172 -8.433868059e-18 -0.008439168954)
(-0.003104877916 -8.071858165e-18 -0.008259147852)
(-0.003127459964 -7.951636883e-18 -0.008075383987)
(-0.003142071965 -7.876998613e-18 -0.007887927292)
(-0.003148767081 -7.978338504e-18 -0.007696776918)
(-0.003147576246 -7.773208585e-18 -0.007501870038)
(-0.003138499051 -7.887518675e-18 -0.007303067244)
(-0.003121491824 -7.673694665e-18 -0.007100134054)
(-0.00309645302 -7.551018275e-18 -0.006892717268)
(-0.0030632049 -7.486705593e-18 -0.006680314092)
(-0.003021469896 -7.418913244e-18 -0.006462233284)
(-0.002970841839 -7.475709533e-18 -0.006237547052)
(-0.002910751505 -7.659126885e-18 -0.006005033225)
(-0.002840427213 -7.53192768e-18 -0.00576311055)
(-0.002758854383 -7.198915677e-18 -0.005509775901)
(-0.002664742202 -6.922405894e-18 -0.005242557902)
(-0.00255650491 -6.641078272e-18 -0.004958503232)
(-0.002432268058 -6.20986736e-18 -0.00465421122)
(-0.002289902222 -5.584953443e-18 -0.004325918322)
(-0.002127080536 -5.367202569e-18 -0.003969620908)
(-0.00194134834 -4.753814069e-18 -0.003581214299)
(-0.001730195308 -4.188960048e-18 -0.003156621286)
(-0.001491132994 -3.61775981e-18 -0.002691893084)
(-0.001221766293 -2.873695923e-18 -0.002183274049)
(-0.0009197046662 -1.936866037e-18 -0.001627319574)
(-0.0005820963704 -8.762729225e-19 -0.001021178534)
(-0.0002055323033 -3.168189012e-19 -0.0003625643056)
)
;

boundaryField
{
    front_top
    {
        type            wedge;
    }
    front_middle
    {
        type            wedge;
    }
    front_bottom
    {
        type            wedge;
    }
    back_top
    {
        type            wedge;
    }
    back_middle
    {
        type            wedge;
    }
    back_bottom
    {
        type            wedge;
    }
    axis_top
    {
        type            symmetryPlane;
    }
    axis_middle
    {
        type            symmetryPlane;
    }
    axis_bottom
    {
        type            symmetryPlane;
    }
    wall_top
    {
        type            slip;
    }
    wall_middle
    {
        type            noSlip;
    }
    wall_bottom
    {
        type            noSlip;
    }
    inlet
    {
        type            fixedValue;
        value           nonuniform 0();
    }
    outlet
    {
        type            zeroGradient;
    }
    procBoundary4to3
    {
        type            processor;
        value           nonuniform List<vector> 
51
(
(-0.0001285862451 -1.619631127e-18 -0.01099273362)
(-0.0003342376699 -4.973715358e-18 -0.0109806816)
(-0.0005264390276 -4.891828754e-18 -0.01095479613)
(-0.0007230633051 -4.292959505e-18 -0.01091623115)
(-0.0009149896953 -3.426363634e-18 -0.01086600892)
(-0.001100282027 -4.679808309e-18 -0.01080496749)
(-0.001278707785 -5.562819179e-18 -0.01073376933)
(-0.001449911023 -5.055236826e-18 -0.01065304413)
(-0.001613549544 -5.163913478e-18 -0.01056338873)
(-0.001769363207 -3.937792405e-18 -0.0104653572)
(-0.001917149565 -3.478782777e-18 -0.01035946184)
(-0.002056748509 -3.867245016e-18 -0.01024617566)
(-0.002188036537 -5.06300403e-18 -0.01012593463)
(-0.002310922948 -5.660629444e-18 -0.009999139791)
(-0.002425344388 -6.269295433e-18 -0.009866159882)
(-0.002531262553 -6.826935483e-18 -0.009727334432)
(-0.002628661523 -6.796701402e-18 -0.009582976915)
(-0.002717545504 -6.659325726e-18 -0.009433376962)
(-0.002717545504 -6.659325726e-18 -0.009433376962)
(-0.002916476375 -9.009846338e-18 -0.009696715667)
(-0.002990552642 -9.14283952e-18 -0.009528396379)
(-0.003055815872 -8.160755616e-18 -0.009355319498)
(-0.003112341041 -8.015077325e-18 -0.009177706455)
(-0.003160211859 -7.606663295e-18 -0.008995754879)
(-0.003199517521 -7.818465707e-18 -0.008809635405)
(-0.003230348315 -8.193648629e-18 -0.008619487493)
(-0.003252791009 -8.479169831e-18 -0.008425414018)
(-0.003266923503 -8.682359619e-18 -0.008227473628)
(-0.003272807865 -8.549360087e-18 -0.008025671537)
(-0.003270482481 -8.357039187e-18 -0.00781994785)
(-0.003259952497 -8.243127275e-18 -0.007610162309)
(-0.003241177375 -7.99157516e-18 -0.007396075239)
(-0.003214055955 -7.399561408e-18 -0.007177323231)
(-0.003178407605 -6.798499597e-18 -0.006953388252)
(-0.003133948638 -6.854952723e-18 -0.006723558045)
(-0.003080262887 -6.767007668e-18 -0.006486876651)
(-0.00301676661 -6.849073471e-18 -0.006242086832)
(-0.002942669551 -6.762833523e-18 -0.005987566482)
(-0.002856934776 -7.212561922e-18 -0.005721266067)
(-0.002758245154 -7.581998344e-18 -0.005440663691)
(-0.002644986084 -7.296459553e-18 -0.005142754226)
(-0.002515251443 -7.109218101e-18 -0.004824085162)
(-0.002366878292 -6.994557357e-18 -0.004480842934)
(-0.002197504239 -6.579595902e-18 -0.004108977953)
(-0.002004637617 -5.696883893e-18 -0.003704344352)
(-0.001785730493 -4.780152819e-18 -0.003262831673)
(-0.001538257458 -4.414383496e-18 -0.002780466204)
(-0.001259787744 -4.177460917e-18 -0.002253476422)
(-0.000947891076 -3.561039725e-18 -0.001678416176)
(-0.0005996536393 -1.926960629e-18 -0.001052454454)
(-0.0002115990834 -4.258572575e-19 -0.0003733319283)
)
;
    }
    procBoundary4to5
    {
        type            processor;
        value           nonuniform List<vector> 
51
(
(-6.073769227e-05 -1.879558846e-19 -0.004190819594)
(-0.0001568151493 -3.938031274e-20 -0.00418775114)
(-0.0002466626845 4.08142993e-19 -0.004181119749)
(-0.000339264708 -5.67606861e-19 -0.004171163698)
(-0.0004291889226 -1.377544573e-18 -0.004158242362)
(-0.0005160117071 -2.30677728e-18 -0.00414258454)
(-0.0005996518959 -3.117115572e-18 -0.004124372717)
(-0.0006799258483 -3.727651066e-18 -0.004103793117)
(-0.0007567094478 -4.450823618e-18 -0.004081023701)
(-0.0008299257952 -4.087648465e-18 -0.004056231269)
(-0.0008995289873 -3.665816158e-18 -0.00402957145)
(-0.0009654989076 -3.421790473e-18 -0.004001188642)
(-0.001027837376 -3.531969851e-18 -0.00397121377)
(-0.001086563675 -3.675072542e-18 -0.00393976437)
(-0.001141711074 -3.495127663e-18 -0.003906944143)
(-0.001193323494 -3.246116017e-18 -0.003872842139)
(-0.001241452438 -3.240846781e-18 -0.003837532591)
(-0.001286154302 -3.020675548e-18 -0.003801074894)
(-0.001327488031 -2.783950033e-18 -0.003763513663)
(-0.001365512775 -2.595339237e-18 -0.003724878682)
(-0.001400286329 -2.633697917e-18 -0.003685185668)
(-0.001431863486 -2.425833207e-18 -0.003644436113)
(-0.001460294674 -2.242403459e-18 -0.003602617454)
(-0.001485624839 -2.075055964e-18 -0.003559703511)
(-0.001507892237 -2.049861942e-18 -0.003515654188)
(-0.001527127863 -2.281013192e-18 -0.00347041513)
(-0.001543353636 -2.525677518e-18 -0.00342391641)
(-0.001556581215 -2.640824298e-18 -0.003376071547)
(-0.001566810501 -2.606884631e-18 -0.003326775056)
(-0.001574027166 -2.658510429e-18 -0.003275899012)
(-0.001578199299 -2.587704436e-18 -0.003223288289)
(-0.001579273158 -2.515234681e-18 -0.003168754036)
(-0.001577167117 -2.467280607e-18 -0.003112064174)
(-0.00157176283 -2.445425429e-18 -0.003052929971)
(-0.001562892787 -2.474531109e-18 -0.002990986706)
(-0.001589812881 -2.340595996e-18 -0.002999163711)
(-0.001589812881 -2.340595996e-18 -0.002999163711)
(-0.00157153976 -2.237299338e-18 -0.002926425445)
(-0.001548548797 -2.103264298e-18 -0.002848760523)
(-0.00152013934 -1.878562068e-18 -0.002764969396)
(-0.001485318979 -1.7435126e-18 -0.002673395723)
(-0.001442695403 -1.814851677e-18 -0.002571752239)
(-0.001390356627 -1.994330874e-18 -0.002456921498)
(-0.001325761404 -1.850392692e-18 -0.002324760431)
(-0.001245664612 -1.698468316e-18 -0.002169938854)
(-0.001146090693 -1.551476904e-18 -0.001985824226)
(-0.001022354465 -1.439676911e-18 -0.001764396001)
(-0.0008691244203 -1.31890435e-18 -0.001496164576)
(-0.0006804372824 -1.235859289e-18 -0.001170126439)
(-0.0004494029725 -8.978824747e-19 -0.00077389913)
(-0.0001674091891 -4.344553938e-19 -0.0002941606829)
)
;
    }
}


// ************************************************************************* //
