/*--------------------------------*- C++ -*----------------------------------*\
  =========                 |
  \\      /  F ield         | OpenFOAM: The Open Source CFD Toolbox
   \\    /   O peration     | Website:  https://openfoam.org
    \\  /    A nd           | Version:  7
     \\/     M anipulation  |
\*---------------------------------------------------------------------------*/
FoamFile
{
    version     2.0;
    format      ascii;
    class       volVectorField;
    location    "0.0021";
    object      grad(generalizedNewtonian:nu);
}
// * * * * * * * * * * * * * * * * * * * * * * * * * * * * * * * * * * * * * //

dimensions      [0 1 -1 0 0 0 0];

internalField   nonuniform List<vector> 
1167
(
(-801.2531242 0 8223.893726)
(-79.21549065 0 8166.043278)
(-560.2233013 1.801403496e-10 8232.982431)
(-1452.377604 0 8224.554911)
(-1588.734993 -1.057871818e-10 8203.556462)
(-1889.218741 0 8187.986249)
(-2189.661583 0 8168.920932)
(-2456.449808 0 8143.527944)
(-2698.243138 6.259201738e-11 8112.126937)
(-2915.314582 0 8074.265269)
(-3106.053791 -2.678053401e-11 8029.447198)
(-3270.845375 -5.027765715e-11 7977.568707)
(-3410.960846 0 7918.966188)
(-3526.457034 0 7853.239305)
(-3620.467655 2.166252817e-11 7781.108215)
(-3695.574595 2.083210746e-11 7703.674829)
(-3755.120177 0 7621.607444)
(-3803.514846 -1.949692584e-11 7536.126787)
(-782.570068 0 8026.915297)
(-81.23745107 -3.045264853e-10 7968.960029)
(-541.2725063 0 8031.79602)
(-1406.563743 -1.378991513e-10 8021.158103)
(-1539.084971 -1.102767305e-10 7997.330551)
(-1827.230678 0 7978.229231)
(-2116.905167 0 7954.367356)
(-2373.156014 0 7924.363831)
(-2603.88162 0 7887.994559)
(-2810.292994 3.001169709e-11 7844.95766)
(-2991.606527 0 7795.119375)
(-3147.737621 0 7738.682849)
(-3278.734763 2.478601829e-11 7674.842783)
(-3386.737246 2.359361561e-11 7604.394147)
(-3474.145606 0 7528.43047)
(-3543.714683 0 7447.038312)
(-3598.411364 2.097043838e-11 7361.836172)
(-3642.125366 0 7273.60601)
(-3679.77335 0 7183.896463)
(-3715.313971 1.927129394e-11 7094.533333)
(-3753.182051 -1.884162828e-11 7006.843451)
(-3798.622861 0 6922.675853)
(-3857.279714 -3.626906667e-11 6844.129957)
(-3934.327562 -1.784476378e-11 6773.115729)
(-4035.420108 0 6711.93016)
(-4166.871881 0 6662.955556)
(-4334.976297 8.588113984e-12 6628.56238)
(-4546.96999 0 6611.709475)
(-4810.478947 0 6615.434114)
(-5133.076085 0 6642.627429)
(-5522.573542 1.664026987e-11 6696.742449)
(-5985.436978 0 6780.460393)
(-6526.211293 -1.648715847e-11 6895.521266)
(-7144.615036 0 7041.539297)
(-7830.229119 -8.197842814e-12 7213.775944)
(-8558.580384 0 7401.133613)
(-9287.135471 -1.635783928e-11 7583.856451)
(-9952.333244 0 7732.828955)
(-10478.01523 8.183684821e-12 7813.130542)
(-10792.98184 0 7792.041514)
(-10851.12451 -4.104840013e-12 7649.487811)
(-10646.20221 4.115006894e-12 7383.918096)
(-10212.05521 4.127479016e-12 7013.502674)
(-9608.406122 -4.14216564e-12 6568.377221)
(-8902.649037 -2.079492669e-12 6082.278107)
(-8155.534496 2.08893289e-12 5585.595819)
(-7412.996832 2.099371153e-12 5101.027712)
(-6707.790329 4.22155725e-12 4644.764349)
(-6065.941688 0 4230.080397)
(-5503.484644 -2.136401619e-12 3865.050456)
(-762.5560377 0 7812.42279)
(-80.81580152 3.177305647e-10 7754.449564)
(-520.5200081 0 7814.190034)
(-1357.853056 0 7802.580776)
(-1485.822122 1.150582611e-10 7776.190234)
(-1761.37779 0 7754.760782)
(-2038.692353 0 7728.159596)
(-2283.856337 0 7694.637072)
(-2503.728561 0 7654.742594)
(-2699.77486 0 7608.31297)
(-2871.287568 0 7555.139615)
(-3017.508639 0 7494.678466)
(-3140.094153 -2.586072461e-11 7427.536976)
(-3241.029904 0 7354.476374)
(-3321.90913 0 7275.526765)
(-3385.775312 0 7192.000252)
(-3436.233928 0 7104.690825)
(-3476.450726 0 7015.005738)
(-3510.672731 2.061904649e-11 6924.251947)
(-3544.066366 0 6834.168447)
(-3580.500108 3.931717922e-11 6746.071129)
(-3624.481864 0 6661.880352)
(-3681.27363 0 6583.476585)
(-3756.299814 0 6512.823087)
(-3855.175959 0 6452.097837)
(-3983.629299 -9.061181025e-12 6403.506342)
(-4147.771877 -8.960489232e-12 6369.383607)
(-4354.341189 0 6352.637641)
(-4610.010552 0 6355.875877)
(-4922.321947 8.734520484e-12 6382.149499)
(-5299.066034 0 6434.631436)
(-5746.296523 0 6515.747589)
(-6267.491353 0 6627.194282)
(-6861.818222 -8.573422501e-12 6768.395828)
(-7520.033688 -8.553296169e-12 6934.884816)
(-8218.757799 0 7116.104011)
(-8917.293578 0 7293.585656)
(-9556.584052 0 7439.813162)
(-10064.91168 0 7522.148276)
(-10375.26628 -4.274727285e-12 7509.639697)
(-10443.70795 -4.282823311e-12 7382.83654)
(-10262.76897 0 7139.360405)
(-9862.735765 4.306443938e-12 6795.340491)
(-9298.274839 0 6378.188291)
(-8632.768363 0 5919.696948)
(-7923.802146 0 5448.557999)
(-7215.507905 0 4986.649415)
(-6540.171403 2.20230067e-12 4550.025999)
(-5923.671794 -2.215187284e-12 4151.958487)
(-5381.537431 -2.229034665e-12 3800.283865)
(-741.1686493 0 7580.533114)
(-79.75668823 0 7523.278357)
(-499.1038215 1.023055964e-10 7580.901865)
(-1306.920419 -7.512753673e-11 7567.982596)
(-1429.653375 6.007882608e-11 7540.77236)
(-1692.993341 0 7517.379348)
(-1957.639408 0 7489.177938)
(-2190.952973 0 7453.971479)
(-2399.663041 0 7412.089607)
(-2584.957092 3.270077947e-11 7363.477144)
(-2745.898958 -3.041848781e-11 7307.98967)
(-2883.13008 2.855376785e-11 7245.661557)
(-2997.795432 2.700687387e-11 7177.269573)
(-3090.989283 0 7102.34183)
(-3165.516679 0 7022.373334)
(-3224.293292 0 6937.727898)
(-3270.089536 0 6849.886326)
(-3306.968948 2.214545088e-11 6759.771243)
(-3339.132875 0 6669.095008)
(-3370.157777 0 6579.219044)
(-3404.621038 2.052985985e-11 6491.581216)
(-3447.533115 0 6408.090378)
(-3503.517813 0 6330.503309)
(-3577.37862 0 6260.803737)
(-3674.30483 0 6200.934311)
(-3799.835501 -9.462773247e-12 6153.075117)
(-3960.125841 0 6119.584147)
(-4161.678747 0 6103.100146)
(-4410.852508 0 6106.138219)
(-4714.426166 0 6131.791834)
(-5079.090366 0 6182.737289)
(-5511.062331 9.019404784e-12 6261.518322)
(-6014.132817 0 6369.542136)
(-6586.570708 0 6506.292731)
(-7218.96007 -8.932378896e-12 6667.452214)
(-7890.015161 -8.918649746e-12 6843.057599)
(-8560.832185 0 7015.603902)
(-9175.869076 0 7159.447917)
(-9668.342292 0 7243.720677)
(-9974.740581 -4.464183558e-12 7239.377655)
(-10052.92731 0 7127.196335)
(-9894.611586 0 6904.398793)
(-9526.607511 0 6584.958915)
(-8999.205549 4.513308438e-12 6194.035768)
(-8371.862674 2.265817601e-12 5761.472132)
(-7699.044308 0 5314.333891)
(-7023.352124 0 4873.805909)
(-6376.533228 0 4455.772089)
(-5784.243133 0 4073.439244)
(-5261.434844 1.163912826e-12 3734.364201)
(-719.6837042 0 7332.355015)
(-78.35714982 0 7276.369044)
(-476.4739041 0 7331.434945)
(-1255.169286 0 7317.964922)
(-1372.296393 0 7291.00436)
(-1622.581374 0 7266.87178)
(-1875.10576 4.596497294e-11 7237.84306)
(-2096.552738 -4.09592104e-11 7202.016501)
(-2293.476532 0 7159.453735)
(-2467.799563 3.418294001e-11 7110.268007)
(-2618.988374 3.179720354e-11 7054.40783)
(-2747.176808 0 6992.016402)
(-2852.980672 2.823095842e-11 6922.897912)
(-2939.035819 -2.687282726e-11 6848.125509)
(-3007.26177 -2.572046586e-11 6768.153657)
(-3060.532041 0 6684.051749)
(-3102.531449 0 6596.719976)
(-3135.840152 0 6507.486536)
(-3165.23269 -2.250886067e-11 6417.823412)
(-3194.807867 0 6329.092557)
(-3228.128891 0 6242.883366)
(-3269.646334 0 6160.772893)
(-3324.331024 0 6084.662514)
(-3397.023079 0 6016.357021)
(-3492.599137 0 5957.775705)
(-3616.179785 0 5911.092767)
(-3773.272321 9.781752279e-12 5878.56138)
(-3969.89531 0 5862.560713)
(-4212.54892 -1.920948457e-11 5865.724114)
(-4507.915365 0 5890.822621)
(-4862.16176 0 5940.520165)
(-5280.234118 0 6017.123883)
(-5765.707657 9.389331514e-12 6121.996286)
(-6317.803121 9.359209277e-12 6254.620424)
(-6926.520986 0 6410.771075)
(-7571.428861 4.661443454e-12 6581.154158)
(-8216.721026 0 6749.193437)
(-8809.480203 -9.315216605e-12 6890.920911)
(-9287.169064 0 6977.018393)
(-9590.011959 4.66652235e-12 6980.216581)
(-9677.445792 4.675360378e-12 6881.648835)
(-9540.524877 4.686940323e-12 6678.127913)
(-9202.513977 4.701145955e-12 6381.507954)
(-8710.062877 0 6015.151772)
(-8118.849145 0 5606.892897)
(-7480.373203 0 5182.345416)
(-6835.797032 2.391156956e-12 4762.025393)
(-6216.279463 0 4361.62991)
(-5647.162115 0 3994.223928)
(-5142.792054 -1.216667089e-12 3667.067306)
(-697.7772543 0 7068.345101)
(-76.21708508 -1.814684234e-10 7013.45227)
(-453.7725992 0 7066.098702)
(-1203.582748 0 7053.522855)
(-1315.155675 0 7026.795192)
(-1552.224508 0 7003.458968)
(-1792.108355 0 6974.918137)
(-2001.889998 4.285867184e-11 6939.492223)
(-2187.624081 0 6897.606245)
(-2351.270518 0 6849.378505)
(-2492.223883 0 6794.33862)
(-2610.655396 0 6732.583675)
(-2708.470596 2.954015409e-11 6664.714958)
(-2787.134475 -5.623808049e-11 6591.293926)
(-2849.192359 0 6512.746945)
(-2897.317123 0 6430.346689)
(-2934.536852 0 6344.840556)
(-2965.029777 0 6257.517464)
(-2991.949723 0 6169.951411)
(-3019.15775 1.148383307e-11 6083.333785)
(-3050.98356 0 5999.235008)
(-3091.769505 -2.200666861e-11 5919.247177)
(-3145.707485 2.161286673e-11 5845.290657)
(-3217.042081 2.126751731e-11 5778.891647)
(-3310.874253 0 5722.111442)
(-3432.302581 -1.03503938e-11 5676.978127)
(-3586.511384 0 5645.627713)
(-3779.203021 0 5630.449735)
(-4016.08091 0 5633.94664)
(-4303.320208 0 5658.666361)
(-4647.261841 -9.91599634e-12 5707.308347)
(-5052.837499 0 5781.929946)
(-5522.379015 0 5883.913314)
(-6054.856563 0 6012.672267)
(-6641.735078 -4.885123886e-12 6164.196401)
(-7262.6753 0 6329.726433)
(-7883.993884 0 6493.637221)
(-8456.133674 4.873602414e-12 6633.195589)
(-8920.204608 0 6721.101881)
(-9219.804458 0 6731.159171)
(-9315.913018 0 6645.268582)
(-9198.966857 4.904294635e-12 6459.529288)
(-8889.21842 2.459579559e-12 6184.167446)
(-8429.810931 0 5840.814575)
(-7872.748266 2.478354267e-12 5455.323493)
(-7266.918389 0 5052.047831)
(-6652.110866 2.50204558e-12 4650.873753)
(-6058.802397 0 4267.238158)
(-5511.905521 0 3914.008742)
(-5025.181026 -1.273089373e-12 3598.150076)
(-675.4224297 0 6788.361828)
(-73.68851538 0 6735.011952)
(-432.1479319 0 6786.125665)
(-1152.891271 8.607589806e-11 6774.733427)
(-1259.091506 -6.883413373e-11 6749.179777)
(-1483.913785 0 6727.016114)
(-1710.993163 0 6700.160851)
(-1909.076279 -4.489341903e-11 6666.553417)
(-2083.745923 0 6626.525825)
(-2236.511902 0 6580.08788)
(-2367.143052 3.485138411e-11 6527.059716)
(-2476.782739 3.27149181e-11 6467.824621)
(-2566.293716 -3.094259488e-11 6402.517107)
(-2637.646375 0 6331.527548)
(-2693.348257 0 6255.896527)
(-2736.29066 0 6176.208312)
(-2769.253582 0 6093.663115)
(-2795.789538 0 6009.398882)
(-2820.25831 -1.233543942e-11 5924.820908)
(-2845.752715 0 5841.240447)
(-2875.73926 0 5760.035088)
(-2914.917319 0 5682.949566)
(-2967.671088 2.26389537e-11 5611.667408)
(-3037.987799 0 5547.745215)
(-3130.515882 1.09801921e-11 5493.276155)
(-3249.754131 -1.084178645e-11 5450.036888)
(-3400.772652 2.144261549e-11 5420.19406)
(-3589.209618 -2.123396814e-11 5406.104807)
(-3820.690837 -1.052729578e-11 5410.059333)
(-4100.90256 0 5434.692228)
(-4435.098779 -1.03867657e-11 5482.404002)
(-4828.257355 0 5555.308359)
(-5283.243971 1.029119437e-11 5654.633988)
(-5797.752757 5.129089408e-12 5779.770909)
(-6363.708814 0 5926.972996)
(-6962.561586 -5.109183818e-12 6087.923146)
(-7561.664211 0 6247.988615)
(-8114.706649 5.10498028e-12 6385.50931)
(-8566.252029 0 6475.042262)
(-8862.797911 -5.114750486e-12 6491.319161)
(-8967.125168 0 6417.160278)
(-8868.683 2.568564831e-12 6247.767484)
(-8585.49788 2.576349918e-12 5992.200398)
(-8157.302582 2.585517174e-12 5670.321011)
(-7632.587425 0 5306.174576)
(-7057.870886 -2.607801049e-12 4922.960145)
(-6471.575209 0 4539.946969)
(-5903.462767 -2.63507302e-12 4172.249167)
(-5377.960039 0 3832.529385)
(-4908.192054 0 3527.419211)
(-653.534295 5.832799794e-10 6493.5912)
(-72.26406634 0 6442.336742)
(-411.9805487 0 6492.238854)
(-1104.24571 0 6481.973425)
(-1204.97061 7.218153074e-11 6458.88507)
(-1418.018651 0 6438.466184)
(-1633.40213 0 6413.926325)
(-1819.974133 0 6383.000876)
(-1983.434136 0 6345.928549)
(-2125.821491 0 6302.649747)
(-2247.061394 -3.654620356e-11 6253.239377)
(-2347.450172 -3.430584115e-11 6197.550195)
(-2428.587451 0 6135.743792)
(-2492.764077 0 6068.801272)
(-2542.209636 0 5996.900987)
(-2579.516802 0 5921.294163)
(-2608.037005 0 5842.67147)
(-2631.243003 0 5762.489399)
(-2652.343839 0 5681.885205)
(-2675.179279 -1.261400745e-11 5602.110162)
(-2703.61751 0 5524.600427)
(-2741.529526 0 5451.170994)
(-2792.564953 2.37398837e-11 5383.139119)
(-2861.061305 -1.168027343e-11 5322.275267)
(-2951.660471 0 5270.503591)
(-3068.685655 1.136902141e-11 5229.51526)
(-3216.967806 0 5201.569526)
(-3401.231044 1.113328687e-11 5188.780572)
(-3626.923909 0 5193.465917)
(-3900.001881 0 5218.182867)
(-4225.478028 2.178374617e-11 5265.223074)
(-4607.094069 -5.418168829e-12 5336.572369)
(-5047.610424 0 5433.426333)
(-5545.57025 0 5555.186891)
(-6092.259655 0 5698.411726)
(-6670.295541 -5.357642879e-12 5855.099389)
(-7248.803972 0 6011.408275)
(-7784.032741 1.070646996e-11 6147.056304)
(-8223.882511 5.356623242e-12 6237.853172)
(-8517.618691 -5.363480282e-12 6259.850143)
(-8629.597092 0 6196.383913)
(-8548.402922 -2.693473883e-12 6042.009998)
(-8290.163121 5.403275105e-12 5804.853965)
(-7891.399079 0 5502.990235)
(-7397.376168 -2.722259947e-12 5158.869021)
(-6852.389968 0 4794.602237)
(-6293.48463 0 4428.849094)
(-5749.650244 -1.381608173e-12 4076.345319)
(-5244.813032 -1.389692553e-12 3749.541922)
(-4791.414363 -1.398379688e-12 3454.70957)
(-632.2829127 -6.123515639e-10 6185.220324)
(-71.56604859 2.092623209e-10 6136.135123)
(-393.2271987 1.290410247e-10 6184.302908)
(-1058.597386 -9.476054733e-11 6176.212156)
(-1154.705939 0 6155.666701)
(-1355.984696 0 6138.418156)
(-1560.043494 5.546309657e-11 6116.952288)
(-1736.050154 -4.942295179e-11 6089.550753)
(-1889.222862 -4.483691772e-11 6056.503888)
(-2021.632131 0 6017.608242)
(-2133.12776 -3.836772338e-11 5972.430466)
(-2224.549351 0 5921.199823)
(-2297.932161 0 5864.518658)
(-2354.737586 -1.621289117e-11 5802.279438)
(-2397.677311 0 5735.560166)
(-2429.72297 0 5664.887232)
(-2453.313854 -1.441031506e-11 5591.371963)
(-2472.472563 0 5516.164249)
(-2490.621401 0 5440.399587)
(-2510.565761 1.324270926e-11 5365.314005)
(-2536.36184 0 5292.343257)
(-2572.152752 0 5223.117786)
(-2621.46054 0 5158.953107)
(-2688.266239 0 5101.726038)
(-2776.429763 -1.208804146e-11 5053.050825)
(-2890.391456 -1.193567107e-11 5014.759554)
(-3035.200229 -1.18030368e-11 4989.041464)
(-3215.427635 0 4977.832972)
(-3435.839752 1.158944991e-11 4983.56006)
(-3701.605343 0 5008.534941)
(-4017.972624 5.717370488e-12 5055.076391)
(-4388.908861 0 5125.05536)
(-4815.973745 0 5219.683495)
(-5297.808438 0 5338.323567)
(-5826.502986 0 5477.694169)
(-6384.994772 0 5630.39849)
(-6944.337316 1.124066231e-11 5783.113801)
(-7463.077695 0 5916.96322)
(-7891.892893 -5.623605652e-12 6008.69766)
(-8182.968756 0 6035.878373)
(-8301.821719 0 5982.043048)
(-8236.799066 0 5841.526442)
(-8002.067824 0 5621.463392)
(-7631.000206 0 5338.214038)
(-7166.126614 0 5012.882078)
(-6649.630605 0 4666.553691)
(-6117.132857 0 4317.231806)
(-5596.779167 -1.450469676e-12 3979.245899)
(-5112.010662 2.917914009e-12 3664.832182)
(-4674.510697 0 3379.853228)
(-611.7188094 0 5863.212593)
(-71.17762736 0 5816.272499)
(-377.0005612 0 5863.267197)
(-1016.563281 -9.960424528e-11 5858.051956)
(-1108.989091 7.965263324e-11 5840.329803)
(-1299.921099 0 5826.511054)
(-1492.904328 0 5809.169242)
(-1658.981143 0 5786.312763)
(-1802.468563 2.356438137e-11 5758.033366)
(-1925.001418 0 5724.061751)
(-2027.362873 -2.016444741e-11 5684.326681)
(-2110.865987 0 5639.043601)
(-2176.110867 0 5588.000232)
(-2225.855416 0 5531.803752)
(-2262.514454 0 5471.128876)
(-2288.57332 0 5406.561338)
(-2307.672651 0 5339.026085)
(-2322.464212 0 5269.729065)
(-2336.484923 0 5199.678431)
(-2353.406457 1.39196121e-11 5130.086295)
(-2376.662461 0 5062.433559)
(-2409.638647 0 4998.069985)
(-2456.085364 0 4938.436304)
(-2520.252474 1.288923265e-11 4885.313258)
(-2605.818353 1.270592325e-11 4840.22842)
(-2716.812736 0 4805.135456)
(-2857.486769 -1.240635061e-11 4781.907284)
(-3032.653644 0 4772.633105)
(-3247.417087 6.09092313e-12 4779.618103)
(-3506.302526 -6.046741421e-12 4805.11842)
(-3813.628065 0 4851.329075)
(-4173.549498 0 4920.14394)
(-4587.891295 -5.954318652e-12 5012.676601)
(-5054.432422 5.935216385e-12 5128.43949)
(-5565.978281 5.92128336e-12 5264.214705)
(-6106.110476 5.912182199e-12 5413.064645)
(-6647.329378 0 5562.381044)
(-7150.531575 5.907318103e-12 5694.294129)
(-7569.004705 0 5786.758765)
(-7857.545294 5.918623923e-12 5818.527978)
(-7982.557759 0 5773.317191)
(-7932.548007 0 5645.553981)
(-7719.859075 0 5441.264096)
(-7374.971611 0 5175.362525)
(-6937.863831 0 4867.677035)
(-6448.699977 3.017663043e-12 4538.357271)
(-5941.69503 3.03274205e-12 4204.692836)
(-5444.119366 -1.524610637e-12 3880.623874)
(-4978.860948 1.533531775e-12 3578.130254)
(-4556.858115 0 3302.674308)
(-591.8560836 0 5527.874158)
(-72.41071045 2.314968366e-10 5483.534417)
(-364.1134503 -1.427518765e-10 5529.916029)
(-979.1207158 0 5527.270456)
(-1068.059264 0 5513.487943)
(-1250.093078 0 5503.316331)
(-1433.660744 9.203423265e-11 5490.569171)
(-1590.300834 0 5472.890391)
(-1724.479259 0 5450.179764)
(-1838.449836 2.281447836e-11 5422.258107)
(-1932.683556 0 5389.18675)
(-2007.660473 -1.992121687e-11 5350.256415)
(-2065.533566 -3.768397866e-11 5305.977037)
(-2108.435678 0 5256.853442)
(-2138.802011 0 5203.100049)
(-2159.189993 0 5145.535031)
(-2172.753982 -1.594143806e-11 5084.974747)
(-2183.319801 0 5022.429524)
(-2193.364137 0 4958.996687)
(-2206.167361 -1.464977197e-11 4895.702716)
(-2225.80058 0 4834.023279)
(-2255.686597 0 4775.220466)
(-2299.141992 0 4720.810376)
(-2359.815061 0 4672.331575)
(-2441.551655 0 4631.37255)
(-2548.574431 0 4599.832139)
(-2685.002544 1.305713173e-11 4579.515301)
(-2854.94303 -6.465039562e-12 4572.536909)
(-3063.075348 -6.410425439e-12 4581.010171)
(-3314.366912 0 4607.255265)
(-3612.881884 0 4653.353323)
(-3961.876125 0 4721.208244)
(-4363.421084 0 4811.881492)
(-4815.278587 -6.246551028e-12 4924.850861)
(-5310.239576 6.23188712e-12 5057.279574)
(-5832.932917 0 5202.3851)
(-6357.042121 0 5348.479413)
(-6845.403476 0 5478.292715)
(-7253.993272 0 5571.279047)
(-7539.777699 -3.114544096e-12 5606.93124)
(-7670.457137 -3.120442785e-12 5569.523639)
(-7634.470485 0 5453.46093)
(-7442.314996 6.275305355e-12 5263.664168)
(-7122.135089 0 5013.895096)
(-6711.594882 0 4722.83908)
(-6248.802724 -1.587977993e-12 4409.684323)
(-5766.496597 0 4090.96714)
(-5291.206577 3.209169636e-12 3780.303097)
(-4845.172513 3.227947859e-12 3489.352457)
(-4438.458635 0 3223.096628)
(-573.7676592 0 5179.874303)
(-75.43675907 -2.439671088e-10 5138.469269)
(-354.0233957 0 5183.814815)
(-947.1093332 0 5184.25864)
(-1033.979111 0 5174.607598)
(-1207.558978 0 5169.129367)
(-1382.818333 0 5161.396538)
(-1531.507135 0 5149.491109)
(-1657.703613 0 5133.183852)
(-1763.822939 -4.80868976e-11 5112.166818)
(-1849.868698 0 5085.92211)
(-1917.437449 0 5054.449024)
(-1968.45614 0 5018.078346)
(-2004.722741 0 4976.606195)
(-2028.788421 0 4930.840034)
(-2043.558066 0 4881.08381)
(-2052.047313 -1.680017156e-11 4828.384386)
(-2057.334556 0 4773.521065)
(-2062.832359 0 4717.432244)
(-2071.681101 0 4661.249166)
(-2087.167722 0 4606.312464)
(-2112.728374 0 4553.798851)
(-2152.089716 -1.452822627e-11 4505.198226)
(-2208.805692 0 4461.955801)
(-2286.342683 7.046382018e-12 4425.707559)
(-2388.380046 -1.391512417e-11 4398.141157)
(-2519.183119 6.880246627e-12 4381.163669)
(-2683.182444 0 4376.762236)
(-2884.510052 0 4387.084164)
(-3127.464377 0 4414.311511)
(-3416.414035 0 4460.543323)
(-3754.506899 -6.6315727e-12 4527.595206)
(-4143.084235 -6.604227539e-12 4616.585003)
(-4580.470255 0 4726.963582)
(-5059.381737 -6.567586469e-12 4856.177193)
(-5565.100044 0 4997.688597)
(-6072.667952 0 5140.502114)
(-6546.801313 6.5520969e-12 5268.164639)
(-6945.909584 -3.278121959e-12 5361.394763)
(-7228.564471 0 5400.225372)
(-7364.200575 3.28853482e-12 5369.824021)
(-7341.127127 0 5264.363988)
(-7168.162404 3.306671788e-12 5087.903442)
(-6871.359473 3.318437709e-12 4853.155046)
(-6486.206574 1.665956307e-12 4577.786338)
(-6048.820688 0 4279.970474)
(-5590.463372 0 3975.555856)
(-5136.856516 0 3677.796638)
(-4709.518353 -1.700915488e-12 3398.005664)
(-4317.81748 0 3140.796594)
(-557.2855372 0 4819.061856)
(-79.77786959 -2.574728064e-10 4780.411457)
(-347.6735457 7.938494284e-11 4824.827381)
(-920.9490364 0 4829.123075)
(-1007.173509 0 4823.548557)
(-1174.10133 0 4823.005509)
(-1342.022698 3.412042618e-11 4821.109376)
(-1483.953752 0 4815.619469)
(-1603.188489 0 4806.1988)
(-1702.030393 -2.537446247e-11 4792.510097)
(-1781.420923 0 4774.163948)
(-1842.581725 0 4751.214205)
(-1886.893864 0 4723.118058)
(-1916.934408 0 4690.470003)
(-1935.219 0 4653.329066)
(-1944.19203 0 4612.392477)
(-1947.402323 0 4568.31495)
(-1947.829372 3.436792112e-11 4521.952886)
(-1948.10042 -1.670863437e-11 4474.058943)
(-1951.951977 1.629360439e-11 4425.784152)
(-1962.930594 7.965164253e-12 4378.327234)
(-1983.975623 1.561185847e-11 4332.865901)
(-2018.342465 0 4290.721631)
(-2069.683858 1.508749357e-11 4253.352653)
(-2141.800319 1.487292092e-11 4222.323025)
(-2238.358119 7.342723532e-12 4199.291069)
(-2362.893542 0 4186.118943)
(-2519.554279 0 4184.695782)
(-2712.999676 -7.129731181e-12 4197.197351)
(-2947.197496 0 4225.727079)
(-3225.816943 0 4272.348763)
(-3552.335801 6.998687801e-12 4338.856804)
(-3927.756436 0 4426.280305)
(-4350.335731 0 4534.308196)
(-4813.338272 0 4660.372292)
(-5302.437473 0 4798.505)
(-5793.730219 -3.457579991e-12 4937.94921)
(-6253.906715 3.457406193e-12 5063.451633)
(-6643.440464 -6.91918893e-12 5156.488507)
(-6922.759828 0 5197.97921)
(-7062.705504 -3.470583791e-12 5173.825791)
(-7051.318645 0 5077.896192)
(-6896.20518 -3.489724777e-12 4913.652703)
(-6621.60746 0 4692.92441)
(-6260.847784 -1.758181445e-12 4432.362196)
(-5848.054255 -1.766163e-12 4149.125377)
(-5413.244995 0 3858.490846)
(-4981.315377 0 3573.32134)
(-4572.998817 0 3304.517419)
(-4196.531356 0 3056.058045)
(-542.4293099 -3.98161361e-10 4444.2727)
(-85.85433416 4.081977186e-10 4408.712148)
(-345.6892604 0 4452.633175)
(-901.5644797 -6.161491325e-11 4460.684845)
(-987.8937203 9.854580142e-11 4459.921468)
(-1150.254739 0 4464.484614)
(-1312.729705 3.606304501e-11 4468.778172)
(-1448.934343 0 4470.181789)
(-1562.440167 0 4468.316126)
(-1655.739178 0 4462.862759)
(-1729.475848 0 4453.307869)
(-1784.537883 2.341801684e-11 4439.097285)
(-1823.24326 0 4420.374812)
(-1847.639709 0 4397.140528)
(-1860.192485 2.017967725e-11 4369.638606)
(-1864.050025 0 4338.238477)
(-1861.837575 -1.873966198e-11 4303.699039)
(-1856.812608 -1.816231543e-11 4266.633709)
(-1852.133596 0 4227.771203)
(-1850.817454 0 4188.254896)
(-1856.167592 0 4149.054417)
(-1871.606886 0 4111.340267)
(-1900.521325 -1.620543258e-11 4076.369828)
(-1946.043941 0 4045.591839)
(-2011.492805 -7.859849286e-12 4020.368326)
(-2100.94778 0 4002.455746)
(-2218.258374 0 3993.566762)
(-2366.967089 7.59985742e-12 3995.6171)
(-2551.233769 0 4010.66322)
(-2775.440647 0 4040.814074)
(-3043.079109 7.435062303e-12 4088.061047)
(-3357.038445 0 4154.236541)
(-3718.743728 0 4240.279945)
(-4126.17184 0 4346.075064)
(-4572.904223 7.325779317e-12 4469.106989)
(-5045.228898 3.657259732e-12 4603.816666)
(-5520.287935 -3.654434506e-12 4739.883998)
(-5966.593077 0 4863.091806)
(-6346.06756 3.656563707e-12 4955.428911)
(-6621.445033 0 4999.047544)
(-6764.748879 0 4980.297638)
(-6763.774561 0 4892.90235)
(-6625.175102 0 4739.848577)
(-6371.512811 -3.701533638e-12 4532.211213)
(-6034.01578 3.716564193e-12 4285.577282)
(-5644.861622 1.866718064e-12 4016.190753)
(-5232.737704 -1.876045923e-12 3738.725777)
(-4821.538564 1.886239922e-12 3465.598952)
(-4431.142001 -1.897277117e-12 3207.319078)
(-4069.467112 1.909137215e-12 2967.735213)
(-530.2736623 0 4054.596834)
(-94.48761782 1.440396378e-10 4022.43586)
(-347.9352397 0 4065.799547)
(-889.7098515 -6.522566922e-11 4077.773832)
(-977.8176841 0 4082.158689)
(-1136.843026 0 4092.544236)
(-1295.628253 0 4103.350011)
(-1428.083074 3.401885275e-11 4112.190451)
(-1537.583518 0 4118.57725)
(-1626.453021 0 4121.902173)
(-1695.281102 0 4121.433302)
(-1745.802127 0 4116.998438)
(-1779.673357 0 4108.347717)
(-1799.23815 0 4095.350687)
(-1806.81128 -2.136224633e-11 4078.246069)
(-1805.365688 0 4057.341158)
(-1798.407781 0 4033.143923)
(-1788.03225 0 4006.241833)
(-1777.619853 0 3977.320262)
(-1770.857489 1.82304682e-11 3947.352987)
(-1770.572919 8.912004179e-12 3917.288457)
(-1779.698694 0 3888.134913)
(-1801.833239 0 3861.156891)
(-1840.419014 0 3837.658222)
(-1898.689926 8.320451984e-12 3819.016619)
(-1980.08415 0 3806.877587)
(-2088.403749 8.124277419e-12 3802.868078)
(-2227.798408 0 3808.923006)
(-2401.977216 0 3827.017567)
(-2614.764455 -7.919396484e-12 3859.200664)
(-2870.136257 0 3907.470624)
(-3170.593855 0 3973.569697)
(-3517.375483 -7.798350771e-12 4058.556953)
(-3908.879437 0 4162.255615)
(-4338.765882 -7.755084476e-12 4282.529733)
(-4793.778841 0 4413.813728)
(-5252.248771 0 4546.631374)
(-5684.180992 -3.868397123e-12 4667.304336)
(-6053.272915 0 4758.708381)
(-6324.125549 0 4804.006542)
(-6469.640911 0 4789.832265)
(-6477.769916 0 4710.004303)
(-6354.452916 3.904557483e-12 4567.20427)
(-6120.59762 -1.959225433e-12 4371.738823)
(-5805.409343 1.9671811e-12 4138.187191)
(-5439.494457 0 3882.0682)
(-5050.369139 0 3617.502747)
(-4661.111904 -1.99677731e-12 3356.496203)
(-4290.678419 0 3109.034964)
(-3945.024532 0 2877.85218)
(-520.8311783 0 3648.134982)
(-105.1767302 0 3619.307669)
(-354.8227556 0 3661.885379)
(-885.9045833 -6.916336905e-11 3678.492956)
(-977.7338284 0 3688.050089)
(-1135.533072 -4.652922477e-11 3704.642206)
(-1292.29088 -4.048113614e-11 3722.639527)
(-1422.780445 0 3739.495913)
(-1529.787343 0 3754.579775)
(-1615.60974 0 3767.229605)
(-1681.505884 0 3776.874165)
(-1728.602429 0 3783.021107)
(-1758.711343 0 3785.107071)
(-1774.222708 0 3783.323221)
(-1777.726636 0 3777.405987)
(-1771.839819 0 3767.866928)
(-1759.714901 -1.051773091e-11 3754.961109)
(-1744.52354 -2.038738453e-11 3739.114202)
(-1728.815508 1.98234481e-11 3721.081623)
(-1715.941069 0 3701.591907)
(-1709.24516 9.450025469e-12 3681.543756)
(-1711.836428 0 3661.843975)
(-1726.847491 0 3643.754994)
(-1757.354847 0 3628.333571)
(-1806.983341 0 3617.035344)
(-1879.391931 0 3611.346848)
(-1977.875536 8.614743251e-12 3612.90359)
(-2106.315231 0 3623.51102)
(-2268.896567 0 3645.141544)
(-2469.155063 0 3679.75495)
(-2710.650517 0 3729.36736)
(-2996.382129 0 3795.646428)
(-3327.125832 0 3879.738726)
(-3701.456595 -4.12130586e-12 3981.449315)
(-4113.393013 -4.111631007e-12 4098.895123)
(-4550.203674 -8.210622791e-12 4226.730361)
(-4991.345176 0 4356.17987)
(-5407.771827 -4.101933832e-12 4473.902159)
(-5765.379703 0 4563.992005)
(-6030.386619 0 4610.298649)
(-6176.509015 0 4599.869257)
(-6192.103378 2.063883194e-12 4526.730434)
(-6082.423841 -6.21041577e-12 4393.311345)
(-5866.752375 4.155009344e-12 4209.094905)
(-5572.381343 -4.171881206e-12 3987.791424)
(-5228.140204 0 3744.121412)
(-4859.995568 0 3491.532923)
(-4489.731155 0 3241.496896)
(-4135.381775 0 3003.664497)
(-3804.054194 -2.143026009e-12 2781.534566)
(-514.4241809 -4.747617008e-10 3220.85232)
(-117.8726248 0 3195.500149)
(-367.0211534 0 3237.65255)
(-891.2675475 0 3259.166593)
(-988.1961275 -5.875227593e-11 3274.47035)
(-1147.34592 0 3297.563489)
(-1304.339758 4.300103993e-11 3323.232283)
(-1434.603912 0 3348.717358)
(-1541.048993 -3.476246749e-11 3373.296522)
(-1626.060336 0 3396.263343)
(-1690.428866 0 3416.847946)
(-1735.357265 2.792329613e-11 3434.187534)
(-1763.111808 0 3448.196242)
(-1775.779524 0 3458.356959)
(-1775.803439 0 3464.791048)
(-1766.421079 0 3467.512538)
(-1750.098848 0 3466.937011)
(-1729.779701 0 3463.266087)
(-1708.867318 0 3457.101326)
(-1690.339714 0 3449.196237)
(-1676.930889 0 3440.212541)
(-1672.031023 0 3431.072021)
(-1679.088481 1.932311748e-11 3422.842041)
(-1701.05588 9.507177775e-12 3416.568208)
(-1741.108348 0 3413.592449)
(-1802.83754 -9.253833687e-12 3415.305819)
(-1890.068797 0 3423.294524)
(-2006.331626 0 3439.312138)
(-2155.445607 0 3465.242596)
(-2341.417594 0 3503.013336)
(-2567.440627 -4.432729027e-12 3554.559575)
(-2836.440174 4.410127431e-12 3621.615746)
(-3149.516391 0 3705.216292)
(-3505.172934 0 3805.444939)
(-3897.697418 4.367575258e-12 3920.313816)
(-4315.087987 0 4045.06822)
(-4737.664355 4.357493519e-12 4171.186046)
(-5137.799699 0 4286.096335)
(-5483.090437 0 4374.80787)
(-5740.986479 0 4421.671587)
(-5886.344522 0 4414.326251)
(-5907.961814 2.192357534e-12 4347.103981)
(-5810.440385 4.398004628e-12 4222.122837)
(-5611.630668 -2.206826919e-12 4048.195191)
(-5337.424818 -2.215788004e-12 3838.405542)
(-5015.390826 2.225846941e-12 3606.888202)
(-4670.652579 2.23696933e-12 3366.674839)
(-4324.449003 -2.249124504e-12 3128.905221)
(-3993.683654 0 2902.504255)
(-3680.817886 1.138213446e-12 2688.316694)
(-511.6921747 -5.052641396e-10 2767.367195)
(-133.5581561 0 2745.856388)
(-384.9569077 0 2787.803472)
(-906.8994267 0 2814.443054)
(-1010.91213 6.252698588e-11 2836.149143)
(-1173.469706 0 2866.460451)
(-1333.252582 0 2900.443565)
(-1465.916634 -4.077991579e-11 2935.394618)
(-1574.059381 0 2970.425107)
(-1659.973228 0 3004.533159)
(-1724.482247 0 3036.800077)
(-1769.305505 0 3066.64922)
(-1796.11004 0 3093.474648)
(-1807.217325 0 3116.850983)
(-1805.230097 0 3136.674715)
(-1792.873473 0 3152.98295)
(-1773.24909 0 3165.813773)
(-1748.826059 0 3175.506843)
(-1722.761656 0 3182.468054)
(-1698.399255 0 3187.284728)
(-1678.617962 0 3190.535269)
(-1666.353287 0 3193.120636)
(-1664.736334 0 3195.855108)
(-1677.186505 0 3199.789574)
(-1707.084654 -9.974096834e-12 3206.128671)
(-1757.466171 9.848372968e-12 3216.200747)
(-1831.987124 4.869466839e-12 3231.469524)
(-1934.711772 -4.822084439e-12 3253.637528)
(-2069.127696 0 3284.495753)
(-2238.975601 0 3325.935386)
(-2447.937324 4.717522492e-12 3379.811351)
(-2698.49814 -4.693468807e-12 3447.887665)
(-2991.94756 0 3531.139034)
(-3326.993119 0 3629.8158)
(-3698.187569 0 3742.027601)
(-4094.242603 0 3863.477778)
(-4496.057199 0 3985.843953)
(-4877.693146 0 4097.553589)
(-5208.211261 -4.640155188e-12 4184.235346)
(-5456.338099 4.646095137e-12 4230.914531)
(-5598.314652 2.327447254e-12 4225.941618)
(-5623.285843 4.666423727e-12 4163.871117)
(-5535.123485 -2.340283575e-12 4046.431924)
(-5350.422878 2.348610913e-12 3881.895266)
(-5093.2612 0 3682.546945)
(-4789.152188 2.36885292e-12 3461.64443)
(-4461.13746 1.190344947e-12 3231.38175)
(-4128.537278 -1.196813002e-12 3002.203785)
(-3807.564993 -2.407632155e-12 2783.054234)
(-3506.653973 7.605165389e-13 2578.417365)
(-513.6595447 0 2279.683957)
(-152.2627578 -1.841282782e-10 2262.305848)
(-408.9884497 0 2303.789106)
(-934.0693924 0 2336.529635)
(-1047.677825 0 2365.077983)
(-1216.306616 0 2403.512421)
(-1381.496341 4.880154458e-11 2446.922959)
(-1519.129685 0 2492.408763)
(-1631.267709 0 2538.881188)
(-1720.258625 -1.814621182e-11 2585.315935)
(-1787.438119 0 2630.82985)
(-1833.930599 0 2674.536149)
(-1861.621068 0 2715.572386)
(-1872.76701 -2.853119198e-11 2753.708743)
(-1870.056618 -1.365385844e-11 2788.420339)
(-1856.151571 0 2819.785793)
(-1833.740705 0 2847.718979)
(-1805.950562 0 2872.307177)
(-1775.601665 0 2894.005536)
(-1745.571902 1.165215619e-11 2913.185881)
(-1719.030382 0 2930.360725)
(-1699.164294 0 2946.236897)
(-1688.765033 0 2961.622066)
(-1690.884346 0 2977.393355)
(-1709.155846 0 2994.677907)
(-1746.968296 -5.251051818e-12 3014.675342)
(-1807.45616 5.192699843e-12 3038.769189)
(-1894.544792 0 3068.563887)
(-2012.261931 5.098733153e-12 3105.765949)
(-2163.893643 -1.012349698e-11 3152.160533)
(-2353.193956 0 3209.61139)
(-2582.951512 0 3279.769013)
(-2854.426098 0 3363.782135)
(-3166.589709 -4.968390447e-12 3461.795692)
(-3514.45993 0 3572.316687)
(-3887.303308 -4.949108581e-12 3691.160977)
(-4267.111324 0 3810.614303)
(-4629.25129 0 3919.801563)
(-4943.858986 0 4004.824181)
(-5181.163529 4.954500858e-12 4051.474394)
(-5318.455088 -4.963884364e-12 4048.69915)
(-5345.098046 7.464268207e-12 3991.114495)
(-5264.570365 0 3880.299086)
(-5092.814099 0 3724.240314)
(-4853.184161 2.514680485e-12 3534.891717)
(-4570.837258 1.263048164e-12 3325.322431)
(-4269.023272 0 3107.748671)
(-3967.464257 -1.276256928e-12 2892.616299)
(-3680.696484 -1.283724841e-12 2687.624634)
(-3404.505669 0 2490.037452)
(-521.0213349 0 1744.896126)
(-173.8536859 0 1731.872603)
(-440.38408 -6.066885351e-11 1773.304949)
(-974.8651903 0 1813.152205)
(-1100.369798 0 1849.469586)
(-1278.635447 0 1897.038238)
(-1452.360114 0 1951.117891)
(-1597.666585 0 2008.575611)
(-1716.672807 0 2068.129369)
(-1811.814023 0 2128.748434)
(-1884.010063 -1.803864927e-11 2189.272317)
(-1934.34585 0 2248.408062)
(-1965.066109 0 2305.669437)
(-1978.222176 0 2360.215801)
(-1976.364556 -1.459129774e-11 2411.775546)
(-1962.565541 0 2459.974893)
(-1938.983539 0 2504.777036)
(-1908.649096 0 2546.139014)
(-1874.913803 0 2584.296216)
(-1840.343511 1.245216376e-11 2619.568802)
(-1807.717219 0 2652.341212)
(-1780.367499 0 2683.191163)
(-1761.328081 0 2712.777642)
(-1753.454036 5.765205049e-12 2741.903727)
(-1759.967853 0 2771.545574)
(-1784.401614 0 2802.76279)
(-1830.314514 0 2836.883514)
(-1900.987559 0 2875.322775)
(-2000.429575 5.448799272e-12 2919.689216)
(-2132.45249 1.081855065e-11 2971.726433)
(-2300.323215 0 3033.235182)
(-2507.008511 1.069730229e-11 3105.720961)
(-2753.955061 0 3190.473018)
(-3040.385933 5.309507572e-12 3287.656876)
(-3361.784149 5.297043411e-12 3396.093652)
(-3707.806986 0 3511.734614)
(-4061.731427 0 3627.648314)
(-4400.059235 0 3733.47341)
(-4694.139996 0 3815.992702)
(-4915.856518 -2.647332175e-12 3861.875439)
(-5043.506765 -2.652346039e-12 3860.554194)
(-5066.654057 0 3806.692236)
(-4988.401013 0 3701.683885)
(-4823.356372 0 3552.892526)
(-4592.678735 -1.343666054e-12 3371.305098)
(-4318.586569 -1.349765858e-12 3168.774247)
(-4020.839585 1.356510528e-12 2956.167573)
(-3715.865302 -1.363881495e-12 2742.854419)
(-3418.80144 -1.371862149e-12 2537.726046)
(-3145.531709 -1.380437808e-12 2349.956282)
(-534.9334847 0 1144.176475)
(-199.7676647 0 1136.130111)
(-480.6917994 0 1178.05137)
(-1032.018853 0 1226.047037)
(-1172.208913 0 1271.819696)
(-1363.626414 0 1330.222473)
(-1549.856387 0 1396.910056)
(-1706.596978 0 1468.571232)
(-1835.840468 0 1543.671849)
(-1940.003641 0 1620.940257)
(-2019.675668 0 1698.820942)
(-2076.586371 -3.627345863e-11 1776.275794)
(-2112.635898 1.715417613e-11 1852.460004)
(-2129.843636 0 1926.297548)
(-2130.759392 -1.562870778e-11 1997.474815)
(-2118.193658 1.502959034e-11 2065.448406)
(-2094.917326 1.451344821e-11 2129.992305)
(-2063.26927 0 2191.044235)
(-2026.574035 1.367721754e-11 2248.617902)
(-1987.783202 0 2302.941127)
(-1949.450169 6.520059172e-12 2354.281233)
(-1914.557827 0 2403.119572)
(-1886.180575 0 2449.924543)
(-1867.379591 0 2495.430117)
(-1861.129171 6.087277158e-12 2540.427363)
(-1870.713514 6.010546787e-12 2585.895102)
(-1899.816283 0 2632.954507)
(-1951.919299 5.885919195e-12 2682.931159)
(-2030.659119 5.836197231e-12 2737.318924)
(-2140.059191 0 2797.706707)
(-2283.491579 0 2865.789107)
(-2464.054792 5.728928822e-12 2943.120707)
(-2683.540213 0 3030.938125)
(-2941.605058 0 3129.635779)
(-3234.34771 0 3238.188157)
(-3552.278207 -2.832465709e-12 3352.989018)
(-3879.81765 -2.830277651e-12 3467.71624)
(-4194.383686 2.830135318e-12 3572.452394)
(-4468.643009 0 3654.684744)
(-4675.4469 0 3701.620095)
(-4793.521437 0 3702.821669)
(-4812.655974 5.695917042e-12 3653.013902)
(-4736.091617 0 3553.566524)
(-4578.786859 0 3411.902409)
(-4362.913063 1.439197825e-12 3239.372926)
(-4112.715817 -4.337193971e-12 3048.639935)
(-3850.999248 -2.905911044e-12 2851.774037)
(-3597.064704 1.460850542e-12 2659.063328)
(-3362.656355 0 2476.743627)
(-3129.400196 0 2294.457752)
(-557.547539 0 446.8728419)
(-230.8618953 0 444.9161267)
(-531.5856766 1.395450306e-10 487.6115242)
(-1109.828426 0 545.8735549)
(-1268.712602 0 603.0167159)
(-1477.646992 0 674.9106457)
(-1681.020845 2.998891065e-11 757.0495964)
(-1853.555163 0 845.8856514)
(-1997.072016 2.424333299e-11 939.6084247)
(-2113.78744 0 1036.604044)
(-2204.766076 2.074543791e-11 1135.266257)
(-2271.700016 0 1234.465016)
(-2315.93136 0 1332.710813)
(-2339.896344 0 1429.157443)
(-2346.273307 0 1523.046423)
(-2337.492821 0 1613.869911)
(-2316.468992 0 1701.12281)
(-2285.698346 0 1784.61789)
(-2248.148271 -7.342723879e-12 1864.339676)
(-2206.828286 7.160336283e-12 1940.308568)
(-2164.440542 7.000692133e-12 2012.736008)
(-2123.693139 0 2081.919117)
(-2087.488869 0 2148.261966)
(-2058.927817 6.630302556e-12 2212.348638)
(-2040.960264 -6.536007148e-12 2274.847124)
(-2036.532628 1.290724081e-11 2336.524249)
(-2049.223786 0 2398.378741)
(-2082.665991 0 2461.619584)
(-2140.161568 6.26641851e-12 2527.450674)
(-2225.70215 -6.220963962e-12 2597.380231)
(-2342.844145 0 2672.959248)
(-2494.612455 0 2755.668987)
(-2683.111354 -3.062939096e-12 2846.711059)
(-2908.43456 0 2946.672992)
(-3167.144209 6.091891094e-12 3054.670142)
(-3450.791815 -3.041263834e-12 3167.676845)
(-3744.893789 3.038914505e-12 3279.960609)
(-4027.905663 3.038761668e-12 3382.283573)
(-4273.867884 -3.040685097e-12 3462.972011)
(-4456.640785 3.044577467e-12 3509.814937)
(-4555.432553 0 3512.612655)
(-4560.06246 0 3466.013397)
(-4472.889323 0 3370.819782)
(-4306.773628 1.539040338e-12 3233.35485)
(-4080.233445 1.545289781e-12 3063.280087)
(-3812.107417 1.552304915e-12 2870.95076)
(-3518.336575 3.120123297e-12 2665.687954)
(-3212.127634 -3.137077348e-12 2455.751314)
(-2910.192208 0 2251.660152)
(-2651.595315 0 2076.494413)
(-592.1615552 0 -389.7913412)
(-269.0233038 0 -384.9735734)
(-596.7599803 1.502253123e-10 -340.7331039)
(-1214.015454 5.515855462e-11 -268.8396304)
(-1396.399496 -4.410980789e-11 -196.9326829)
(-1628.697628 0 -107.4844552)
(-1854.42388 3.228415548e-11 -5.091799692)
(-2047.69977 0 106.0961652)
(-2209.81928 2.609883171e-11 223.8626342)
(-2343.281197 0 346.3564591)
(-2449.275366 0 471.8069841)
(-2529.048767 0 598.4954879)
(-2584.236067 0 724.7967953)
(-2617.268124 1.887451411e-11 849.7444545)
(-2630.787255 0 972.2600886)
(-2627.257929 -8.686309994e-12 1091.677448)
(-2609.506518 8.388007214e-12 1207.388195)
(-2580.28956 0 1319.084222)
(-2542.328053 -7.904709931e-12 1426.566268)
(-2498.601208 0 1529.832883)
(-2451.876185 -7.536500229e-12 1628.989221)
(-2404.739304 0 1724.18777)
(-2359.947488 0 1815.739318)
(-2320.494115 0 1904.144828)
(-2289.245855 7.036249908e-12 1989.918852)
(-2268.970629 0 2073.608187)
(-2263.112921 0 2156.137816)
(-2275.236505 0 2238.48342)
(-2308.556105 0 2321.591834)
(-2367.067414 0 2406.867421)
(-2454.504009 0 2495.665838)
(-2574.141004 3.311018542e-12 2589.343904)
(-2728.603022 -3.297365618e-12 2689.178771)
(-2918.761015 -3.286787162e-12 2795.888843)
(-3142.190186 9.83721421e-12 2908.977519)
(-3391.855875 3.274031386e-12 3026.090846)
(-3654.748152 0 3142.221463)
(-3910.581347 0 3248.90847)
(-4134.269113 0 3335.080216)
(-4299.767459 -3.277598622e-12 3388.613814)
(-4385.802149 -3.28380616e-12 3399.008558)
(-4381.882411 1.645969738e-12 3360.48885)
(-4291.058726 -1.650958531e-12 3273.75543)
(-4128.781835 0 3145.841607)
(-3918.650775 1.663560769e-12 2988.251241)
(-3687.121684 0 2814.323309)
(-3459.486121 0 2637.080419)
(-3256.703043 0 2467.451555)
(-3086.927576 -8.492348545e-13 2309.631193)
(-2902.893992 8.545435106e-13 2137.50176)
(-315.6050031 0 -1432.543237)
(-682.180828 0 -1384.63827)
(-1356.189384 0 -1294.384698)
(-1568.6778 0 -1202.299839)
(-1832.746144 0 -1089.422148)
(-2089.088617 0 -960.1490848)
(-2310.043303 -3.1057679e-11 -819.5584343)
(-2497.340217 0 -670.3876495)
(-2653.608129 -2.591951279e-11 -514.9586965)
(-2779.835062 0 -355.6282081)
(-2877.19899 0 -194.5798447)
(-2947.694675 0 -33.66026849)
(-2993.800498 0 125.7521496)
(-3018.147845 -1.950276795e-11 282.416695)
(-3023.380728 0 435.3740807)
(-3012.374138 0 584.0076096)
(-2987.935227 0 727.8347206)
(-2952.876135 -1.706754019e-11 866.5543285)
(-2910.215465 0 1000.26434)
(-2862.582621 0 1128.963189)
(-2812.487484 -7.973602799e-12 1252.721264)
(-2762.698285 7.83091776e-12 1371.986409)
(-2715.998115 0 1487.16845)
(-2674.845131 0 1598.613463)
(-2641.972839 0 1706.888159)
(-2620.502677 0 1812.795558)
(-2613.427021 0 1916.977418)
(-2623.90499 0 2020.254134)
(-2655.64287 0 2123.798591)
(-2712.010996 0 2228.53148)
(-2796.519907 0 2335.718111)
(-2912.040877 -7.119542622e-12 2446.394182)
(-3060.059233 -3.548351071e-12 2561.295041)
(-3239.388757 0 2680.209628)
(-3444.333776 -3.534580191e-12 2801.349432)
(-3663.502933 3.531849755e-12 2920.494316)
(-3878.160972 -3.531672187e-12 3030.243974)
(-4064.008162 3.533907458e-12 3120.368616)
(-4194.987287 1.769215672e-12 3179.108381)
(-4248.914094 0 3195.725245)
(-4213.314245 -1.776956706e-12 3163.335999)
(-4087.924841 0 3080.64086)
(-3882.790251 3.57736905e-12 2951.691248)
(-3613.125881 -1.795947624e-12 2783.949225)
(-3293.721001 0 2585.701214)
(-2936.11178 9.065578121e-13 2364.351241)
(-2551.025716 9.114838358e-13 2127.12857)
(-2163.825092 -9.168173274e-13 1889.289982)
(-1874.925307 0 1708.954134)
)
;

boundaryField
{
    front_top
    {
        type            wedge;
    }
    front_middle
    {
        type            wedge;
    }
    front_bottom
    {
        type            wedge;
    }
    back_top
    {
        type            wedge;
    }
    back_middle
    {
        type            wedge;
    }
    back_bottom
    {
        type            wedge;
    }
    axis_top
    {
        type            symmetryPlane;
    }
    axis_middle
    {
        type            symmetryPlane;
    }
    axis_bottom
    {
        type            symmetryPlane;
    }
    wall_top
    {
        type            extrapolatedCalculated;
        value           nonuniform 0();
    }
    wall_middle
    {
        type            extrapolatedCalculated;
        value           nonuniform List<vector> 
23
(
(-4945.384145 -2.136401619e-12 3543.027282)
(-4829.797759 -2.229034665e-12 3481.930879)
(-4716.5462 1.163912826e-12 3419.964249)
(-4605.300641 -1.216667089e-12 3356.93536)
(-4495.680904 -1.273089373e-12 3292.629279)
(-4387.312584 0 3226.872517)
(-4279.807332 -1.398379688e-12 3159.51306)
(-4172.865302 0 3090.404567)
(-4065.843195 0 3019.359415)
(-3958.820686 0 2946.346231)
(-3850.149723 0 2870.95298)
(-3741.718516 0 2793.6317)
(-3627.756187 1.909137215e-12 2712.868654)
(-3517.787811 0 2631.337215)
(-3390.353536 -2.143026009e-12 2542.82989)
(-3283.676175 1.138213446e-12 2459.166505)
(-3121.487824 7.674480116e-13 2356.177059)
(-3039.365359 0 2279.352026)
(-2785.522099 -1.380437808e-12 2142.231262)
(-2796.355353 0 2102.291249)
(-2303.75738 0 1875.792432)
(-2595.756638 8.545435106e-13 1960.283956)
(-1503.682892 0 1494.747802)
)
;
    }
    wall_bottom
    {
        type            extrapolatedCalculated;
        value           nonuniform 0();
    }
    inlet
    {
        type            extrapolatedCalculated;
        value           nonuniform 0();
    }
    outlet
    {
        type            extrapolatedCalculated;
        value           nonuniform 0();
    }
    procBoundary3to2
    {
        type            processor;
        value           nonuniform List<vector> 
51
(
(-640.2974846 0 -1447.324491)
(-640.2974846 0 -1447.324491)
(-381.2871014 0 -2809.21858)
(-797.8893847 0 -2755.706892)
(-1551.229589 0 -2638.83364)
(-1802.434017 -5.15666669e-11 -2516.912218)
(-2107.745166 0 -2369.253923)
(-2404.020755 3.774186221e-11 -2200.645875)
(-2660.732823 0 -2017.190067)
(-2879.593255 0 -1822.573734)
(-3063.413473 0 -1620.028037)
(-3213.317591 -2.610869962e-11 -1412.654953)
(-3330.601664 0 -1203.252122)
(-3417.533701 0 -994.1233128)
(-3476.866942 0 -787.1583964)
(-3511.317793 -1.055954369e-11 -583.8236666)
(-3523.960973 -1.015474971e-11 -385.3665066)
(-3517.914017 0 -192.3575537)
(-3495.922219 0 -5.545053627)
(-3461.368188 0 175.0766534)
(-3417.400811 -9.011478556e-12 349.5475269)
(-3366.258254 0 517.7871266)
(-3311.028555 0 680.252814)
(-3254.454406 8.479916219e-12 837.3994333)
(-3198.684101 8.344416676e-12 989.4546112)
(-3146.348531 0 1136.998371)
(-3100.135875 0 1280.656804)
(-3062.501031 4.015900765e-12 1420.893096)
(-3036.055058 0 1558.301975)
(-3023.91684 0 1693.666951)
(-3029.062365 7.829252816e-12 1827.662142)
(-3054.772314 0 1961.109928)
(-3104.497627 0 2094.963208)
(-3181.283704 3.854792337e-12 2230.014183)
(-3287.596218 0 2367.024891)
(-3424.010616 0 2506.120046)
(-3587.435101 -3.827513537e-12 2646.254486)
(-3769.555051 0 2784.442483)
(-3954.828472 0 2914.739689)
(-4120.104737 -1.913392543e-12 3027.866687)
(-4238.384002 3.831683847e-12 3112.169315)
(-4284.873954 -5.758411109e-12 3155.979979)
(-4244.628539 1.924224513e-12 3151.103363)
(-4118.670194 0 3096.126395)
(-3925.079084 1.936924276e-12 2997.715064)
(-3694.722854 0 2869.073678)
(-3462.93654 -9.768090521e-13 2725.75553)
(-3260.691932 -9.816900741e-13 2580.858946)
(-3108.184897 0 2441.760349)
(-3004.29273 0 2305.208015)
(-2852.440807 0 2116.933905)
)
;
    }
    procBoundary3to4
    {
        type            processor;
        value           nonuniform List<vector> 
51
(
(-818.4930176 0 8404.670457)
(-75.10776045 0 8346.822514)
(-575.7639768 0 8417.369274)
(-1494.322408 0 8412.806371)
(-1633.735471 0 8395.0317)
(-1944.457182 8.544311883e-11 8385.066583)
(-2255.564005 0 8371.529233)
(-2533.0491 0 8351.867901)
(-2784.795839 0 8326.772129)
(-3011.671843 -5.5282334e-11 8295.704906)
(-3212.440036 0 8257.983346)
(-3386.49476 -4.82715994e-11 8212.860417)
(-3534.323005 0 8160.284944)
(-3658.079262 2.17300299e-11 8100.979745)
(-3758.913724 -2.079820216e-11 8034.512964)
(-3840.063725 0 7962.171728)
(-3905.3009 0 7884.567456)
(-3957.699801 -1.87190066e-11 7803.076616)
(-3843.850252 1.895762019e-11 7448.613202)
(-3843.850252 1.895762019e-11 7448.613202)
(-3881.87932 3.697345533e-11 7360.84523)
(-3922.53606 0 7274.437761)
(-3970.272402 0 7191.156426)
(-4030.837941 0 7113.055052)
(-4109.953817 1.71182739e-11 7042.268188)
(-4213.767402 0 6981.028414)
(-4349.039249 0 6932.004605)
(-4522.288154 0 6897.686025)
(-4740.853528 1.631662603e-11 6881.005039)
(-5012.821882 -8.089394708e-12 6885.339153)
(-5346.099134 1.606143338e-11 6913.718379)
(-5749.014763 0 6969.609309)
(-6229.313893 0 7056.19799)
(-6791.640585 0 7175.184663)
(-7435.243252 0 7326.325735)
(-8149.804662 0 7504.764414)
(-8910.295167 1.570401554e-11 7698.728862)
(-9671.012055 7.845942196e-12 7887.243211)
(-10364.13965 0 8039.399508)
(-10908.93161 0 8117.701529)
(-11229.02804 0 8087.651404)
(-11276.44901 0 7928.208335)
(-11046.20892 -3.947478097e-12 7639.116211)
(-10575.90998 3.959442527e-12 7240.418175)
(-9930.766544 0 6765.397198)
(-9182.511469 0 6249.92219)
(-8395.136563 0 5726.062467)
(-7616.584613 2.013902268e-12 5217.459943)
(-6880.035601 0 4740.418561)
(-6211.594234 -4.073387139e-12 4308.14953)
(-5627.714365 2.049425164e-12 3928.931105)
)
;
    }
}


// ************************************************************************* //
