/*--------------------------------*- C++ -*----------------------------------*\
  =========                 |
  \\      /  F ield         | OpenFOAM: The Open Source CFD Toolbox
   \\    /   O peration     | Website:  https://openfoam.org
    \\  /    A nd           | Version:  7
     \\/     M anipulation  |
\*---------------------------------------------------------------------------*/
FoamFile
{
    version     2.0;
    format      ascii;
    class       volVectorField;
    location    "0.0012";
    object      U;
}
// * * * * * * * * * * * * * * * * * * * * * * * * * * * * * * * * * * * * * //

dimensions      [0 1 -1 0 0 0 0];

internalField   nonuniform List<vector> 
1167
(
(1.849470509e-08 4.212529606e-20 -0.002154785891)
(4.815390637e-08 -3.409335489e-20 -0.002154788684)
(7.581274665e-08 -1.067530609e-19 -0.002154794663)
(1.038086266e-07 -1.59695157e-19 -0.002154803522)
(1.308788091e-07 3.742240708e-20 -0.002154815071)
(1.567086303e-07 1.633558155e-19 -0.002154829193)
(1.812354769e-07 2.739841665e-19 -0.002154845771)
(2.04368366e-07 2.15625362e-19 -0.002154864685)
(2.259866363e-07 3.124463111e-19 -0.002154885812)
(2.460563208e-07 2.462648286e-19 -0.002154909051)
(2.645519803e-07 1.825419998e-19 -0.002154934307)
(2.814154769e-07 1.117414168e-19 -0.002154961466)
(2.966562223e-07 1.186474427e-19 -0.002154990441)
(3.102744766e-07 9.598191979e-20 -0.002155021141)
(3.222488267e-07 1.284564419e-19 -0.00215505345)
(3.326059506e-07 1.046326764e-19 -0.002155087283)
(3.41343929e-07 1.109623367e-19 -0.002155122522)
(3.485001832e-07 1.079508527e-19 -0.002155159076)
(3.540995071e-07 9.335818016e-20 -0.002155196827)
(3.581763349e-07 1.525171884e-19 -0.002155235672)
(3.607688188e-07 2.028388806e-19 -0.002155275486)
(3.61915648e-07 2.310074899e-19 -0.002155316156)
(3.616693718e-07 2.335015055e-19 -0.002155357548)
(3.600735918e-07 2.383966064e-19 -0.002155399544)
(3.571900282e-07 2.452203504e-19 -0.002155441997)
(3.530521769e-07 2.528871718e-19 -0.002155484779)
(3.477193911e-07 2.632699635e-19 -0.002155527734)
(3.412392561e-07 2.752411406e-19 -0.002155570731)
(3.336785174e-07 2.893676065e-19 -0.00215561361)
(3.25079357e-07 2.87586091e-19 -0.002155656223)
(3.154911651e-07 2.728416772e-19 -0.002155698411)
(3.049753066e-07 2.654035076e-19 -0.002155740009)
(2.935718498e-07 2.617918197e-19 -0.002155780861)
(2.813462728e-07 2.593828165e-19 -0.002155820791)
(2.683398072e-07 2.559536193e-19 -0.002155859645)
(2.546163445e-07 2.649227197e-19 -0.002155897249)
(1.889167042e-08 6.892436462e-19 -0.002155249114)
(4.918639654e-08 1.212102844e-19 -0.002155251983)
(7.743550123e-08 -3.214281821e-19 -0.002155258127)
(1.060235351e-07 -1.59369012e-20 -0.002155267254)
(1.336941542e-07 8.683742215e-20 -0.00215527918)
(1.601382187e-07 1.271913431e-19 -0.002155293761)
(1.852052584e-07 1.310881366e-19 -0.002155310862)
(2.087953799e-07 3.229520764e-19 -0.002155330336)
(2.308692707e-07 5.299186704e-19 -0.002155352092)
(2.513757534e-07 4.057875159e-19 -0.00215537602)
(2.702339573e-07 2.611443604e-19 -0.002155401997)
(2.874421639e-07 1.599905588e-19 -0.002155429928)
(3.02997626e-07 1.5847226e-19 -0.002155459719)
(3.168616423e-07 1.504461435e-19 -0.002155491248)
(3.290626771e-07 1.326217414e-19 -0.002155524429)
(3.395975661e-07 1.22607928e-19 -0.002155559145)
(3.484892841e-07 1.173335792e-19 -0.002155595295)
(3.557617878e-07 1.109730789e-19 -0.00215563277)
(3.614435452e-07 1.00623468e-19 -0.00215567145)
(3.655662774e-07 9.865935946e-20 -0.002155711225)
(3.681697069e-07 8.865534699e-20 -0.002155751968)
(3.692969757e-07 1.184751169e-19 -0.00215579356)
(3.689964699e-07 1.405168111e-19 -0.002155835868)
(3.673214789e-07 1.782388257e-19 -0.002155878762)
(3.643187223e-07 2.102563132e-19 -0.002155922106)
(3.600387736e-07 2.145941889e-19 -0.002155965751)
(3.545313046e-07 2.183272885e-19 -0.002156009559)
(3.478709255e-07 2.240598666e-19 -0.002156053371)
(3.400999505e-07 2.316590945e-19 -0.002156097045)
(3.312833711e-07 2.224767277e-19 -0.002156140409)
(3.21460917e-07 2.195789006e-19 -0.002156183319)
(3.10695805e-07 2.346097809e-19 -0.002156225601)
(2.990274613e-07 2.496788006e-19 -0.002156267098)
(2.865099833e-07 2.651651431e-19 -0.002156307643)
(2.732117838e-07 2.807354263e-19 -0.002156347066)
(2.591745918e-07 2.902565289e-19 -0.002156385208)
(2.444566557e-07 2.935217189e-19 -0.002156421889)
(2.290929712e-07 2.971117458e-19 -0.002156456954)
(2.131406504e-07 3.08193358e-19 -0.002156490228)
(1.966359171e-07 3.286266539e-19 -0.002156521555)
(1.796311536e-07 3.289629535e-19 -0.002156550769)
(1.621605407e-07 3.207113012e-19 -0.002156577713)
(1.442620252e-07 3.147957285e-19 -0.002156602231)
(1.259768821e-07 3.099388555e-19 -0.00215662417)
(1.073403408e-07 3.050695885e-19 -0.002156643383)
(8.839402402e-08 3.069031021e-19 -0.002156659726)
(6.915823549e-08 3.121287691e-19 -0.002156673064)
(4.966766186e-08 3.219668017e-19 -0.002156683258)
(3.002103679e-08 3.215504488e-19 -0.002156690186)
(1.048212657e-08 3.235222187e-19 -0.002156693719)
(1.933568127e-08 2.365854495e-19 -0.002155700019)
(5.034187414e-08 5.687395117e-19 -0.002155703005)
(7.92763313e-08 3.708447963e-19 -0.002155709381)
(1.085808888e-07 4.458948781e-19 -0.002155718842)
(1.369127899e-07 2.893129587e-19 -0.002155731197)
(1.639389743e-07 2.201357767e-19 -0.002155746271)
(1.895453659e-07 1.833255722e-19 -0.00215576393)
(2.136890848e-07 3.785302631e-19 -0.002155784066)
(2.362851857e-07 4.258560695e-19 -0.002155806552)
(2.57222767e-07 3.466809618e-19 -0.002155831249)
(2.764943244e-07 2.977403094e-19 -0.002155858058)
(2.940897058e-07 2.955873607e-19 -0.002155886881)
(3.099553986e-07 2.307371419e-19 -0.002155917588)
(3.241165264e-07 2.143749927e-19 -0.00215595009)
(3.365649366e-07 1.410287193e-19 -0.002155984272)
(3.473008007e-07 1.202437665e-19 -0.00215602001)
(3.56352332e-07 1.333519472e-19 -0.002156057208)
(3.637341716e-07 1.399325872e-19 -0.00215609573)
(3.694846974e-07 1.829267191e-19 -0.002156135478)
(3.736374302e-07 1.342510631e-19 -0.002156176308)
(3.762352578e-07 1.193856801e-19 -0.002156218115)
(3.773270033e-07 9.986620525e-20 -0.002156260752)
(3.76962004e-07 1.283586062e-19 -0.002156304106)
(3.751975772e-07 1.481559223e-19 -0.002156348024)
(3.720713101e-07 1.605992727e-19 -0.002156392376)
(3.676449721e-07 1.732081686e-19 -0.002156437005)
(3.619701892e-07 1.561350579e-19 -0.002156481773)
(3.551055401e-07 1.509615891e-19 -0.002156526522)
(3.471103508e-07 1.34491276e-19 -0.002156571096)
(3.380349531e-07 1.505356752e-19 -0.002156615338)
(3.279477303e-07 1.800036004e-19 -0.002156659078)
(3.168881256e-07 2.080922588e-19 -0.002156702161)
(3.049243769e-07 2.382098394e-19 -0.002156744407)
(2.921036704e-07 2.74244602e-19 -0.002156785663)
(2.784939709e-07 3.034881656e-19 -0.002156825753)
(2.641335715e-07 3.108815249e-19 -0.002156864515)
(2.490718192e-07 2.987695761e-19 -0.002156901777)
(2.3336336e-07 2.818131147e-19 -0.002156937372)
(2.170513573e-07 2.860948664e-19 -0.002156971136)
(2.001929691e-07 2.956130046e-19 -0.002157002901)
(1.828244713e-07 2.961174169e-19 -0.002157032513)
(1.649960438e-07 2.951112936e-19 -0.002157059804)
(1.467399829e-07 2.973248688e-19 -0.002157084629)
(1.281023759e-07 3.019373491e-19 -0.002157106827)
(1.091191291e-07 3.085905332e-19 -0.002157126261)
(8.982969927e-08 3.017551191e-19 -0.002157142782)
(7.025698706e-08 3.069173884e-19 -0.002157156259)
(5.04350978e-08 3.080657435e-19 -0.002157166557)
(3.046440379e-08 3.040001139e-19 -0.002157173553)
(1.061775428e-08 3.127737119e-19 -0.002157177124)
(1.98342177e-08 9.486686101e-20 -0.002156138865)
(5.162556613e-08 1.894969258e-19 -0.002156141968)
(8.12666749e-08 2.772596374e-19 -0.002156148586)
(1.112726981e-07 3.2721118e-19 -0.002156158388)
(1.402725764e-07 2.826500152e-19 -0.002156171179)
(1.679502059e-07 2.39747577e-19 -0.002156186812)
(1.942209986e-07 2.164471171e-19 -0.002156205144)
(2.189590257e-07 2.156067535e-19 -0.002156226032)
(2.420440472e-07 1.760338462e-19 -0.002156249316)
(2.634645536e-07 1.994352695e-19 -0.002156274897)
(2.831950219e-07 1.436064801e-19 -0.002156302666)
(3.01166561e-07 1.506673725e-19 -0.002156332485)
(3.173965212e-07 1.125327085e-19 -0.002156364251)
(3.318666403e-07 1.501866159e-19 -0.002156397851)
(3.445493956e-07 1.65787689e-19 -0.002156433144)
(3.554866196e-07 1.821468957e-19 -0.002156470036)
(3.646832285e-07 1.910352981e-19 -0.002156508389)
(3.721775725e-07 2.022419272e-19 -0.002156548099)
(3.779933209e-07 2.179428661e-19 -0.002156589028)
(3.821745479e-07 2.040677849e-19 -0.002156631063)
(3.847640789e-07 1.968027234e-19 -0.00215667406)
(3.858108792e-07 1.990217573e-19 -0.002156717898)
(3.853738846e-07 1.774269486e-19 -0.002156762429)
(3.834927531e-07 1.640158204e-19 -0.002156807522)
(3.802239432e-07 1.509008304e-19 -0.002156853013)
(3.756191253e-07 1.623669025e-19 -0.002156898769)
(3.697527224e-07 1.784828591e-19 -0.00215694462)
(3.62673145e-07 1.667442599e-19 -0.002156990428)
(3.544475146e-07 1.557096146e-19 -0.002157036019)
(3.451198699e-07 1.452891901e-19 -0.002157081244)
(3.347523016e-07 1.561116764e-19 -0.002157125928)
(3.233950964e-07 1.640419649e-19 -0.002157169909)
(3.111070155e-07 1.668068963e-19 -0.002157213018)
(2.979645593e-07 1.62984166e-19 -0.002157255084)
(2.840090679e-07 1.584952869e-19 -0.002157295945)
(2.693021281e-07 1.658653827e-19 -0.002157335419)
(2.538844228e-07 1.665120504e-19 -0.002157373349)
(2.378179624e-07 1.776136384e-19 -0.002157409557)
(2.211435431e-07 1.833875393e-19 -0.002157443886)
(2.039184023e-07 1.894005445e-19 -0.002157476165)
(1.86181315e-07 1.955093892e-19 -0.002157506238)
(1.679745756e-07 2.188919881e-19 -0.002157533944)
(1.493470566e-07 2.389148156e-19 -0.002157559128)
(1.303363679e-07 2.559899758e-19 -0.002157581642)
(1.109904171e-07 2.702337632e-19 -0.002157601338)
(9.13397099e-08 2.684049161e-19 -0.002157618079)
(7.141591895e-08 2.643424236e-19 -0.002157631726)
(5.125023366e-08 2.617998387e-19 -0.002157642153)
(3.094978796e-08 2.662482464e-19 -0.002157649232)
(1.077947039e-08 2.700938538e-19 -0.002157652852)
(2.03264523e-08 8.058502272e-20 -0.002156565644)
(5.290240986e-08 1.761317111e-19 -0.002156568867)
(8.326949792e-08 3.2451029e-19 -0.002156575754)
(1.140209491e-07 5.938665196e-19 -0.002156585975)
(1.437747753e-07 3.420162562e-19 -0.002156599322)
(1.721772746e-07 2.254632737e-19 -0.002156615619)
(1.990680038e-07 1.550809398e-19 -0.002156634697)
(2.243446876e-07 8.182132823e-20 -0.002156656391)
(2.479806218e-07 -1.022353879e-20 -0.002156680597)
(2.699251894e-07 5.012042781e-20 -0.002156707192)
(2.900866191e-07 7.36445873e-20 -0.002156736022)
(3.084656094e-07 1.250508857e-19 -0.002156766973)
(3.250442856e-07 1.71839015e-19 -0.002156799927)
(3.397763533e-07 1.892590455e-19 -0.002156834726)
(3.527037163e-07 1.917734332e-19 -0.00215687128)
(3.638270622e-07 2.373563441e-19 -0.00215690945)
(3.731763495e-07 2.364351946e-19 -0.002156949115)
(3.807756828e-07 2.421802546e-19 -0.002156990149)
(3.866571002e-07 2.135529812e-19 -0.002157032412)
(3.908621303e-07 2.400089591e-19 -0.002157075783)
(3.934362937e-07 2.162995699e-19 -0.002157120112)
(3.944353197e-07 2.031342244e-19 -0.002157165275)
(3.939131408e-07 1.664616259e-19 -0.002157211117)
(3.919110811e-07 1.758963733e-19 -0.002157257496)
(3.884841846e-07 1.809577316e-19 -0.002157304256)
(3.836987522e-07 1.617970466e-19 -0.002157351249)
(3.776172728e-07 1.681123695e-19 -0.002157398319)
(3.703109315e-07 1.762061577e-19 -0.002157445301)
(3.61823696e-07 1.836987174e-19 -0.00215749204)
(3.522250078e-07 1.767038912e-19 -0.002157538357)
(3.415611424e-07 1.624328544e-19 -0.0021575841)
(3.299041983e-07 1.615728787e-19 -0.002157629083)
(3.173067904e-07 1.510027924e-19 -0.002157673152)
(3.038410475e-07 1.290370053e-19 -0.002157716128)
(2.895494641e-07 1.297381093e-19 -0.002157757843)
(2.744850122e-07 1.302315914e-19 -0.002157798125)
(2.587111021e-07 1.348905361e-19 -0.002157836803)
(2.422729255e-07 1.346764203e-19 -0.002157873711)
(2.25231857e-07 1.216315813e-19 -0.002157908676)
(2.076289975e-07 1.265573681e-19 -0.002157941544)
(1.895194411e-07 1.464347482e-19 -0.002157972141)
(1.709401158e-07 1.816824107e-19 -0.00215800032)
(1.519419864e-07 2.073245461e-19 -0.002158025917)
(1.325654334e-07 2.237465601e-19 -0.002158048792)
(1.128565474e-07 2.334332821e-19 -0.002158068793)
(9.284854863e-08 2.395346798e-19 -0.002158085784)
(7.257371232e-08 2.3966005e-19 -0.002158099628)
(5.206754665e-08 2.44177746e-19 -0.002158110199)
(3.143924122e-08 2.508988162e-19 -0.002158117373)
(1.094581852e-08 2.398942696e-19 -0.002158121035)
(2.082459089e-08 3.634998769e-21 -0.002156980734)
(5.419701863e-08 -4.209015799e-20 -0.002156984112)
(8.53270903e-08 2.883846706e-20 -0.002156991324)
(1.168533348e-07 1.153433011e-19 -0.002157002017)
(1.473061625e-07 2.640805178e-19 -0.002157015957)
(1.763283138e-07 1.812821742e-19 -0.002157032941)
(2.038004342e-07 1.692271895e-19 -0.002157052815)
(2.296796034e-07 3.588615298e-20 -0.002157075454)
(2.538787543e-07 -6.147003337e-20 -0.002157100708)
(2.76281367e-07 4.726006415e-20 -0.002157128407)
(2.968764444e-07 1.856272107e-19 -0.002157158424)
(3.156413542e-07 2.263342626e-19 -0.002157190635)
(3.325085832e-07 3.007894528e-19 -0.002157224876)
(3.475209806e-07 3.087515193e-19 -0.002157261038)
(3.606815044e-07 2.936838027e-19 -0.002157298989)
(3.719828625e-07 2.902022304e-19 -0.002157338584)
(3.814609975e-07 2.511623758e-19 -0.002157379705)
(3.891344407e-07 2.558836646e-19 -0.002157422192)
(3.950515842e-07 2.163046088e-19 -0.002157465933)
(3.992511576e-07 2.017974723e-19 -0.002157510763)
(4.017883458e-07 1.839001339e-19 -0.002157556566)
(4.027172385e-07 1.815113941e-19 -0.002157603174)
(4.020825372e-07 1.940799206e-19 -0.002157650458)
(3.999416846e-07 1.889207226e-19 -0.002157698241)
(3.963537892e-07 1.772435119e-19 -0.002157746392)
(3.913925756e-07 1.631584129e-19 -0.002157794737)
(3.851118763e-07 1.672223222e-19 -0.002157843131)
(3.775816183e-07 1.864307436e-19 -0.002157891398)
(3.688497234e-07 2.001390287e-19 -0.002157939379)
(3.58978534e-07 2.337636925e-19 -0.002157986899)
(3.480320071e-07 2.25427872e-19 -0.00215803379)
(3.360688446e-07 2.376489689e-19 -0.002158079883)
(3.231680904e-07 2.3603315e-19 -0.002158125)
(3.093760777e-07 2.412583562e-19 -0.00215816898)
(2.947584297e-07 2.507195163e-19 -0.002158211633)
(2.793606008e-07 2.506720666e-19 -0.002158252803)
(2.632489867e-07 2.616635068e-19 -0.002158292306)
(2.46468626e-07 2.497615305e-19 -0.002158329983)
(2.290811485e-07 2.472470816e-19 -0.002158365659)
(2.111299272e-07 2.504092802e-19 -0.002158399173)
(1.926628531e-07 2.58071476e-19 -0.002158430362)
(1.737327861e-07 2.502753124e-19 -0.002158459065)
(1.54380704e-07 2.464072268e-19 -0.002158485133)
(1.346592139e-07 2.486680866e-19 -0.00215850841)
(1.146049116e-07 2.533867197e-19 -0.002158528758)
(9.425993978e-08 2.669294494e-19 -0.002158546031)
(7.365242868e-08 2.714929482e-19 -0.002158560101)
(5.282360067e-08 2.769896512e-19 -0.002158570835)
(3.187951552e-08 2.769384049e-19 -0.002158578116)
(1.108340769e-08 2.751166577e-19 -0.002158581822)
(2.130392873e-08 -1.837609984e-19 -0.002157384608)
(5.542981589e-08 -5.79892926e-19 -0.002157388135)
(8.723447553e-08 -4.060932848e-19 -0.002157395675)
(1.194253858e-07 -4.89261782e-19 -0.002157406835)
(1.505044932e-07 -1.335310804e-19 -0.002157421385)
(1.801404058e-07 7.871124836e-20 -0.00215743915)
(2.082450797e-07 2.895716865e-20 -0.002157459964)
(2.346836257e-07 2.55627876e-20 -0.002157483653)
(2.593290818e-07 1.424931892e-20 -0.002157510024)
(2.821636633e-07 1.159099667e-19 -0.002157538945)
(3.031540872e-07 2.105178545e-19 -0.002157570277)
(3.222180003e-07 2.444965635e-19 -0.002157603844)
(3.39375172e-07 1.730991147e-19 -0.002157639519)
(3.546289841e-07 2.368397407e-19 -0.002157677173)
(3.679530379e-07 2.891212272e-19 -0.002157716631)
(3.79389704e-07 2.811295658e-19 -0.00215775778)
(3.889440977e-07 2.788364624e-19 -0.002157800457)
(3.966671897e-07 2.766721335e-19 -0.002157844536)
(4.025901766e-07 2.509400357e-19 -0.00215788986)
(4.06766846e-07 2.230210098e-19 -0.00215793629)
(4.092512279e-07 2.588284024e-19 -0.002157983673)
(4.100916007e-07 2.635909003e-19 -0.002158031859)
(4.093360071e-07 2.765604404e-19 -0.002158080689)
(4.070452461e-07 2.397833544e-19 -0.002158130008)
(4.032972492e-07 2.350162179e-19 -0.002158179654)
(3.981473012e-07 2.298681006e-19 -0.002158229473)
(3.916673827e-07 2.450140049e-19 -0.002158279288)
(3.839079356e-07 2.393779918e-19 -0.002158328946)
(3.749410703e-07 2.3609429e-19 -0.002158378257)
(3.648190687e-07 2.332303902e-19 -0.00215842707)
(3.536174155e-07 2.576728345e-19 -0.002158475194)
(3.413933372e-07 2.55589492e-19 -0.002158522472)
(3.282221979e-07 2.628921942e-19 -0.00215856872)
(3.14150926e-07 2.770448371e-19 -0.002158613768)
(2.992369036e-07 2.619483373e-19 -0.00215865744)
(2.835480274e-07 2.522391326e-19 -0.002158699561)
(2.671321365e-07 2.454172981e-19 -0.002158739962)
(2.500542519e-07 2.597904377e-19 -0.002158778466)
(2.323594167e-07 2.742615909e-19 -0.002158814914)
(2.141069911e-07 2.87494554e-19 -0.002158849128)
(1.953373652e-07 2.863027718e-19 -0.002158880958)
(1.761056164e-07 2.757277361e-19 -0.002158910235)
(1.564557363e-07 2.674390363e-19 -0.002158936813)
(1.364379571e-07 2.631902642e-19 -0.002158960535)
(1.160910979e-07 2.598320708e-19 -0.002158981262)
(9.545729511e-08 2.701059881e-19 -0.002158998849)
(7.45676124e-08 2.967182084e-19 -0.002159013168)
(5.346275455e-08 3.187291772e-19 -0.002159024087)
(3.224841618e-08 3.273434265e-19 -0.002159031489)
(1.119484596e-08 3.355177782e-19 -0.002159035254)
(2.169234355e-08 -4.87079654e-19 -0.002157777582)
(5.643363087e-08 -4.11219134e-19 -0.002157781263)
(8.880214187e-08 -5.773122411e-19 -0.002157789166)
(1.215747858e-07 -4.219893011e-19 -0.002157800889)
(1.53249373e-07 -3.970113959e-19 -0.002157816188)
(1.83457773e-07 -2.022593489e-19 -0.002157834857)
(2.120334752e-07 -1.540863658e-19 -0.002157856687)
(2.388593403e-07 3.089981714e-20 -0.002157881474)
(2.638987255e-07 1.902966581e-19 -0.002157909079)
(2.870977906e-07 1.788388699e-19 -0.002157939344)
(3.083537209e-07 1.885288033e-19 -0.002157972077)
(3.276616108e-07 1.920303652e-19 -0.002158007129)
(3.45027146e-07 2.533862362e-19 -0.002158044365)
(3.604049675e-07 2.257554072e-19 -0.002158083598)
(3.738408322e-07 2.593837765e-19 -0.002158124701)
(3.853418233e-07 2.368909669e-19 -0.002158167514)
(3.949338981e-07 2.575697734e-19 -0.002158211881)
(4.026584927e-07 2.290198847e-19 -0.002158257663)
(4.08548082e-07 2.461173933e-19 -0.002158304687)
(4.126657088e-07 2.614132018e-19 -0.002158352822)
(4.150616054e-07 2.905426611e-19 -0.002158401889)
(4.157855967e-07 3.123903915e-19 -0.002158451748)
(4.148962973e-07 3.177069316e-19 -0.002158502217)
(4.124602625e-07 3.078149614e-19 -0.002158553155)
(4.085520364e-07 3.074223197e-19 -0.002158604381)
(4.032299894e-07 3.308911266e-19 -0.002158655743)
(3.965656191e-07 2.876457058e-19 -0.00215870706)
(3.886119962e-07 2.778793438e-19 -0.002158758166)
(3.794325623e-07 2.698124706e-19 -0.002158808888)
(3.691014371e-07 2.603128848e-19 -0.002158859048)
(3.576776609e-07 2.614578025e-19 -0.002158908478)
(3.452421041e-07 2.328989171e-19 -0.002158956994)
(3.318452153e-07 2.364611392e-19 -0.002159004433)
(3.175555942e-07 2.277115902e-19 -0.002159050601)
(3.024218749e-07 2.274107262e-19 -0.002159095341)
(2.865134484e-07 2.311226079e-19 -0.002159138462)
(2.698782821e-07 2.400582971e-19 -0.002159179802)
(2.52580832e-07 2.722931889e-19 -0.002159219183)
(2.346679772e-07 2.993204627e-19 -0.002159256439)
(2.161934283e-07 3.208905136e-19 -0.002159291401)
(1.972088246e-07 3.129499167e-19 -0.002159323906)
(1.777586524e-07 3.041618693e-19 -0.002159353797)
(1.578993906e-07 2.95795696e-19 -0.002159380916)
(1.376705083e-07 3.006777192e-19 -0.002159405116)
(1.171195143e-07 3.052902181e-19 -0.002159426246)
(9.628333221e-08 3.059374593e-19 -0.002159444173)
(7.519939317e-08 3.152470368e-19 -0.002159458758)
(5.390588726e-08 3.180797072e-19 -0.002159469879)
(3.251086938e-08 3.256528383e-19 -0.002159477409)
(1.128134291e-08 3.286127655e-19 -0.00215948124)
(2.197477159e-08 1.985175663e-19 -0.002158160519)
(5.716588581e-08 4.130920374e-19 -0.002158164389)
(8.997318603e-08 1.761932332e-20 -0.002158172724)
(1.231976497e-07 -1.609729833e-19 -0.002158185077)
(1.55263056e-07 -2.779983425e-19 -0.002158201167)
(1.857848126e-07 -2.072052083e-19 -0.002158220752)
(2.146306388e-07 -2.588832551e-20 -0.002158243631)
(2.417478797e-07 5.392212001e-20 -0.002158269637)
(2.670528512e-07 2.118022064e-19 -0.002158298587)
(2.904165721e-07 1.970407836e-19 -0.002158330266)
(3.118146541e-07 2.030383271e-19 -0.002158364505)
(3.312516275e-07 2.010269503e-19 -0.00215840116)
(3.486681714e-07 2.994053704e-19 -0.002158440033)
(3.6409359e-07 2.483143828e-19 -0.002158480972)
(3.775424036e-07 2.303954e-19 -0.002158523821)
(3.890080557e-07 2.319625888e-19 -0.002158568392)
(3.98546185e-07 2.355596304e-19 -0.002158614552)
(4.061817994e-07 2.242250508e-19 -0.002158662109)
(4.119774507e-07 2.471167786e-19 -0.002158710931)
(4.159797979e-07 2.258184321e-19 -0.002158760835)
(4.182446606e-07 1.99104022e-19 -0.002158811672)
(4.188236895e-07 2.296848226e-19 -0.002158863259)
(4.17782418e-07 2.571866526e-19 -0.002158915444)
(4.1519765e-07 2.859083397e-19 -0.002158968047)
(4.111312111e-07 2.832621793e-19 -0.002159020916)
(4.05655955e-07 3.09154696e-19 -0.002159073859)
(3.988280843e-07 3.149568573e-19 -0.002159126725)
(3.907212606e-07 3.150585532e-19 -0.002159179315)
(3.813926664e-07 3.182827844e-19 -0.002159231477)
(3.709198061e-07 3.266814467e-19 -0.002159283016)
(3.593632584e-07 3.15836308e-19 -0.002159333772)
(3.468000179e-07 3.043154758e-19 -0.002159383557)
(3.332802904e-07 3.086181331e-19 -0.0021594322)
(3.188655032e-07 3.117232231e-19 -0.00215947952)
(3.036223133e-07 3.282858079e-19 -0.00215952534)
(2.876006953e-07 3.401210265e-19 -0.002159569488)
(2.708673797e-07 3.492565484e-19 -0.002159611782)
(2.534690595e-07 3.528832256e-19 -0.002159652061)
(2.354672661e-07 3.604094275e-19 -0.002159690141)
(2.169033421e-07 3.557314742e-19 -0.002159725869)
(1.978342994e-07 3.489166925e-19 -0.002159759066)
(1.783056915e-07 3.483526251e-19 -0.002159789586)
(1.583700074e-07 3.488850663e-19 -0.002159817262)
(1.380678318e-07 3.509299512e-19 -0.002159841952)
(1.174455653e-07 3.56044453e-19 -0.002159863501)
(9.654227003e-08 3.519881867e-19 -0.002159881776)
(7.539511576e-08 3.390211536e-19 -0.002159896636)
(5.404368318e-08 3.214965308e-19 -0.002159907959)
(3.2595906e-08 3.098036987e-19 -0.002159915619)
(1.131205771e-08 2.953360978e-19 -0.002159919503)
(2.21074804e-08 1.008972616e-18 -0.002158534516)
(5.749623832e-08 5.746862373e-19 -0.002158538566)
(9.046169979e-08 5.904619022e-19 -0.002158547329)
(1.238151372e-07 3.094465279e-19 -0.002158560296)
(1.559745323e-07 2.348344088e-19 -0.00215857717)
(1.865863024e-07 2.067041964e-19 -0.00215859773)
(2.155509606e-07 2.139988378e-19 -0.002158621776)
(2.427414137e-07 1.809401615e-19 -0.002158649088)
(2.680184377e-07 2.416079483e-19 -0.002158679422)
(2.91344645e-07 1.975805574e-19 -0.002158712596)
(3.127166957e-07 2.403174416e-19 -0.002158748448)
(3.320620013e-07 2.810431398e-19 -0.002158786767)
(3.493740549e-07 1.922851047e-19 -0.002158827368)
(3.646788894e-07 1.603274062e-19 -0.002158870097)
(3.779553073e-07 1.713256868e-19 -0.00215891474)
(3.892613074e-07 2.239461629e-19 -0.002158961153)
(3.986150604e-07 2.86230326e-19 -0.002159009149)
(4.060737897e-07 2.833863112e-19 -0.002159058558)
(4.116914798e-07 2.520389666e-19 -0.002159109216)
(4.155112664e-07 2.208535497e-19 -0.002159160941)
(4.17590863e-07 2.135495682e-19 -0.002159213571)
(4.179909252e-07 1.865695761e-19 -0.00215926692)
(4.167859052e-07 2.139384754e-19 -0.002159320832)
(4.140499242e-07 2.535380645e-19 -0.002159375122)
(4.09847181e-07 2.745610941e-19 -0.002159429626)
(4.042492084e-07 2.806363614e-19 -0.002159484162)
(3.973152178e-07 3.238297742e-19 -0.002159538557)
(3.89110904e-07 3.296176021e-19 -0.002159592634)
(3.797152349e-07 3.299139361e-19 -0.002159646214)
(3.691871208e-07 3.51457877e-19 -0.002159699126)
(3.576076274e-07 3.706167766e-19 -0.002159751183)
(3.45029417e-07 3.892856772e-19 -0.002159802221)
(3.315217348e-07 3.812256443e-19 -0.002159852044)
(3.171333117e-07 4.129146604e-19 -0.002159900493)
(3.019335065e-07 4.278671494e-19 -0.002159947374)
(2.859702984e-07 4.295098176e-19 -0.002159992525)
(2.693076751e-07 4.184534793e-19 -0.00216003576)
(2.519927962e-07 3.864038607e-19 -0.002160076915)
(2.340820057e-07 3.670251989e-19 -0.002160115813)
(2.156202069e-07 3.545850272e-19 -0.002160152289)
(1.966554966e-07 3.634671652e-19 -0.002160186177)
(1.772438903e-07 3.770371648e-19 -0.002160217315)
(1.574241998e-07 3.858064461e-19 -0.002160245549)
(1.372445046e-07 3.781467752e-19 -0.002160270721)
(1.167437293e-07 3.686988405e-19 -0.002160292691)
(9.596629407e-08 3.632313202e-19 -0.002160311309)
(7.494465658e-08 3.548115861e-19 -0.002160326446)
(5.37193284e-08 3.505414143e-19 -0.002160337966)
(3.239738008e-08 3.443271921e-19 -0.002160345751)
(1.123884692e-08 3.357058033e-19 -0.002160349677)
(2.197843664e-08 -9.442799946e-20 -0.002158900598)
(5.715246382e-08 -3.300791186e-19 -0.002158904814)
(8.990342613e-08 1.257554586e-19 -0.002158914014)
(1.23027858e-07 3.171775992e-19 -0.002158927649)
(1.549754484e-07 5.942885451e-19 -0.002158945416)
(1.853963841e-07 4.496120566e-19 -0.00215896706)
(2.141073578e-07 3.947170189e-19 -0.002158992323)
(2.409633474e-07 3.561283464e-19 -0.002159020946)
(2.659224729e-07 2.986704203e-19 -0.002159052728)
(2.889643473e-07 3.050769068e-19 -0.002159087489)
(3.099965798e-07 2.822747431e-19 -0.002159124993)
(3.289829708e-07 2.27444799e-19 -0.002159165024)
(3.459578044e-07 1.852909942e-19 -0.00215920742)
(3.608865672e-07 1.801362238e-19 -0.002159251957)
(3.738145236e-07 1.984351708e-19 -0.002159298454)
(3.847779651e-07 1.97810014e-19 -0.002159346733)
(3.937917818e-07 2.36773616e-19 -0.002159396587)
(4.009292836e-07 2.887896224e-19 -0.002159447865)
(4.062349924e-07 2.72838642e-19 -0.002159500349)
(4.097704665e-07 3.113406606e-19 -0.002159553892)
(4.115878127e-07 3.122207079e-19 -0.002159608284)
(4.11762128e-07 2.854485801e-19 -0.002159663376)
(4.103693462e-07 2.970936504e-19 -0.002159718966)
(4.074781109e-07 3.119815219e-19 -0.002159774901)
(4.031616148e-07 3.268836674e-19 -0.002159830979)
(3.974817909e-07 3.411747699e-19 -0.002159887047)
(3.905127294e-07 3.55975091e-19 -0.0021599429)
(3.823151003e-07 3.660607397e-19 -0.002159998387)
(3.729663896e-07 3.704323211e-19 -0.002160053309)
(3.625283737e-07 3.851077957e-19 -0.002160107507)
(3.510768811e-07 4.173179006e-19 -0.00216016079)
(3.386628873e-07 4.438210113e-19 -0.00216021299)
(3.253500979e-07 4.407354331e-19 -0.002160263922)
(3.111962672e-07 4.48481701e-19 -0.002160313413)
(2.962511836e-07 4.493815409e-19 -0.002160361286)
(2.805791778e-07 4.430310303e-19 -0.002160407362)
(2.642239322e-07 4.48752923e-19 -0.002160451475)
(2.472443906e-07 4.482173454e-19 -0.00216049344)
(2.296782016e-07 4.388060707e-19 -0.002160533099)
(2.115795863e-07 4.349136636e-19 -0.002160570269)
(1.929905663e-07 4.444926576e-19 -0.0021606048)
(1.739615701e-07 4.388147272e-19 -0.002160636517)
(1.54530166e-07 4.344478404e-19 -0.002160665272)
(1.347407047e-07 4.303843798e-19 -0.002160690902)
(1.146318931e-07 4.267202182e-19 -0.002160713265)
(9.424551979e-08 4.168471629e-19 -0.00216073221)
(7.361251266e-08 4.068386848e-19 -0.002160747607)
(5.276949666e-08 4.097640061e-19 -0.002160759315)
(3.182285298e-08 4.122426352e-19 -0.002160767216)
(1.103529755e-08 4.145455539e-19 -0.002160771182)
(2.152355972e-08 -6.596782257e-19 -0.00215926032)
(5.596625325e-08 -7.682349516e-19 -0.002159264732)
(8.804569589e-08 -3.087770276e-19 -0.002159274437)
(1.204985264e-07 -9.817545965e-20 -0.00215928881)
(1.517562509e-07 2.223136263e-20 -0.002159307506)
(1.814227933e-07 8.627511854e-20 -0.002159330224)
(2.09349748e-07 1.417824276e-19 -0.002159356683)
(2.35478073e-07 1.780764013e-19 -0.002159386673)
(2.597603947e-07 1.819349093e-19 -0.00215941998)
(2.820781402e-07 2.046962311e-19 -0.00215945634)
(3.023706358e-07 1.539929083e-19 -0.002159495504)
(3.206799827e-07 1.860108079e-19 -0.002159537295)
(3.369683842e-07 3.091165678e-19 -0.002159581475)
(3.512350298e-07 3.150460403e-19 -0.002159627825)
(3.635383367e-07 2.967333753e-19 -0.002159676171)
(3.738836613e-07 2.458577274e-19 -0.002159726272)
(3.823458068e-07 1.940517269e-19 -0.002159777962)
(3.889625574e-07 2.14874479e-19 -0.002159831033)
(3.938059519e-07 2.725391625e-19 -0.002159885298)
(3.969291962e-07 3.193598334e-19 -0.002159940566)
(3.983960884e-07 3.387487974e-19 -0.002159996646)
(3.98287695e-07 3.646796975e-19 -0.002160053363)
(3.966780606e-07 3.600180347e-19 -0.002160110529)
(3.936381624e-07 3.646802745e-19 -0.002160167969)
(3.892395553e-07 3.753090366e-19 -0.002160225498)
(3.83548388e-07 3.905755247e-19 -0.00216028294)
(3.766310604e-07 4.109324549e-19 -0.002160340116)
(3.685657367e-07 4.386484281e-19 -0.002160396846)
(3.594113454e-07 4.742749189e-19 -0.00216045296)
(3.492464501e-07 4.885065387e-19 -0.002160508274)
(3.381224812e-07 5.077216161e-19 -0.002160562626)
(3.261049615e-07 5.369059571e-19 -0.002160615822)
(3.132382058e-07 5.542346587e-19 -0.002160667706)
(2.99586743e-07 5.354568064e-19 -0.002160718083)
(2.851929934e-07 5.288257203e-19 -0.002160766798)
(2.701145913e-07 5.303663319e-19 -0.00216081366)
(2.543922404e-07 5.287293808e-19 -0.002160858511)
(2.380751684e-07 5.2662166e-19 -0.002160901168)
(2.211984528e-07 5.313141827e-19 -0.002160941467)
(2.038116498e-07 5.045672338e-19 -0.002160979237)
(1.859581454e-07 4.861389787e-19 -0.002161014313)
(1.67672236e-07 4.773994755e-19 -0.002161046532)
(1.489952969e-07 4.717578789e-19 -0.002161075733)
(1.299599576e-07 4.684654741e-19 -0.002161101762)
(1.106078421e-07 4.59468299e-19 -0.002161124465)
(9.097273045e-08 4.567365409e-19 -0.002161143699)
(7.10847895e-08 4.551124715e-19 -0.002161159319)
(5.097701933e-08 4.622560504e-19 -0.002161171193)
(3.075259339e-08 4.72370202e-19 -0.002161179189)
(1.067170791e-08 4.86830834e-19 -0.002161183187)
(2.067414509e-08 -4.077901577e-20 -0.002159615811)
(5.374007369e-08 -1.037382587e-19 -0.002159620396)
(8.450489352e-08 -1.124196657e-19 -0.002159630587)
(1.155739987e-07 -1.50646474e-19 -0.00215964566)
(1.454297788e-07 -2.82624128e-19 -0.002159665226)
(1.737101536e-07 -1.744252683e-19 -0.002159688994)
(2.003291727e-07 -7.65671815e-20 -0.002159716713)
(2.252134597e-07 2.133338251e-20 -0.002159748128)
(2.482147264e-07 -1.509959986e-20 -0.002159782939)
(2.69252183e-07 7.526808156e-21 -0.00215982087)
(2.883651171e-07 4.778776117e-20 -0.002159861716)
(3.055151053e-07 1.352819265e-19 -0.002159905227)
(3.206654904e-07 2.20875398e-19 -0.002159951137)
(3.338891808e-07 2.642969035e-19 -0.002159999264)
(3.451839795e-07 2.59065453e-19 -0.00216004936)
(3.546086485e-07 2.704789813e-19 -0.002160101211)
(3.622317072e-07 2.40646547e-19 -0.002160154623)
(3.680906007e-07 2.17960727e-19 -0.002160209366)
(3.722598068e-07 2.77949731e-19 -0.002160265268)
(3.747966131e-07 2.833838871e-19 -0.002160322091)
(3.757871179e-07 3.272570238e-19 -0.002160379683)
(3.753080707e-07 3.680838469e-19 -0.002160437823)
(3.734362205e-07 3.718733464e-19 -0.002160496357)
(3.702453965e-07 3.818103698e-19 -0.00216055507)
(3.658036346e-07 3.943681411e-19 -0.002160613814)
(3.601845818e-07 4.076043351e-19 -0.002160672378)
(3.534509312e-07 4.200114468e-19 -0.002160730617)
(3.456774508e-07 4.611996467e-19 -0.002160788329)
(3.369244841e-07 5.054188656e-19 -0.002160845364)
(3.272629978e-07 5.285531e-19 -0.002160901533)
(3.167399558e-07 5.352999803e-19 -0.002160956678)
(3.054128677e-07 5.52820087e-19 -0.002161010617)
(2.933258134e-07 5.590870124e-19 -0.002161063184)
(2.805288619e-07 5.510010109e-19 -0.002161114207)
(2.670718288e-07 5.528932677e-19 -0.002161163514)
(2.529869244e-07 5.65394003e-19 -0.00216121094)
(2.383227943e-07 5.692288029e-19 -0.002161256308)
(2.231051693e-07 5.459555188e-19 -0.002161299457)
(2.073762779e-07 5.276177764e-19 -0.002161340206)
(1.911660111e-07 5.039198052e-19 -0.002161378403)
(1.745146032e-07 4.853543028e-19 -0.002161413867)
(1.574479517e-07 4.841002294e-19 -0.002161446448)
(1.400002042e-07 4.812301566e-19 -0.002161475972)
(1.221993528e-07 4.762122789e-19 -0.002161502294)
(1.040800987e-07 4.73467936e-19 -0.002161525248)
(8.567082381e-08 4.782945012e-19 -0.002161544695)
(6.699537129e-08 4.810245774e-19 -0.002161560478)
(4.808636856e-08 4.753027275e-19 -0.002161572469)
(2.904168148e-08 4.785155578e-19 -0.002161580525)
(1.010275676e-08 4.778072538e-19 -0.002161584525)
(1.924976193e-08 6.294255847e-20 -0.002159969274)
(5.002748515e-08 9.361350914e-20 -0.002159973987)
(7.863710358e-08 7.868227213e-20 -0.002159984623)
(1.074770811e-07 1.329324163e-19 -0.002160000372)
(1.351447633e-07 1.493992617e-20 -0.00216002084)
(1.613359317e-07 2.586908376e-20 -0.002160045725)
(1.859187556e-07 8.441012036e-20 -0.002160074725)
(2.087457762e-07 1.680103709e-19 -0.002160107503)
(2.297248427e-07 5.769694903e-20 -0.002160143754)
(2.488747531e-07 6.312393514e-20 -0.002160183245)
(2.661579492e-07 7.033365456e-20 -0.002160225705)
(2.815099386e-07 7.405624528e-20 -0.002160270826)
(2.950080919e-07 4.820451492e-20 -0.002160318393)
(3.066668722e-07 1.257623159e-19 -0.002160368157)
(3.164955836e-07 1.539984351e-19 -0.002160419854)
(3.245883126e-07 2.086314223e-19 -0.002160473294)
(3.309826003e-07 2.343175783e-19 -0.002160528214)
(3.357632124e-07 2.529442857e-19 -0.002160584422)
(3.389781487e-07 2.795939332e-19 -0.002160641688)
(3.407205569e-07 3.027903541e-19 -0.002160699817)
(3.410729798e-07 3.260398283e-19 -0.00216075861)
(3.401178856e-07 3.437907806e-19 -0.002160817876)
(3.379313016e-07 3.497463648e-19 -0.002160877428)
(3.345863997e-07 3.817187773e-19 -0.002160937081)
(3.301557881e-07 4.061899217e-19 -0.002160996658)
(3.247061229e-07 4.250817567e-19 -0.002161055983)
(3.183117946e-07 4.428536678e-19 -0.002161114883)
(3.110305144e-07 4.567480108e-19 -0.002161173194)
(3.029346386e-07 4.711219606e-19 -0.002161230741)
(2.940699332e-07 4.798655513e-19 -0.002161287372)
(2.844922238e-07 4.793449529e-19 -0.002161342906)
(2.742350438e-07 4.70616579e-19 -0.002161397197)
(2.633502567e-07 4.876884442e-19 -0.00216145006)
(2.518664774e-07 4.96108383e-19 -0.002161501355)
(2.39826196e-07 4.985855285e-19 -0.002161550895)
(2.272534695e-07 4.962473876e-19 -0.002161598537)
(2.141809688e-07 4.900316596e-19 -0.002161644099)
(2.006256561e-07 4.976735669e-19 -0.002161687428)
(1.866179122e-07 4.973216861e-19 -0.00216172835)
(1.72178007e-07 5.076949774e-19 -0.002161766706)
(1.573317831e-07 5.098088107e-19 -0.002161802329)
(1.42099241e-07 5.113724701e-19 -0.002161835055)
(1.264997907e-07 5.127652092e-19 -0.002161864722)
(1.105560822e-07 5.139651131e-19 -0.002161891169)
(9.428910141e-08 5.240497395e-19 -0.00216191424)
(7.772114306e-08 5.204397865e-19 -0.002161933779)
(6.086679283e-08 5.267122223e-19 -0.002161949635)
(4.375459209e-08 5.283182668e-19 -0.002161961663)
(2.64748411e-08 5.199931901e-19 -0.002161969723)
(9.246126966e-09 5.134792173e-19 -0.002161973675)
(1.712315338e-08 8.970722416e-20 -0.002160323385)
(4.449387085e-08 1.660008846e-19 -0.002160328238)
(6.992249035e-08 5.990762794e-20 -0.002160339372)
(9.552469997e-08 1.520852737e-19 -0.002160355857)
(1.200285057e-07 1.968997378e-20 -0.002160377267)
(1.431044504e-07 8.717709482e-20 -0.002160403237)
(1.645935249e-07 1.490820506e-19 -0.002160433409)
(1.844104816e-07 7.695685036e-20 -0.002160467456)
(2.025490571e-07 1.041923254e-19 -0.002160505105)
(2.18962498e-07 1.085753078e-19 -0.002160546055)
(2.335658182e-07 9.794083418e-20 -0.002160589964)
(2.464155674e-07 1.132020969e-19 -0.002160636571)
(2.575552414e-07 1.015204287e-19 -0.00216068562)
(2.669710202e-07 1.541810122e-19 -0.002160736794)
(2.747659607e-07 1.956486498e-19 -0.002160789876)
(2.809846618e-07 2.434592625e-19 -0.002160844608)
(2.856939144e-07 2.452567124e-19 -0.002160900744)
(2.889805438e-07 2.457552271e-19 -0.00216095807)
(2.909080075e-07 2.860656304e-19 -0.002161016337)
(2.915817654e-07 3.172465404e-19 -0.002161075373)
(2.910844383e-07 3.439476627e-19 -0.002161134937)
(2.895055359e-07 3.684119527e-19 -0.002161194875)
(2.869229394e-07 3.92786094e-19 -0.00216125496)
(2.834129669e-07 4.148420155e-19 -0.00216131505)
(2.7904962e-07 4.432925528e-19 -0.002161374934)
(2.738977027e-07 4.465738335e-19 -0.002161434479)
(2.680273828e-07 4.58789423e-19 -0.00216149349)
(2.614951574e-07 4.46765241e-19 -0.002161551836)
(2.543629518e-07 4.653594431e-19 -0.002161609337)
(2.466681168e-07 4.832658977e-19 -0.002161665858)
(2.384535598e-07 4.736141248e-19 -0.002161721229)
(2.297462983e-07 4.624507101e-19 -0.002161775309)
(2.205844117e-07 4.772061041e-19 -0.002161827938)
(2.109879277e-07 4.871650905e-19 -0.002161878968)
(2.009753677e-07 4.909841641e-19 -0.002161928244)
(1.905694125e-07 4.868700964e-19 -0.002161975609)
(1.797699494e-07 4.902760889e-19 -0.002162020912)
(1.68593491e-07 5.012823352e-19 -0.002162063986)
(1.570433949e-07 5.095731566e-19 -0.002162104682)
(1.451343539e-07 5.23452247e-19 -0.002162142827)
(1.328660888e-07 5.347295965e-19 -0.002162178273)
(1.202478107e-07 5.377590657e-19 -0.002162210843)
(1.072818739e-07 5.435438247e-19 -0.002162240386)
(9.397981017e-08 5.449837734e-19 -0.002162266727)
(8.034911989e-08 5.424197266e-19 -0.002162289717)
(6.639891603e-08 5.407526288e-19 -0.002162309183)
(5.213596843e-08 5.369107345e-19 -0.002162324979)
(3.757738076e-08 5.354457709e-19 -0.002162336942)
(2.28003382e-08 5.34764683e-19 -0.002162344932)
(8.007755697e-09 5.351050503e-19 -0.002162348789)
(1.416781563e-08 2.450091904e-19 -0.002160681826)
(3.679943503e-08 6.866967878e-19 -0.002160686801)
(5.778645954e-08 3.647083577e-19 -0.002160698431)
(7.882618053e-08 8.771567749e-20 -0.002160715611)
(9.88090158e-08 1.216206442e-19 -0.002160737856)
(1.174469883e-07 1.313101489e-19 -0.002160764771)
(1.346456667e-07 1.361498083e-19 -0.002160796013)
(1.503740149e-07 1.651124524e-19 -0.002160831265)
(1.645659993e-07 2.071946173e-19 -0.002160870181)
(1.771297093e-07 2.019110258e-19 -0.00216091238)
(1.880981398e-07 2.969773501e-19 -0.002160957552)
(1.975314396e-07 2.416492167e-19 -0.002161005425)
(2.054037111e-07 2.242086115e-19 -0.002161055648)
(2.118035127e-07 2.156590426e-19 -0.002161107946)
(2.168207166e-07 2.060774908e-19 -0.002161162061)
(2.204965458e-07 1.968785873e-19 -0.002161217687)
(2.229393987e-07 2.517750603e-19 -0.002161274617)
(2.242102858e-07 2.933078099e-19 -0.002161332569)
(2.244268963e-07 3.213980567e-19 -0.002161391341)
(2.236775997e-07 3.452597444e-19 -0.002161450706)
(2.220673294e-07 3.67417344e-19 -0.002161510467)
(2.196792018e-07 3.90451345e-19 -0.002161570428)
(2.165997463e-07 4.184472966e-19 -0.002161630405)
(2.129075057e-07 4.166090873e-19 -0.002161690225)
(2.086726123e-07 4.185065661e-19 -0.002161749723)
(2.039657629e-07 4.237589927e-19 -0.00216180874)
(1.988427908e-07 4.237294455e-19 -0.002161867128)
(1.933668748e-07 4.488000209e-19 -0.002161924738)
(1.875742262e-07 4.628768574e-19 -0.002161981437)
(1.815047348e-07 4.724039285e-19 -0.002162037074)
(1.751735711e-07 4.82097364e-19 -0.002162091526)
(1.686100637e-07 4.905829893e-19 -0.002162144641)
(1.61818553e-07 5.015214458e-19 -0.002162196301)
(1.548135815e-07 5.141167712e-19 -0.002162246349)
(1.47589068e-07 5.279300749e-19 -0.002162294666)
(1.401469532e-07 5.427446669e-19 -0.002162341092)
(1.324691167e-07 5.579380917e-19 -0.002162385501)
(1.245505374e-07 5.616654803e-19 -0.002162427728)
(1.163754184e-07 5.473568636e-19 -0.002162467638)
(1.079336722e-07 5.338497713e-19 -0.002162505064)
(9.920498136e-08 5.300069741e-19 -0.002162539859)
(9.017648906e-08 5.278973968e-19 -0.002162571854)
(8.083260817e-08 5.210137182e-19 -0.002162600891)
(7.116490624e-08 5.229768659e-19 -0.002162626803)
(6.116377935e-08 5.191511513e-19 -0.002162649427)
(5.081908417e-08 5.265717882e-19 -0.002162668593)
(4.012533257e-08 5.289757316e-19 -0.002162684139)
(2.908389619e-08 5.350398005e-19 -0.002162695899)
(1.775146661e-08 5.45162289e-19 -0.002162703715)
(6.310264859e-09 5.528807489e-19 -0.002162707422)
(1.0160224e-08 1.314338561e-19 -0.002161048735)
(2.636673215e-08 3.008825545e-19 -0.002161053754)
(4.130500667e-08 3.768017006e-19 -0.002161065789)
(5.611262218e-08 1.402731641e-19 -0.002161083537)
(6.996978561e-08 2.545326539e-19 -0.002161106489)
(8.268154024e-08 1.862560472e-19 -0.002161134267)
(9.418780173e-08 1.39918435e-19 -0.002161166503)
(1.043975016e-07 2.393821448e-19 -0.002161202798)
(1.13215237e-07 3.827955802e-19 -0.002161242729)
(1.206603027e-07 3.311805788e-19 -0.002161285939)
(1.268066445e-07 2.930576466e-19 -0.002161332121)
(1.316331239e-07 2.709730799e-19 -0.00216138089)
(1.35191247e-07 3.16717377e-19 -0.002161431908)
(1.376055466e-07 2.733817985e-19 -0.002161484909)
(1.38916196e-07 2.014937461e-19 -0.002161539547)
(1.39250332e-07 1.895161509e-19 -0.002161595558)
(1.386935284e-07 2.896211402e-19 -0.002161652671)
(1.373333828e-07 3.5749982e-19 -0.002161710619)
(1.353055012e-07 3.658173504e-19 -0.002161769198)
(1.327061768e-07 3.747053065e-19 -0.002161828155)
(1.296476291e-07 3.830920231e-19 -0.002161887326)
(1.262186313e-07 3.880449576e-19 -0.002161946477)
(1.225113853e-07 3.83157306e-19 -0.002162005476)
(1.186049716e-07 4.004037813e-19 -0.002162064118)
(1.145704435e-07 4.025718389e-19 -0.002162122289)
(1.104751199e-07 4.283498452e-19 -0.002162179812)
(1.063714209e-07 4.438044728e-19 -0.002162236591)
(1.023099217e-07 4.80819717e-19 -0.002162292469)
(9.831451879e-08 4.851411023e-19 -0.002162347354)
(9.440766504e-08 4.90672975e-19 -0.002162401106)
(9.059219024e-08 4.969726403e-19 -0.002162453629)
(8.687619849e-08 5.045196205e-19 -0.002162504796)
(8.32426769e-08 5.141020529e-19 -0.002162554506)
(7.968300794e-08 5.266841938e-19 -0.002162602635)
(7.617283995e-08 5.426682324e-19 -0.002162649071)
(7.267943903e-08 5.630852836e-19 -0.002162693689)
(6.916784917e-08 5.65341212e-19 -0.002162736361)
(6.559318343e-08 5.693964921e-19 -0.002162776959)
(6.192344795e-08 5.700054291e-19 -0.00216281534)
(5.810941221e-08 5.679930067e-19 -0.002162851368)
(5.411137163e-08 5.617020309e-19 -0.002162884885)
(4.988249093e-08 5.571025824e-19 -0.002162915744)
(4.53865387e-08 5.532030444e-19 -0.002162943774)
(4.058462216e-08 5.525327941e-19 -0.00216296882)
(3.54435425e-08 5.601635165e-19 -0.002162990702)
(2.993162632e-08 5.707738438e-19 -0.002163009257)
(2.402256096e-08 5.771532513e-19 -0.0021630243)
(1.770001188e-08 5.79670239e-19 -0.002163035667)
(1.099292344e-08 5.840594119e-19 -0.002163043172)
(4.050197857e-09 5.900821016e-19 -0.002163046647)
(4.840028374e-09 7.946567559e-20 -0.002161428706)
(1.252866628e-08 1.55876902e-19 -0.002161433705)
(1.947070723e-08 1.908671779e-19 -0.002161446086)
(2.607588155e-08 1.865041517e-19 -0.002161464346)
(3.193289174e-08 2.157867061e-19 -0.002161487953)
(3.690473784e-08 2.203885054e-19 -0.002161516498)
(4.087782392e-08 2.24103268e-19 -0.002161549523)
(4.375965654e-08 2.335360369e-19 -0.002161586567)
(4.556463584e-08 3.16349162e-19 -0.002161627229)
(4.637198351e-08 3.846872671e-19 -0.002161671153)
(4.616796292e-08 3.425938696e-19 -0.002161717922)
(4.497593782e-08 3.791795489e-19 -0.002161767124)
(4.295451246e-08 3.902674561e-19 -0.002161818454)
(4.016388502e-08 3.956584317e-19 -0.00216187155)
(3.669611014e-08 4.109399474e-19 -0.002161926077)
(3.269674807e-08 4.338855391e-19 -0.002161981766)
(2.825127303e-08 4.110243562e-19 -0.002162038281)
(2.35143299e-08 4.053328722e-19 -0.002162095406)
(1.859441562e-08 4.01757919e-19 -0.002162152875)
(1.362814941e-08 4.017271283e-19 -0.002162210484)
(8.715650322e-09 4.093391766e-19 -0.002162268023)
(3.965129274e-09 4.235664829e-19 -0.002162325314)
(-5.317791347e-10 4.404854993e-19 -0.002162382191)
(-4.692953567e-09 4.485575233e-19 -0.002162438506)
(-8.445358446e-09 4.605711854e-19 -0.002162494129)
(-1.172840271e-08 4.799550697e-19 -0.00216254894)
(-1.449102633e-08 5.062458127e-19 -0.002162602833)
(-1.670684353e-08 4.99335249e-19 -0.002162655712)
(-1.835670691e-08 4.95089808e-19 -0.002162707481)
(-1.944980421e-08 4.936426923e-19 -0.002162758061)
(-1.998822817e-08 5.012786373e-19 -0.002162807361)
(-2.000282058e-08 5.107360695e-19 -0.002162855311)
(-1.95218474e-08 5.209206399e-19 -0.002162901814)
(-1.85972044e-08 5.274046168e-19 -0.002162946804)
(-1.727656737e-08 5.352331504e-19 -0.00216299017)
(-1.563302601e-08 5.435266333e-19 -0.002163031837)
(-1.372883153e-08 5.507256974e-19 -0.002163071681)
(-1.164108669e-08 5.576920349e-19 -0.002163109614)
(-9.440927265e-09 5.647862933e-19 -0.002163145499)
(-7.213032537e-09 5.728426395e-19 -0.002163179226)
(-5.034242951e-09 5.715729813e-19 -0.002163210642)
(-2.985108203e-09 5.797193613e-19 -0.002163239612)
(-1.137453189e-09 5.933210965e-19 -0.00216326597)
(4.360358366e-10 5.952189847e-19 -0.00216328956)
(1.66792103e-09 6.04148005e-19 -0.002163310201)
(2.499031758e-09 6.037627072e-19 -0.00216332772)
(2.874525334e-09 6.081007601e-19 -0.002163341924)
(2.752264536e-09 6.077091962e-19 -0.002163352633)
(2.127553566e-09 6.042086981e-19 -0.002163359644)
(1.091782114e-09 6.027870852e-19 -0.002163362766)
(-2.05690017e-09 5.368428377e-20 -0.002161827482)
(-5.398644873e-09 8.338727654e-20 -0.002161832419)
(-8.775845627e-09 9.632162335e-20 -0.002161845124)
(-1.273606102e-08 1.685108425e-19 -0.002161863832)
(-1.721791642e-08 2.325359759e-19 -0.002161887953)
(-2.232469041e-08 2.625914782e-19 -0.002161916999)
(-2.814893052e-08 2.987172329e-19 -0.002161950475)
(-3.467154958e-08 3.59595292e-19 -0.002161987942)
(-4.182046971e-08 3.155960588e-19 -0.002162028988)
(-4.95944141e-08 3.961269054e-19 -0.002162073151)
(-5.798425025e-08 4.759995233e-19 -0.00216211995)
(-6.682909042e-08 5.01787873e-19 -0.002162169023)
(-7.60160532e-08 4.760895598e-19 -0.002162219986)
(-8.54694144e-08 4.892231701e-19 -0.002162272419)
(-9.500813274e-08 5.517099582e-19 -0.002162326024)
(-1.045368246e-07 5.515430562e-19 -0.00216238045)
(-1.13899428e-07 4.813833878e-19 -0.0021624354)
(-1.229259178e-07 4.470400199e-19 -0.002162490623)
(-1.314940272e-07 4.250066389e-19 -0.002162545847)
(-1.394546818e-07 4.001801103e-19 -0.002162600888)
(-1.466960948e-07 4.096919335e-19 -0.002162655511)
(-1.530980589e-07 4.475884247e-19 -0.002162709588)
(-1.585678523e-07 4.819314161e-19 -0.00216276293)
(-1.630190119e-07 4.794606073e-19 -0.002162815452)
(-1.66382139e-07 4.84817305e-19 -0.00216286701)
(-1.686040369e-07 4.967692488e-19 -0.002162917553)
(-1.696437535e-07 5.14805639e-19 -0.002162966972)
(-1.694915283e-07 5.004587516e-19 -0.002163015238)
(-1.681485557e-07 4.859958396e-19 -0.002163062266)
(-1.656430005e-07 4.704182055e-19 -0.002163108041)
(-1.620046961e-07 4.838039682e-19 -0.002163152495)
(-1.572942374e-07 4.950577154e-19 -0.00216319561)
(-1.515726003e-07 5.04258702e-19 -0.002163237326)
(-1.44925934e-07 5.117954071e-19 -0.002163277613)
(-1.374443463e-07 5.202108791e-19 -0.002163316408)
(-1.292378776e-07 5.282253277e-19 -0.002163353659)
(-1.204113125e-07 5.34263545e-19 -0.002163389293)
(-1.110773829e-07 5.394072565e-19 -0.002163423234)
(-1.013603456e-07 5.437649917e-19 -0.002163455389)
(-9.138512419e-08 5.467793545e-19 -0.002163485651)
(-8.12804106e-08 5.470267139e-19 -0.002163513904)
(-7.116572982e-08 5.557854709e-19 -0.002163540011)
(-6.116213716e-08 5.633036347e-19 -0.002163563829)
(-5.138303295e-08 5.76269895e-19 -0.002163585192)
(-4.193946466e-08 5.896031351e-19 -0.002163603932)
(-3.292942327e-08 5.936185816e-19 -0.002163619856)
(-2.444329041e-08 5.980775382e-19 -0.002163632774)
(-1.656214075e-08 6.026847383e-19 -0.002163642473)
(-9.33237095e-09 6.001109078e-19 -0.002163648744)
(-2.736458029e-09 5.990342595e-19 -0.002163651354)
(-1.083907825e-08 2.794750688e-20 -0.002162252015)
(-2.822779661e-08 -9.356014275e-21 -0.002162256805)
(-4.47612953e-08 -1.813001757e-19 -0.002162269736)
(-6.222868616e-08 1.293051268e-19 -0.002162288681)
(-7.99764918e-08 3.087282489e-19 -0.00216231301)
(-9.796841984e-08 2.881745389e-19 -0.002162342202)
(-1.161954265e-07 3.057105006e-19 -0.002162375786)
(-1.345949479e-07 3.350248482e-19 -0.002162413289)
(-1.531533039e-07 3.533342601e-19 -0.002162454191)
(-1.718594662e-07 3.800891745e-19 -0.00216249795)
(-1.90550474e-07 3.935846863e-19 -0.002162544127)
(-2.090615675e-07 4.753047611e-19 -0.002162592307)
(-2.273245646e-07 4.640153317e-19 -0.002162642008)
(-2.451437798e-07 4.657013282e-19 -0.002162692849)
(-2.62348222e-07 4.749163046e-19 -0.002162744468)
(-2.788083304e-07 4.753801853e-19 -0.002162796479)
(-2.943099969e-07 4.657587067e-19 -0.002162848627)
(-3.087064397e-07 4.605568416e-19 -0.002162900591)
(-3.218120491e-07 4.633498385e-19 -0.002162952151)
(-3.334953707e-07 4.765297168e-19 -0.002163003079)
(-3.436121649e-07 4.978355978e-19 -0.002163053197)
(-3.520429825e-07 4.828802887e-19 -0.002163102354)
(-3.586868266e-07 4.793255259e-19 -0.002163150421)
(-3.634566884e-07 4.780779661e-19 -0.002163197309)
(-3.662879907e-07 4.800382731e-19 -0.00216324294)
(-3.671357998e-07 4.849973675e-19 -0.002163287273)
(-3.659765604e-07 4.925387744e-19 -0.002163330268)
(-3.628161723e-07 5.024211455e-19 -0.002163371916)
(-3.576853082e-07 4.856339165e-19 -0.002163412209)
(-3.506303147e-07 4.780088309e-19 -0.002163451151)
(-3.417253446e-07 4.769778317e-19 -0.002163488757)
(-3.310553705e-07 4.783510788e-19 -0.002163525033)
(-3.187338817e-07 4.799842545e-19 -0.002163559999)
(-3.048776134e-07 4.785591012e-19 -0.00216359365)
(-2.896360282e-07 5.002742551e-19 -0.002163625998)
(-2.731552486e-07 5.216783183e-19 -0.002163657014)
(-2.556007725e-07 5.214548743e-19 -0.002163686694)
(-2.371352829e-07 5.246170178e-19 -0.00216371498)
(-2.17940984e-07 5.30123785e-19 -0.002163741834)
(-1.981942142e-07 5.379357399e-19 -0.002163767163)
(-1.780787873e-07 5.36980999e-19 -0.002163790892)
(-1.577696066e-07 5.378707383e-19 -0.002163812895)
(-1.374433144e-07 5.387639176e-19 -0.002163833053)
(-1.172699164e-07 5.485569717e-19 -0.002163851202)
(-9.741099689e-08 5.672293337e-19 -0.002163867183)
(-7.801676882e-08 5.77319813e-19 -0.002163880792)
(-5.922594588e-08 5.807098404e-19 -0.002163891836)
(-4.116921351e-08 5.775783983e-19 -0.002163900079)
(-2.395003257e-08 5.757661142e-19 -0.002163905292)
(-7.630783345e-09 5.750381427e-19 -0.002163907203)
(-2.193121011e-08 6.223467583e-20 -0.002162710216)
(-5.706155569e-08 1.113442295e-19 -0.002162714717)
(-9.024192491e-08 1.483079355e-19 -0.002162727691)
(-1.247993718e-07 1.730554673e-19 -0.002162746595)
(-1.592653732e-07 2.04490876e-19 -0.002162770805)
(-1.934117404e-07 2.448331445e-19 -0.002162799813)
(-2.271858712e-07 2.879346801e-19 -0.002162833092)
(-2.605706268e-07 3.319308009e-19 -0.002162870055)
(-2.935295673e-07 3.712796602e-19 -0.002162910101)
(-3.258957787e-07 3.936571188e-19 -0.002162952711)
(-3.574574693e-07 4.145825817e-19 -0.002162997421)
(-3.881134074e-07 4.146466871e-19 -0.002163043686)
(-4.176822216e-07 4.232292879e-19 -0.002163091031)
(-4.459201538e-07 4.305543083e-19 -0.002163139072)
(-4.726841492e-07 4.37069012e-19 -0.00216318735)
(-4.977303847e-07 4.417206663e-19 -0.002163235528)
(-5.208520936e-07 4.458057936e-19 -0.00216328329)
(-5.418689119e-07 4.533014146e-19 -0.00216333033)
(-5.605744865e-07 4.687963008e-19 -0.002163376439)
(-5.768186714e-07 4.99489285e-19 -0.002163421367)
(-5.904377282e-07 4.990019976e-19 -0.002163464995)
(-6.013130997e-07 4.762448588e-19 -0.002163507151)
(-6.093317262e-07 4.665386181e-19 -0.002163547783)
(-6.144147409e-07 4.628162835e-19 -0.002163586798)
(-6.165019534e-07 4.617269637e-19 -0.002163624202)
(-6.155608056e-07 4.611297151e-19 -0.002163659962)
(-6.115939821e-07 4.589601113e-19 -0.002163694133)
(-6.046299394e-07 4.525840945e-19 -0.002163726725)
(-5.947324571e-07 4.445497378e-19 -0.002163757823)
(-5.819777637e-07 4.588793974e-19 -0.002163787465)
(-5.664819162e-07 4.673352677e-19 -0.002163815758)
(-5.483723506e-07 4.737713178e-19 -0.002163842751)
(-5.278105896e-07 4.798330881e-19 -0.002163868547)
(-5.049695614e-07 4.85993421e-19 -0.002163893195)
(-4.800533266e-07 4.860267099e-19 -0.002163916777)
(-4.532667187e-07 4.854372598e-19 -0.002163939323)
(-4.248354144e-07 4.906280083e-19 -0.002163960881)
(-3.949893769e-07 4.96024988e-19 -0.002163981455)
(-3.639754766e-07 5.01334325e-19 -0.002164001045)
(-3.320375994e-07 5.066525512e-19 -0.002164019613)
(-2.994233552e-07 5.118115958e-19 -0.00216403711)
(-2.663781075e-07 5.172248721e-19 -0.00216405345)
(-2.331447958e-07 5.227337648e-19 -0.002164068529)
(-1.999633663e-07 5.279870716e-19 -0.002164082207)
(-1.670587693e-07 5.262624899e-19 -0.002164094326)
(-1.346458143e-07 5.294027232e-19 -0.002164104693)
(-1.029258767e-07 5.298230003e-19 -0.002164113097)
(-7.209067663e-08 5.340588382e-19 -0.002164119298)
(-4.232171312e-08 5.36439204e-19 -0.002164123037)
(-1.378091981e-08 5.374941316e-19 -0.002164124014)
(-3.584605889e-08 9.533174748e-20 -0.0021632113)
(-9.321931398e-08 2.310305895e-19 -0.002163215364)
(-1.47244078e-07 4.860708317e-19 -0.002163228216)
(-2.031648329e-07 2.078600772e-19 -0.002163246844)
(-2.584633633e-07 8.595494045e-20 -0.002163270618)
(-3.12755058e-07 1.908349211e-19 -0.002163298999)
(-3.660092385e-07 2.642831329e-19 -0.00216333134)
(-4.181627429e-07 3.346039685e-19 -0.002163366983)
(-4.690236039e-07 4.229703764e-19 -0.002163405338)
(-5.183394053e-07 4.115335803e-19 -0.002163445866)
(-5.65958233e-07 4.32879878e-19 -0.002163487969)
(-6.116963941e-07 3.637443245e-19 -0.002163531064)
(-6.552432232e-07 3.88539471e-19 -0.002163574696)
(-6.964015442e-07 4.009733591e-19 -0.002163618374)
(-7.34940006e-07 4.080582191e-19 -0.002163661649)
(-7.705594483e-07 4.130996998e-19 -0.002163704193)
(-8.030541682e-07 4.177718413e-19 -0.002163745617)
(-8.321638867e-07 4.215119674e-19 -0.002163785672)
(-8.577055769e-07 4.240143111e-19 -0.002163824103)
(-8.794802877e-07 4.220525349e-19 -0.002163860725)
(-8.973244107e-07 4.050507459e-19 -0.002163895401)
(-9.111055738e-07 4.224602326e-19 -0.002163928026)
(-9.207103489e-07 4.308368241e-19 -0.002163958565)
(-9.260645802e-07 4.363716057e-19 -0.002163986988)
(-9.271197054e-07 4.405165158e-19 -0.002164013344)
(-9.238642411e-07 4.430899514e-19 -0.002164037674)
(-9.16328751e-07 4.433445265e-19 -0.002164060084)
(-9.045753269e-07 4.405009886e-19 -0.002164080671)
(-8.887026419e-07 4.737526706e-19 -0.002164099579)
(-8.688319599e-07 4.699644267e-19 -0.002164116947)
(-8.45124783e-07 4.707350331e-19 -0.002164132935)
(-8.177677941e-07 4.745035312e-19 -0.002164147699)
(-7.869753169e-07 4.81027285e-19 -0.002164161398)
(-7.529944073e-07 4.909198423e-19 -0.002164174186)
(-7.160883302e-07 4.742467327e-19 -0.002164186196)
(-6.765433134e-07 4.55609868e-19 -0.002164197561)
(-6.346495991e-07 4.575686646e-19 -0.002164208377)
(-5.907239277e-07 4.670858257e-19 -0.002164218737)
(-5.450843136e-07 4.719144142e-19 -0.002164228682)
(-4.980614085e-07 4.73307512e-19 -0.002164238252)
(-4.499805543e-07 4.843356403e-19 -0.002164247428)
(-4.01171581e-07 4.948298264e-19 -0.002164256183)
(-3.519589971e-07 5.057941958e-19 -0.00216426443)
(-3.026623993e-07 5.075141292e-19 -0.002164272073)
(-2.535874915e-07 4.992231877e-19 -0.002164278955)
(-2.050259268e-07 4.998144899e-19 -0.002164284908)
(-1.572565846e-07 4.983052697e-19 -0.002164289707)
(-1.105431569e-07 5.038105372e-19 -0.002164293114)
(-6.516799971e-08 5.071303914e-19 -0.002164294844)
(-2.142081445e-08 5.086017069e-19 -0.002164294578)
(-5.316561101e-08 6.524659489e-20 -0.002163766495)
(-1.382084348e-07 1.211604554e-19 -0.002163769975)
(-2.181199196e-07 1.516988092e-19 -0.002163782532)
(-3.005668734e-07 1.286653657e-19 -0.00216380057)
(-3.817694706e-07 1.454798454e-19 -0.002163823431)
(-4.611619816e-07 1.7720849e-19 -0.002163850493)
(-5.386622801e-07 2.308435583e-19 -0.002163881056)
(-6.140477053e-07 2.737763889e-19 -0.002163914463)
(-6.870210348e-07 3.043963274e-19 -0.002163950095)
(-7.573608399e-07 3.490309234e-19 -0.002163987286)
(-8.248587475e-07 3.697924305e-19 -0.002164025353)
(-8.891642723e-07 3.740929549e-19 -0.002164063747)
(-9.49973833e-07 3.854232705e-19 -0.002164101931)
(-1.007043244e-06 3.86418182e-19 -0.002164139336)
(-1.060005395e-06 3.85915233e-19 -0.002164175566)
(-1.108593403e-06 3.86535035e-19 -0.002164210209)
(-1.15253004e-06 3.929525386e-19 -0.002164242911)
(-1.191522949e-06 3.931128283e-19 -0.00216427342)
(-1.225360529e-06 3.922117237e-19 -0.002164301467)
(-1.253813682e-06 3.919101703e-19 -0.002164326935)
(-1.276721617e-06 3.925330118e-19 -0.002164349673)
(-1.293930087e-06 3.977207514e-19 -0.002164369667)
(-1.30534183e-06 4.039692489e-19 -0.002164386886)
(-1.310882968e-06 4.141669331e-19 -0.00216440141)
(-1.31052772e-06 4.246136534e-19 -0.002164413309)
(-1.304292414e-06 4.339915397e-19 -0.002164422744)
(-1.292239696e-06 4.402455053e-19 -0.002164429859)
(-1.274477028e-06 4.486833849e-19 -0.002164434878)
(-1.251142406e-06 4.656970574e-19 -0.002164438003)
(-1.222422269e-06 4.607345793e-19 -0.002164439499)
(-1.188532559e-06 4.604671442e-19 -0.002164439593)
(-1.149733537e-06 4.621465869e-19 -0.002164438568)
(-1.106309278e-06 4.64641671e-19 -0.002164436654)
(-1.05858821e-06 4.678021817e-19 -0.002164434126)
(-1.006910593e-06 4.685520405e-19 -0.002164431193)
(-9.516479971e-07 4.688143674e-19 -0.002164428099)
(-8.931833022e-07 4.707766632e-19 -0.002164425017)
(-8.319263569e-07 4.669034318e-19 -0.00216442213)
(-7.682907091e-07 4.630350308e-19 -0.002164419557)
(-7.027029339e-07 4.573537595e-19 -0.002164417408)
(-6.355867626e-07 4.596014353e-19 -0.002164415729)
(-5.673712067e-07 4.67947029e-19 -0.00216441455)
(-4.984812851e-07 4.716534328e-19 -0.002164413833)
(-4.293323656e-07 4.780884203e-19 -0.002164413518)
(-3.603289202e-07 4.817673003e-19 -0.002164413479)
(-2.918589038e-07 4.851111511e-19 -0.002164413566)
(-2.242949031e-07 4.884141897e-19 -0.002164413565)
(-1.579914182e-07 4.914933794e-19 -0.002164413238)
(-9.334915954e-08 4.937216019e-19 -0.002164412286)
(-3.083516373e-08 4.948117564e-19 -0.002164410376)
(-1.714927356e-06 3.587162026e-19 -0.002164826787)
(-1.743895969e-06 3.650760775e-19 -0.002164833973)
(-1.765162773e-06 3.686309743e-19 -0.002164837554)
(-1.778635252e-06 3.627684138e-19 -0.002164837568)
(-1.784256198e-06 3.907975783e-19 -0.002164834173)
(-1.782026464e-06 4.121546539e-19 -0.002164827519)
(-1.772000436e-06 4.358988686e-19 -0.002164817863)
(-1.754285087e-06 4.255653029e-19 -0.002164805444)
(-1.729037971e-06 4.178950149e-19 -0.002164790596)
(-1.696457444e-06 4.088304532e-19 -0.002164773628)
(-1.656800245e-06 4.276567688e-19 -0.002164754918)
(-1.610356394e-06 4.388983415e-19 -0.002164734817)
(-1.557468178e-06 4.446917853e-19 -0.002164713717)
(-1.498511115e-06 4.443047629e-19 -0.002164691981)
(-1.433904994e-06 4.557358953e-19 -0.002164669985)
(-1.364089551e-06 4.636681403e-19 -0.002164648074)
(-1.289534453e-06 4.699126316e-19 -0.002164626586)
(-1.21073772e-06 4.75507317e-19 -0.00216460582)
(-1.12821647e-06 4.647715547e-19 -0.002164586045)
(-1.042502252e-06 4.638866457e-19 -0.002164567493)
(-9.541344702e-07 4.717222866e-19 -0.002164550349)
(-8.636578277e-07 4.761548884e-19 -0.002164534757)
(-7.716197733e-07 4.726597258e-19 -0.002164520802)
(-6.785671778e-07 4.66742725e-19 -0.002164508529)
(-5.850344196e-07 4.686471699e-19 -0.002164497915)
(-4.915461616e-07 4.662684738e-19 -0.002164488895)
(-3.986110333e-07 4.700398778e-19 -0.002164481338)
(-3.067145023e-07 4.794345001e-19 -0.002164475064)
(-2.163275192e-07 4.85515332e-19 -0.002164469835)
(-1.279961342e-07 4.894946988e-19 -0.002164465367)
(-4.24081044e-08 4.914225701e-19 -0.002164461302)
)
;

boundaryField
{
    front_top
    {
        type            wedge;
    }
    front_middle
    {
        type            wedge;
    }
    front_bottom
    {
        type            wedge;
    }
    back_top
    {
        type            wedge;
    }
    back_middle
    {
        type            wedge;
    }
    back_bottom
    {
        type            wedge;
    }
    axis_top
    {
        type            symmetryPlane;
    }
    axis_middle
    {
        type            symmetryPlane;
    }
    axis_bottom
    {
        type            symmetryPlane;
    }
    wall_top
    {
        type            slip;
    }
    wall_middle
    {
        type            noSlip;
    }
    wall_bottom
    {
        type            noSlip;
    }
    inlet
    {
        type            fixedValue;
        value           nonuniform 0();
    }
    outlet
    {
        type            zeroGradient;
    }
    procBoundary7to6
    {
        type            processor;
        value           nonuniform List<vector> 
51
(
(-7.459760331e-08 4.928058067e-20 -0.002164389241)
(-1.938745074e-07 6.12673783e-20 -0.002164391927)
(-3.058215949e-07 -4.114256412e-20 -0.002164403912)
(-4.211208085e-07 2.5761751e-21 -0.002164420851)
(-5.344447739e-07 1.852612945e-19 -0.00216444209)
(-6.449235317e-07 1.178534503e-19 -0.002164466971)
(-7.523283526e-07 2.089403679e-19 -0.002164494793)
(-8.563287177e-07 2.285073865e-19 -0.002164524854)
(-9.566175173e-07 2.152996193e-19 -0.002164556406)
(-1.052925258e-06 3.29681501e-19 -0.002164588675)
(-1.144852608e-06 3.392421753e-19 -0.002164620989)
(-1.231980224e-06 3.67828825e-19 -0.002164652749)
(-1.314021524e-06 4.077784805e-19 -0.0021646833)
(-1.390569921e-06 3.771117183e-19 -0.002164712113)
(-1.461217369e-06 3.619874821e-19 -0.002164738746)
(-1.525659185e-06 3.451711848e-19 -0.00216476273)
(-1.583519908e-06 3.863594957e-19 -0.002164783778)
(-1.634531947e-06 3.680529884e-19 -0.002164801587)
(-1.678411818e-06 3.584684969e-19 -0.002164815965)
(-1.678411818e-06 3.584684969e-19 -0.002164815965)
(-2.281372115e-06 3.064478171e-19 -0.002165368364)
(-2.317604952e-06 3.462578766e-19 -0.002165355615)
(-2.34369091e-06 3.711171729e-19 -0.002165338213)
(-2.359531121e-06 3.889586104e-19 -0.002165316331)
(-2.365104218e-06 3.905932212e-19 -0.002165290175)
(-2.360440414e-06 3.907476238e-19 -0.002165260038)
(-2.345644848e-06 3.900137522e-19 -0.002165226251)
(-2.320880687e-06 3.937708526e-19 -0.002165189211)
(-2.28636646e-06 3.847163685e-19 -0.002165149342)
(-2.242381157e-06 4.044930189e-19 -0.00216510712)
(-2.189258826e-06 4.21840395e-19 -0.002165063025)
(-2.127389018e-06 4.388236591e-19 -0.002165017581)
(-2.057205328e-06 4.577928185e-19 -0.002164971289)
(-1.979199694e-06 4.6305218e-19 -0.002164924684)
(-1.893895245e-06 4.639219102e-19 -0.002164878257)
(-1.801857841e-06 4.667379064e-19 -0.002164832519)
(-1.703678396e-06 4.697411532e-19 -0.002164787918)
(-1.599987815e-06 4.708200473e-19 -0.002164744906)
(-1.491433232e-06 4.817300441e-19 -0.00216470386)
(-1.378685419e-06 4.913556647e-19 -0.002164665149)
(-1.26242174e-06 5.03753502e-19 -0.002164629055)
(-1.143332259e-06 4.956943541e-19 -0.002164595842)
(-1.022110127e-06 4.922872409e-19 -0.002164565675)
(-8.994470603e-07 4.912971123e-19 -0.002164538698)
(-7.760262898e-07 4.922816066e-19 -0.002164514953)
(-6.525195647e-07 4.928919769e-19 -0.002164494449)
(-5.295857129e-07 4.987705929e-19 -0.002164477096)
(-4.07847606e-07 4.991106815e-19 -0.002164462764)
(-2.879202195e-07 4.973026806e-19 -0.002164451233)
(-1.705295014e-07 5.025761903e-19 -0.002164442243)
(-5.661919375e-08 5.051459818e-19 -0.002164435421)
)
;
    }
    procBoundary7to8
    {
        type            processor;
        value           nonuniform List<vector> 
51
(
(1.811516726e-08 -9.361155877e-19 -0.002154310296)
(4.717990436e-08 -2.04315224e-19 -0.002154313004)
(7.43101407e-08 3.263633947e-19 -0.002154318813)
(1.017983632e-07 1.339637959e-19 -0.002154327437)
(1.283904565e-07 1.329381534e-19 -0.002154338703)
(1.537577642e-07 1.952238783e-19 -0.002154352472)
(1.77799404e-07 2.940402534e-19 -0.002154368602)
(2.004613809e-07 2.389034803e-19 -0.00215438701)
(2.21687536e-07 4.881732769e-20 -0.002154407593)
(2.413947946e-07 6.371644635e-20 -0.002154430246)
(2.59541597e-07 1.357755428e-19 -0.002154454865)
(2.761156713e-07 1.924698654e-19 -0.002154481361)
(2.910756395e-07 1.663083162e-19 -0.00215450963)
(3.044409632e-07 1.55206958e-19 -0.002154539592)
(3.162179329e-07 1.513199201e-19 -0.002154571156)
(3.264042271e-07 1.464927093e-19 -0.002154604218)
(3.350185672e-07 1.484489037e-19 -0.002154638685)
(3.420720907e-07 1.525345745e-19 -0.00215467444)
(3.476023992e-07 1.994207787e-19 -0.002154711395)
(3.516419657e-07 2.297799996e-19 -0.002154749427)
(3.542248757e-07 2.790465807e-19 -0.002154788438)
(3.553954433e-07 2.832379601e-19 -0.002154828296)
(3.55192467e-07 3.010376081e-19 -0.002154868896)
(3.536724086e-07 2.81806005e-19 -0.002154910099)
(3.508795183e-07 2.724581657e-19 -0.002154951788)
(3.46866301e-07 2.695523708e-19 -0.00215499382)
(3.416690956e-07 2.940014296e-19 -0.002155036057)
(3.353391709e-07 3.05104384e-19 -0.002155078355)
(3.279445636e-07 3.043864776e-19 -0.002155120563)
(3.195312632e-07 2.907404468e-19 -0.002155162535)
(3.101635936e-07 2.811991722e-19 -0.002155204105)
(2.998755472e-07 2.567953804e-19 -0.002155245123)
(2.887279876e-07 2.621648399e-19 -0.00215528542)
(2.767556991e-07 2.66069641e-19 -0.002155324841)
(2.640119534e-07 2.698930811e-19 -0.002155363216)
(2.505492776e-07 2.744361254e-19 -0.00215540038)
(2.402105612e-07 2.862128789e-19 -0.002155933444)
(2.402105612e-07 2.862128789e-19 -0.002155933444)
(2.251695527e-07 3.076337611e-19 -0.002155968057)
(2.095359826e-07 3.178171575e-19 -0.002156000925)
(1.933523008e-07 3.176891581e-19 -0.002156031886)
(1.766717242e-07 3.161593701e-19 -0.002156060773)
(1.595256926e-07 3.152063464e-19 -0.002156087432)
(1.4195979e-07 3.147922707e-19 -0.0021561117)
(1.240017079e-07 3.15099071e-19 -0.00215613343)
(1.056928036e-07 3.165320743e-19 -0.002156152465)
(8.706276704e-08 3.198785679e-19 -0.002156168669)
(6.81409151e-08 3.156579723e-19 -0.002156181895)
(4.895429213e-08 3.097690246e-19 -0.002156192015)
(2.960593181e-08 3.104650432e-19 -0.002156198893)
(1.03516084e-08 3.079100156e-19 -0.002156202408)
)
;
    }
}


// ************************************************************************* //
