/*--------------------------------*- C++ -*----------------------------------*\
  =========                 |
  \\      /  F ield         | OpenFOAM: The Open Source CFD Toolbox
   \\    /   O peration     | Website:  https://openfoam.org
    \\  /    A nd           | Version:  7
     \\/     M anipulation  |
\*---------------------------------------------------------------------------*/
FoamFile
{
    version     2.0;
    format      ascii;
    class       volVectorField;
    location    "0.0015";
    object      U;
}
// * * * * * * * * * * * * * * * * * * * * * * * * * * * * * * * * * * * * * //

dimensions      [0 1 -1 0 0 0 0];

internalField   nonuniform List<vector> 
1167
(
(-7.459761898e-08 5.257691737e-20 -0.002164389241)
(-1.938745481e-07 6.791343233e-20 -0.002164391928)
(-3.058216588e-07 -3.172745478e-20 -0.002164403913)
(-4.21120896e-07 1.647675788e-20 -0.002164420852)
(-5.344448842e-07 1.894247232e-19 -0.002164442091)
(-6.449236638e-07 1.236054107e-19 -0.002164466971)
(-7.523285053e-07 2.124364155e-19 -0.002164494794)
(-8.563288898e-07 2.341835066e-19 -0.002164524854)
(-9.566177075e-07 2.280563971e-19 -0.002164556407)
(-1.052925465e-06 3.365777295e-19 -0.002164588675)
(-1.144852831e-06 3.448989604e-19 -0.002164620989)
(-1.23198046e-06 3.758062726e-19 -0.00216465275)
(-1.314021773e-06 4.1220457e-19 -0.0021646833)
(-1.390570181e-06 3.772411372e-19 -0.002164712113)
(-1.461217638e-06 3.57147039e-19 -0.002164738747)
(-1.525659463e-06 3.356157055e-19 -0.002164762731)
(-1.583520193e-06 3.81471367e-19 -0.002164783778)
(-1.634532237e-06 3.663038112e-19 -0.002164801587)
(-1.678412112e-06 3.584095182e-19 -0.002164815965)
(-1.010359956e-07 1.065353216e-19 -0.002165095274)
(-2.625393724e-07 2.460920285e-19 -0.002165096869)
(-4.140252239e-07 4.431535793e-19 -0.002165107878)
(-5.698899565e-07 2.786234594e-19 -0.002165123079)
(-7.228189323e-07 3.181080101e-20 -0.002165141869)
(-8.715320057e-07 2.073820819e-19 -0.002165163613)
(-1.015699123e-06 2.953298553e-19 -0.002165187541)
(-1.154949132e-06 2.454340764e-19 -0.002165212819)
(-1.288904371e-06 2.630998365e-19 -0.002165238578)
(-1.417095426e-06 2.310398774e-19 -0.002165264027)
(-1.538983821e-06 2.753978069e-19 -0.002165288469)
(-1.654167009e-06 3.727246759e-19 -0.002165311164)
(-1.762206291e-06 3.672996348e-19 -0.002165331435)
(-1.862559695e-06 3.428756225e-19 -0.002165348777)
(-1.954840071e-06 3.521949486e-19 -0.002165362649)
(-2.038612483e-06 3.772608644e-19 -0.002165372634)
(-2.113461947e-06 3.413777101e-19 -0.002165378425)
(-2.179075831e-06 3.249834017e-19 -0.002165379722)
(-2.235122943e-06 2.994733867e-19 -0.002165376412)
(-2.28137247e-06 3.091165238e-19 -0.002165368364)
(-2.317605309e-06 3.49109578e-19 -0.002165355615)
(-2.343691267e-06 3.751929259e-19 -0.002165338213)
(-2.359531477e-06 3.961006563e-19 -0.002165316331)
(-2.365104571e-06 3.967398098e-19 -0.002165290175)
(-2.360440762e-06 3.973557461e-19 -0.002165260038)
(-2.34564519e-06 3.97715097e-19 -0.002165226251)
(-2.320881023e-06 4.070526094e-19 -0.002165189211)
(-2.286366788e-06 4.024714738e-19 -0.002165149342)
(-2.242381476e-06 4.203385923e-19 -0.00216510712)
(-2.189259135e-06 4.346157569e-19 -0.002165063025)
(-2.127389316e-06 4.491232966e-19 -0.002165017581)
(-2.057205614e-06 4.661269837e-19 -0.002164971289)
(-1.979199967e-06 4.694725878e-19 -0.002164924684)
(-1.893895505e-06 4.693677355e-19 -0.002164878257)
(-1.801858088e-06 4.713386696e-19 -0.002164832519)
(-1.703678628e-06 4.739650039e-19 -0.002164787917)
(-1.599988032e-06 4.758039287e-19 -0.002164744906)
(-1.491433434e-06 4.899675889e-19 -0.00216470386)
(-1.378685606e-06 5.049552912e-19 -0.002164665149)
(-1.262421911e-06 5.167739093e-19 -0.002164629055)
(-1.143332413e-06 5.067289814e-19 -0.002164595841)
(-1.022110265e-06 5.014673064e-19 -0.002164565675)
(-8.994471814e-07 4.99632319e-19 -0.002164538698)
(-7.760263943e-07 5.00892708e-19 -0.002164514953)
(-6.525196526e-07 5.030686221e-19 -0.002164494448)
(-5.295857843e-07 5.081829182e-19 -0.002164477095)
(-4.07847661e-07 5.046321059e-19 -0.002164462764)
(-2.879202584e-07 4.98161968e-19 -0.002164451233)
(-1.705295245e-07 5.053868032e-19 -0.002164442243)
(-5.661920143e-08 5.085375082e-19 -0.00216443542)
(-1.335813476e-07 1.08234727e-19 -0.002165903182)
(-3.470429193e-07 2.585725696e-19 -0.002165903345)
(-5.471529953e-07 5.070321644e-19 -0.002165912933)
(-7.528784837e-07 6.537321909e-19 -0.002165925703)
(-9.544193195e-07 2.376673992e-19 -0.002165941135)
(-1.150061284e-06 2.870462061e-19 -0.00216595857)
(-1.339420178e-06 2.22428974e-19 -0.002165977102)
(-1.522023055e-06 1.281039096e-19 -0.002165995773)
(-1.697275674e-06 7.40322602e-20 -0.002166013675)
(-1.864511489e-06 3.190140309e-20 -0.002166029996)
(-2.02316805e-06 9.201654905e-20 -0.002166043906)
(-2.172724859e-06 1.218891414e-19 -0.002166054576)
(-2.312531128e-06 1.61966659e-19 -0.002166061371)
(-2.442023141e-06 2.2883816e-19 -0.002166063694)
(-2.560705046e-06 3.054807457e-19 -0.00216606098)
(-2.668020906e-06 3.286477747e-19 -0.002166052872)
(-2.763563043e-06 2.804542943e-19 -0.002166039012)
(-2.846912109e-06 3.086512558e-19 -0.002166019191)
(-2.917724886e-06 3.364725445e-19 -0.002165993302)
(-2.97573353e-06 3.581182971e-19 -0.002165961301)
(-3.020714029e-06 3.71431185e-19 -0.002165923301)
(-3.052538873e-06 3.941448342e-19 -0.00216587943)
(-3.071128877e-06 4.35771662e-19 -0.002165829986)
(-3.076495792e-06 3.995517414e-19 -0.002165775261)
(-3.068719529e-06 3.797555316e-19 -0.002165715707)
(-3.047963945e-06 3.628951826e-19 -0.002165651755)
(-3.014461753e-06 3.816333396e-19 -0.002165583978)
(-2.968512339e-06 3.982370351e-19 -0.002165512924)
(-2.910490532e-06 4.079556065e-19 -0.002165439249)
(-2.840830093e-06 4.20514392e-19 -0.002165363573)
(-2.760033601e-06 4.36818055e-19 -0.002165286603)
(-2.66865688e-06 4.599712965e-19 -0.002165208995)
(-2.567320919e-06 4.687080403e-19 -0.002165131459)
(-2.456682646e-06 4.685252935e-19 -0.002165054649)
(-2.337451303e-06 4.737321327e-19 -0.002164979246)
(-2.210369059e-06 4.824588866e-19 -0.00216490586)
(-2.076223057e-06 4.941810635e-19 -0.002164835102)
(-1.93582144e-06 5.088547689e-19 -0.002164767509)
(-1.790000582e-06 5.117218703e-19 -0.00216470359)
(-1.639608221e-06 5.025080973e-19 -0.002164643777)
(-1.485510199e-06 4.91214006e-19 -0.002164588457)
(-1.328578585e-06 4.99890269e-19 -0.002164537931)
(-1.16968292e-06 5.057194401e-19 -0.002164492444)
(-1.009688573e-06 5.2275549e-19 -0.002164452151)
(-8.494503405e-07 5.440718625e-19 -0.002164417142)
(-6.898092698e-07 5.485478525e-19 -0.002164387407)
(-5.315609902e-07 5.411257082e-19 -0.002164362871)
(-3.75493357e-07 5.428936766e-19 -0.002164343362)
(-2.225586369e-07 5.455415212e-19 -0.002164328647)
(-7.399737225e-08 5.480127293e-19 -0.002164318357)
(-1.735176866e-07 4.068368191e-20 -0.002166835306)
(-4.507126644e-07 4.052326044e-20 -0.002166833671)
(-7.104270081e-07 -4.996185214e-20 -0.002166841352)
(-9.772609735e-07 1.550127642e-19 -0.00216685087)
(-1.23839904e-06 3.129120829e-19 -0.002166861788)
(-1.491617452e-06 9.792694879e-20 -0.002166873377)
(-1.736437566e-06 -7.76256461e-20 -0.002166884618)
(-1.97215467e-06 -5.151914535e-20 -0.002166894492)
(-2.197920943e-06 -9.872123574e-20 -0.002166902061)
(-2.412974358e-06 -5.439156633e-20 -0.002166906389)
(-2.61666432e-06 -5.011209763e-20 -0.002166906507)
(-2.808213476e-06 -1.111693813e-19 -0.002166901601)
(-2.986839408e-06 -5.001344662e-20 -0.00216689099)
(-3.151932645e-06 6.462851175e-20 -0.002166873983)
(-3.302807464e-06 1.363242484e-19 -0.002166850081)
(-3.438856454e-06 1.953241093e-19 -0.002166818895)
(-3.559582455e-06 2.354414647e-19 -0.002166780089)
(-3.664485676e-06 2.858684948e-19 -0.00216673355)
(-3.753212179e-06 3.582047559e-19 -0.00216667918)
(-3.825430849e-06 4.012143204e-19 -0.002166617081)
(-3.880946256e-06 3.653583511e-19 -0.002166547408)
(-3.919617221e-06 3.514312923e-19 -0.002166470456)
(-3.941405795e-06 3.462818e-19 -0.00216638661)
(-3.946358303e-06 3.480402249e-19 -0.002166296342)
(-3.934623021e-06 3.50541643e-19 -0.00216620022)
(-3.906434269e-06 3.554390253e-19 -0.002166098871)
(-3.862113481e-06 3.625220901e-19 -0.00216599301)
(-3.802061932e-06 3.857382483e-19 -0.00216588339)
(-3.726770332e-06 3.830302841e-19 -0.002165770827)
(-3.636799013e-06 3.895587251e-19 -0.002165656158)
(-3.532785486e-06 3.968829119e-19 -0.002165540256)
(-3.415438083e-06 4.020605087e-19 -0.002165424001)
(-3.285530078e-06 4.24746538e-19 -0.002165308275)
(-3.143886689e-06 4.42017507e-19 -0.002165193958)
(-2.991387523e-06 4.574586724e-19 -0.002165081903)
(-2.828961417e-06 4.727118985e-19 -0.002164972941)
(-2.657581831e-06 4.881814102e-19 -0.002164867851)
(-2.478257975e-06 4.866450322e-19 -0.002164767382)
(-2.292024126e-06 4.956283301e-19 -0.002164672206)
(-2.099939448e-06 5.012642543e-19 -0.002164582951)
(-1.903081847e-06 5.198457409e-19 -0.002164500152)
(-1.702541054e-06 5.203900714e-19 -0.002164424288)
(-1.499406903e-06 5.246957282e-19 -0.002164355733)
(-1.294764118e-06 5.239743441e-19 -0.002164294792)
(-1.08969432e-06 5.250877313e-19 -0.002164241655)
(-8.852566653e-07 5.139031279e-19 -0.002164196432)
(-6.824611663e-07 5.096086197e-19 -0.002164159115)
(-4.823019075e-07 5.170853399e-19 -0.00216412961)
(-2.860112796e-07 5.061023177e-19 -0.002164107719)
(-9.517576974e-08 5.007229977e-19 -0.002164093102)
(-2.223845463e-07 2.081137607e-20 -0.002167918428)
(-5.775449099e-07 -1.334498567e-20 -0.002167914531)
(-9.101768762e-07 -1.052754672e-19 -0.002167919675)
(-1.251800834e-06 -2.856481387e-19 -0.002167924863)
(-1.585902944e-06 -4.001701111e-20 -0.002167929759)
(-1.909622574e-06 -5.841275017e-20 -0.002167933604)
(-2.222276593e-06 -1.648204418e-19 -0.002167935306)
(-2.52287712e-06 -1.018843564e-19 -0.002167933797)
(-2.81039635e-06 -8.74550781e-20 -0.002167928009)
(-3.083966493e-06 -7.711088817e-20 -0.002167916833)
(-3.342660517e-06 -8.416225561e-20 -0.002167899259)
(-3.585458254e-06 -9.610867223e-20 -0.002167874469)
(-3.81152427e-06 -1.086360532e-19 -0.002167841654)
(-4.020039694e-06 -3.076597515e-20 -0.002167800127)
(-4.210154649e-06 8.220661572e-21 -0.002167749429)
(-4.381218079e-06 1.120910399e-19 -0.002167689126)
(-4.532575211e-06 1.552136334e-19 -0.002167618998)
(-4.663689268e-06 1.984392716e-19 -0.002167538956)
(-4.77413698e-06 2.3645039e-19 -0.002167449011)
(-4.863565241e-06 2.604336599e-19 -0.002167349383)
(-4.931769233e-06 2.960976194e-19 -0.002167240324)
(-4.978615095e-06 2.794621204e-19 -0.002167122317)
(-5.004110375e-06 2.611703176e-19 -0.002166995861)
(-5.00835494e-06 2.888857697e-19 -0.002166861648)
(-4.991580369e-06 3.076936976e-19 -0.002166720384)
(-4.954112893e-06 3.217438116e-19 -0.002166572939)
(-4.896386416e-06 3.324894828e-19 -0.002166420187)
(-4.818932835e-06 3.400268954e-19 -0.002166263136)
(-4.722382774e-06 3.357081043e-19 -0.00216610278)
(-4.607456544e-06 3.549424699e-19 -0.002165940219)
(-4.474959602e-06 3.608435439e-19 -0.00216577652)
(-4.325785969e-06 3.522307658e-19 -0.002165612824)
(-4.160895883e-06 3.984769886e-19 -0.002165450225)
(-3.981321565e-06 4.196446508e-19 -0.00216528986)
(-3.788153259e-06 4.382774107e-19 -0.002165132797)
(-3.582546981e-06 4.567170054e-19 -0.002164980121)
(-3.365703939e-06 4.76614893e-19 -0.002164832828)
(-3.138873455e-06 4.843519714e-19 -0.002164691911)
(-2.903336501e-06 4.95305371e-19 -0.002164558256)
(-2.660408346e-06 5.107764417e-19 -0.00216443272)
(-2.411427719e-06 5.18819363e-19 -0.002164316038)
(-2.157747025e-06 5.178026929e-19 -0.002164208897)
(-1.900724036e-06 5.208871139e-19 -0.002164111849)
(-1.64171347e-06 5.13350195e-19 -0.002164025376)
(-1.382067416e-06 5.063430383e-19 -0.002163949812)
(-1.123106765e-06 4.972904478e-19 -0.002163885408)
(-8.660982684e-07 4.974332543e-19 -0.002163832257)
(-6.122816004e-07 4.849957264e-19 -0.00216379036)
(-3.632250963e-07 4.657333565e-19 -0.002163759575)
(-1.209250125e-07 4.597908391e-19 -0.002163739605)
(-2.820616462e-07 2.492483762e-20 -0.002169184248)
(-7.324048122e-07 2.028643649e-21 -0.002169177491)
(-1.154065078e-06 -4.160090181e-20 -0.002169179266)
(-1.587068873e-06 -8.143678568e-20 -0.002169178773)
(-2.010311968e-06 -5.04985893e-20 -0.002169175833)
(-2.420087716e-06 -5.949601251e-20 -0.002169169716)
(-2.815481889e-06 -8.472248496e-20 -0.002169159248)
(-3.195268741e-06 -7.744277502e-20 -0.002169143216)
(-3.558250601e-06 -6.924668985e-20 -0.002169120362)
(-3.903253956e-06 -6.993351007e-20 -0.002169089469)
(-4.229007133e-06 -1.122559228e-19 -0.002169049534)
(-4.534360772e-06 -7.967872685e-20 -0.002168999617)
(-4.818290856e-06 -7.436905867e-20 -0.002168938823)
(-5.07970418e-06 -4.677902322e-20 -0.002168866535)
(-5.317663317e-06 -2.704777573e-20 -0.002168782247)
(-5.531345143e-06 -2.188641962e-20 -0.002168685571)
(-5.719955824e-06 6.334930989e-20 -0.002168576397)
(-5.882911521e-06 1.154613746e-19 -0.002168454669)
(-6.019680292e-06 1.425395429e-19 -0.002168320583)
(-6.129922071e-06 1.422611339e-19 -0.002168174444)
(-6.213396292e-06 1.805809731e-19 -0.002168016718)
(-6.270000928e-06 2.082605853e-19 -0.002167848032)
(-6.29978383e-06 2.289683339e-19 -0.002167669104)
(-6.302927891e-06 2.508831013e-19 -0.002167480824)
(-6.279759105e-06 2.737377304e-19 -0.002167284128)
(-6.230726645e-06 2.943630793e-19 -0.002167080117)
(-6.15640293e-06 3.133871905e-19 -0.002166869916)
(-6.057486755e-06 3.324709824e-19 -0.002166654779)
(-5.934782826e-06 3.534685954e-19 -0.002166435964)
(-5.789210398e-06 3.571933141e-19 -0.002166214834)
(-5.621785924e-06 3.632382416e-19 -0.002165992731)
(-5.433630502e-06 3.704574011e-19 -0.002165771064)
(-5.225938895e-06 3.800876678e-19 -0.002165551214)
(-4.999995852e-06 3.992032454e-19 -0.002165334588)
(-4.757153952e-06 4.147679899e-19 -0.002165122546)
(-4.498844935e-06 4.280695007e-19 -0.002164916444)
(-4.226551671e-06 4.384801253e-19 -0.002164717572)
(-3.941815175e-06 4.595574082e-19 -0.002164527188)
(-3.646218936e-06 4.676445185e-19 -0.002164346465)
(-3.341388863e-06 4.799070799e-19 -0.002164176513)
(-3.028980128e-06 4.899341727e-19 -0.002164018341)
(-2.710664389e-06 4.92171849e-19 -0.002163872868)
(-2.388121622e-06 4.953120608e-19 -0.00216374089)
(-2.06303438e-06 4.982958829e-19 -0.00216362309)
(-1.737077062e-06 5.018853342e-19 -0.002163520005)
(-1.411889325e-06 5.061594483e-19 -0.002163432041)
(-1.089041913e-06 5.131377922e-19 -0.002163359438)
(-7.700729487e-07 5.089877325e-19 -0.002163302304)
(-4.569465968e-07 5.07174057e-19 -0.002163260584)
(-1.521534366e-07 5.004912063e-19 -0.002163234028)
(-3.548027631e-07 3.137563549e-20 -0.002170670152)
(-9.211376438e-07 2.312963042e-20 -0.00217065983)
(-1.451295011e-06 1.228134709e-21 -0.00217065726)
(-1.995671428e-06 -1.538070655e-20 -0.00217064951)
(-2.527501394e-06 -1.973662995e-20 -0.002170636663)
(-3.042076813e-06 -3.352091613e-20 -0.002170617995)
(-3.538287261e-06 -5.168143694e-20 -0.002170592173)
(-4.014657292e-06 -5.627926621e-20 -0.002170557775)
(-4.469640673e-06 -3.756624372e-20 -0.002170513398)
(-4.901630091e-06 1.636759897e-20 -0.002170457801)
(-5.309088262e-06 -6.902778382e-21 -0.002170389861)
(-5.690697006e-06 -7.731201751e-21 -0.00217030849)
(-6.045086695e-06 -8.013676535e-20 -0.00217021282)
(-6.370926798e-06 -4.58934406e-20 -0.002170102228)
(-6.667137164e-06 -3.073864493e-20 -0.002169976174)
(-6.932647883e-06 -3.524611911e-20 -0.002169834409)
(-7.16657145e-06 3.68692063e-20 -0.002169676866)
(-7.368188753e-06 8.532347243e-20 -0.002169503632)
(-7.536893898e-06 1.120897506e-19 -0.002169315072)
(-7.672307744e-06 1.319641605e-19 -0.002169111631)
(-7.774165037e-06 1.606409495e-19 -0.002168894042)
(-7.842419907e-06 1.50473638e-19 -0.0021686631)
(-7.877163793e-06 1.852345412e-19 -0.002168419821)
(-7.878693633e-06 2.00572116e-19 -0.0021681653)
(-7.847445397e-06 2.403726665e-19 -0.002167900798)
(-7.784029555e-06 2.678109942e-19 -0.002167627655)
(-7.689192313e-06 2.915744026e-19 -0.00216734733)
(-7.563839036e-06 3.161561689e-19 -0.002167061341)
(-7.408996747e-06 3.460851318e-19 -0.002166771295)
(-7.225830394e-06 3.480764846e-19 -0.00216647883)
(-7.01562257e-06 3.579481682e-19 -0.002166185645)
(-6.77977097e-06 3.755693706e-19 -0.002165893442)
(-6.51976933e-06 3.623369906e-19 -0.002165603962)
(-6.237208306e-06 3.8962797e-19 -0.002165318915)
(-5.933769249e-06 3.995682354e-19 -0.002165040023)
(-5.611215555e-06 4.114357486e-19 -0.002164768951)
(-5.27138142e-06 3.9105971e-19 -0.002164507355)
(-4.916164633e-06 4.075490046e-19 -0.0021642568)
(-4.547516879e-06 4.100292393e-19 -0.002164018816)
(-4.167440199e-06 4.128500668e-19 -0.002163794813)
(-3.777970572e-06 4.420791647e-19 -0.002163586136)
(-3.381167094e-06 4.578857329e-19 -0.002163393985)
(-2.979096352e-06 4.68811537e-19 -0.002163219455)
(-2.573833264e-06 4.792154545e-19 -0.002163063471)
(-2.167437574e-06 4.937943454e-19 -0.002162926824)
(-1.761937489e-06 4.944309488e-19 -0.002162810107)
(-1.359264808e-06 5.050710966e-19 -0.00216271375)
(-9.613218289e-07 5.143149452e-19 -0.002162637987)
(-5.705359047e-07 5.132583551e-19 -0.002162582889)
(-1.8998205e-07 4.967259129e-19 -0.002162548259)
(-4.432811826e-07 3.525184211e-20 -0.002172420443)
(-1.150649324e-06 3.943466516e-20 -0.002172405753)
(-1.812706855e-06 3.066549814e-20 -0.002172397755)
(-2.492490109e-06 2.620338445e-20 -0.002172380968)
(-3.156327269e-06 2.204865412e-20 -0.002172355777)
(-3.798361322e-06 -6.455517253e-22 -0.002172321432)
(-4.417272276e-06 -3.979468029e-20 -0.002172276385)
(-5.011184853e-06 -7.869743816e-20 -0.002172219031)
(-5.578025338e-06 -7.104847504e-20 -0.00217214789)
(-6.115800343e-06 -5.152804457e-20 -0.002172061613)
(-6.622743442e-06 -2.246657047e-20 -0.002171958874)
(-7.097134397e-06 -4.389389485e-20 -0.002171838508)
(-7.537215495e-06 -4.981197483e-20 -0.002171699687)
(-7.941477821e-06 -6.866145757e-21 -0.002171541716)
(-8.308531019e-06 8.596754586e-21 -0.002171364117)
(-8.637063241e-06 2.294194002e-20 -0.002171166761)
(-8.9260588e-06 5.640553262e-20 -0.002170949647)
(-9.174606222e-06 1.042925647e-19 -0.002170713094)
(-9.382054193e-06 1.012934373e-19 -0.002170457615)
(-9.54793569e-06 1.09106897e-19 -0.002170183926)
(-9.671988954e-06 1.215920176e-19 -0.002169892997)
(-9.754200291e-06 1.556229436e-19 -0.002169585905)
(-9.79474831e-06 1.853263688e-19 -0.00216926398)
(-9.794044391e-06 2.121857786e-19 -0.002168928616)
(-9.752683616e-06 2.321426054e-19 -0.002168581435)
(-9.671463738e-06 2.507535584e-19 -0.002168224093)
(-9.551360859e-06 2.682551184e-19 -0.002167858436)
(-9.393529946e-06 2.87130375e-19 -0.002167486314)
(-9.199284168e-06 3.050586119e-19 -0.002167109733)
(-8.970092725e-06 3.199406469e-19 -0.002166730679)
(-8.707570663e-06 3.341487912e-19 -0.002166351256)
(-8.413458166e-06 3.479650957e-19 -0.002165973531)
(-8.089618722e-06 3.597861728e-19 -0.002165599654)
(-7.73802515e-06 3.631971613e-19 -0.002165231712)
(-7.360761431e-06 3.792518096e-19 -0.00216487184)
(-6.960001138e-06 3.941902886e-19 -0.002164522092)
(-6.538006666e-06 4.061388707e-19 -0.002164184534)
(-6.097110905e-06 4.188626122e-19 -0.002163861126)
(-5.639716139e-06 4.269198234e-19 -0.002163553799)
(-5.168279974e-06 4.209893572e-19 -0.002163264349)
(-4.685299889e-06 4.374303875e-19 -0.002162994502)
(-4.193300986e-06 4.425717471e-19 -0.002162745815)
(-3.694819562e-06 4.430162884e-19 -0.002162519727)
(-3.19239942e-06 4.382975626e-19 -0.002162317472)
(-2.688564437e-06 4.261479371e-19 -0.002162140129)
(-2.185799981e-06 4.206870451e-19 -0.002161988538)
(-1.686467461e-06 4.245232332e-19 -0.002161863346)
(-1.192906309e-06 4.386007492e-19 -0.002161764956)
(-7.080938115e-07 4.496330071e-19 -0.00216169359)
(-2.357742989e-07 4.592028627e-19 -0.002161649123)
(-5.506374613e-07 3.910471263e-20 -0.002174487727)
(-1.42906291e-06 4.900503056e-20 -0.002174467733)
(-2.251093091e-06 5.028839017e-20 -0.002174453028)
(-3.095180775e-06 6.4339958e-20 -0.002174425066)
(-3.91922152e-06 9.181389179e-20 -0.002174384576)
(-4.716005487e-06 6.335222206e-20 -0.002174330776)
(-5.483912208e-06 -2.707544745e-20 -0.002174261903)
(-6.220477346e-06 -1.855880225e-19 -0.002174176217)
(-6.923093927e-06 -1.290223659e-19 -0.002174072102)
(-7.589411162e-06 -9.115034544e-20 -0.002173947972)
(-8.217238489e-06 4.043906845e-21 -0.002173802338)
(-8.80432572e-06 -1.886860289e-20 -0.002173634032)
(-9.348576144e-06 8.23943569e-20 -0.002173442153)
(-9.848162553e-06 8.61225396e-20 -0.002173225966)
(-1.030129675e-05 4.969344831e-20 -0.00217298514)
(-1.070646289e-05 4.140625358e-20 -0.002172719606)
(-1.10623847e-05 4.201062242e-20 -0.002172429536)
(-1.136796714e-05 4.04274784e-20 -0.002172115489)
(-1.162245532e-05 6.355100193e-20 -0.002171778179)
(-1.182528069e-05 7.48992402e-20 -0.002171418683)
(-1.197621432e-05 6.661496196e-20 -0.002171038229)
(-1.207525602e-05 1.663391207e-19 -0.002170638301)
(-1.212270268e-05 1.973763916e-19 -0.002170220559)
(-1.211909258e-05 2.535817294e-19 -0.00216978683)
(-1.20652268e-05 2.442934869e-19 -0.002169339115)
(-1.196212826e-05 2.433392766e-19 -0.00216887952)
(-1.18110639e-05 2.429444323e-19 -0.002168410295)
(-1.161349545e-05 2.606535092e-19 -0.002167933752)
(-1.137109466e-05 2.717121448e-19 -0.002167452318)
(-1.108570763e-05 2.933269761e-19 -0.002166968451)
(-1.075936206e-05 3.118028075e-19 -0.002166484687)
(-1.039422482e-05 3.278065887e-19 -0.002166003574)
(-9.992616501e-06 3.441007966e-19 -0.002165527701)
(-9.556983802e-06 3.355089564e-19 -0.002165059647)
(-9.08990506e-06 3.640456356e-19 -0.002164601996)
(-8.594060103e-06 3.930045723e-19 -0.002164157298)
(-8.072234918e-06 4.481323255e-19 -0.002163728078)
(-7.527295292e-06 4.576159917e-19 -0.002163316789)
(-6.962191904e-06 4.629049777e-19 -0.002162925817)
(-6.379934862e-06 4.699725224e-19 -0.002162557438)
(-5.783582118e-06 4.645434756e-19 -0.002162213812)
(-5.176219176e-06 4.519357357e-19 -0.00216189694)
(-4.560950565e-06 4.432725534e-19 -0.002161608653)
(-3.9408789e-06 4.349859363e-19 -0.002161350576)
(-3.319089038e-06 4.235979638e-19 -0.002161124117)
(-2.698608796e-06 4.27133514e-19 -0.002160930426)
(-2.082318158e-06 4.197715214e-19 -0.002160770398)
(-1.473073607e-06 4.153499608e-19 -0.002160644656)
(-8.74513454e-07 4.306318809e-19 -0.002160553593)
(-2.911464321e-07 4.449151758e-19 -0.002160497193)
(-6.805867807e-07 3.960909721e-20 -0.002176933961)
(-1.765993806e-06 4.986547489e-20 -0.002176907541)
(-2.781605437e-06 4.453864715e-20 -0.002176884576)
(-3.824612729e-06 7.157362555e-20 -0.002176842856)
(-4.84265852e-06 2.295416998e-19 -0.002176783531)
(-5.826878118e-06 2.21025893e-19 -0.002176705821)
(-6.775208041e-06 1.043018834e-19 -0.002176607772)
(-7.684547621e-06 5.820757816e-20 -0.002176487451)
(-8.551751754e-06 1.541802672e-19 -0.002176342971)
(-9.373975067e-06 1.062119407e-19 -0.002176172491)
(-1.014838488e-05 1.769849934e-19 -0.002175974425)
(-1.087218793e-05 7.753120723e-20 -0.002175747542)
(-1.154292636e-05 5.694478296e-20 -0.002175490812)
(-1.215825316e-05 2.464320978e-20 -0.002175203563)
(-1.271596824e-05 3.333633452e-20 -0.00217488557)
(-1.321427211e-05 4.07782387e-20 -0.00217453685)
(-1.365153994e-05 3.260331438e-20 -0.002174157859)
(-1.402650538e-05 1.621682381e-21 -0.002173749372)
(-1.433821916e-05 4.253970804e-20 -0.002173312448)
(-1.458603643e-05 7.429350287e-20 -0.002172848525)
(-1.476969961e-05 1.163575211e-19 -0.002172359206)
(-1.488924806e-05 1.35355445e-19 -0.002171846458)
(-1.494509932e-05 1.581581575e-19 -0.002171312358)
(-1.493795749e-05 1.80691593e-19 -0.002170759274)
(-1.48688642e-05 2.123664607e-19 -0.002170189659)
(-1.473912975e-05 2.388334691e-19 -0.002169606184)
(-1.455036747e-05 2.440515855e-19 -0.002169011574)
(-1.430442544e-05 2.549480727e-19 -0.002168408721)
(-1.400341006e-05 2.480380687e-19 -0.002167800543)
(-1.364963905e-05 2.721238267e-19 -0.002167190076)
(-1.324564288e-05 2.955981704e-19 -0.002166580366)
(-1.279412467e-05 3.025209166e-19 -0.002165974542)
(-1.229796625e-05 3.306878184e-19 -0.002165375712)
(-1.176020204e-05 3.415534672e-19 -0.002164787038)
(-1.118401558e-05 3.427885111e-19 -0.002164211637)
(-1.057271274e-05 3.643701744e-19 -0.002163652651)
(-9.929719175e-06 3.920039371e-19 -0.002163113141)
(-9.258555916e-06 3.873636836e-19 -0.002162596152)
(-8.562839786e-06 4.120836187e-19 -0.002162104601)
(-7.846252777e-06 4.346063897e-19 -0.002161641335)
(-7.11253256e-06 4.410988001e-19 -0.002161209025)
(-6.365442609e-06 4.362311296e-19 -0.002160810198)
(-5.608770084e-06 4.351790973e-19 -0.002160447148)
(-4.846287661e-06 4.390568656e-19 -0.002160121961)
(-4.08175397e-06 4.481291096e-19 -0.002159836431)
(-3.318850135e-06 4.514902204e-19 -0.002159592086)
(-2.561085012e-06 4.368458459e-19 -0.002159390111)
(-1.81192036e-06 4.128523043e-19 -0.002159231399)
(-1.075787861e-06 4.106312593e-19 -0.002159116549)
(-3.580732766e-07 4.168571597e-19 -0.002159045696)
(-8.374742183e-07 3.863868452e-20 -0.002179831665)
(-2.172680815e-06 4.128336435e-20 -0.00217979749)
(-3.421958448e-06 -1.925612247e-20 -0.002179764421)
(-4.705231199e-06 -1.568555229e-19 -0.002179705903)
(-5.957602052e-06 -5.876772468e-20 -0.002179623632)
(-7.168186363e-06 1.572106477e-20 -0.002179516888)
(-8.334474814e-06 1.469466701e-19 -0.002179383452)
(-9.452686417e-06 3.759051156e-19 -0.002179221065)
(-1.051902984e-05 3.033160808e-19 -0.00217902751)
(-1.152990504e-05 1.282990994e-19 -0.002178800721)
(-1.248174072e-05 5.48479999e-20 -0.002178539014)
(-1.337123373e-05 4.422093211e-20 -0.002178240973)
(-1.419532369e-05 7.737868285e-21 -0.002177905479)
(-1.495103591e-05 -6.429821655e-20 -0.00217753198)
(-1.563577629e-05 1.386709241e-20 -0.002177120293)
(-1.624726763e-05 6.946627411e-20 -0.002176670625)
(-1.678350577e-05 7.068916424e-20 -0.00217618373)
(-1.724297723e-05 3.606414428e-20 -0.002175660655)
(-1.762447681e-05 3.721036406e-20 -0.002175102923)
(-1.792728554e-05 5.188368134e-20 -0.002174512364)
(-1.815106157e-05 7.296134364e-20 -0.002173891132)
(-1.829590478e-05 9.640053584e-20 -0.002173241698)
(-1.836233743e-05 1.144663593e-19 -0.002172566731)
(-1.835127497e-05 1.206562455e-19 -0.002171869192)
(-1.8264024e-05 1.730894598e-19 -0.002171152151)
(-1.810225423e-05 1.969520356e-19 -0.002170418917)
(-1.786797964e-05 2.195078467e-19 -0.002169672847)
(-1.756353033e-05 2.213728238e-19 -0.002168917492)
(-1.719153445e-05 2.320398009e-19 -0.002168156406)
(-1.675489409e-05 2.512423469e-19 -0.002167393291)
(-1.62567507e-05 2.492132093e-19 -0.002166631835)
(-1.570047273e-05 2.755253632e-19 -0.002165875835)
(-1.508962952e-05 2.932384979e-19 -0.002165129047)
(-1.442798398e-05 3.243459904e-19 -0.002164395303)
(-1.371946093e-05 3.17353636e-19 -0.00216367838)
(-1.296814023e-05 3.064688262e-19 -0.002162982091)
(-1.21782294e-05 3.009545143e-19 -0.002162310165)
(-1.135405715e-05 3.205295924e-19 -0.002161666311)
(-1.050005115e-05 3.625628084e-19 -0.002161054104)
(-9.620715541e-06 3.763171297e-19 -0.002160477037)
(-8.72061098e-06 3.815317445e-19 -0.002159938401)
(-7.804328779e-06 3.915310878e-19 -0.002159441325)
(-6.876478063e-06 3.920105016e-19 -0.00215898866)
(-5.941645909e-06 4.089941103e-19 -0.002158583019)
(-5.004392777e-06 4.183327576e-19 -0.002158226665)
(-4.069179825e-06 4.218521166e-19 -0.002157921554)
(-3.14027122e-06 4.199095955e-19 -0.002157669226)
(-2.22185013e-06 4.132269586e-19 -0.002157470891)
(-1.319285158e-06 4.076106199e-19 -0.002157327396)
(-4.389822724e-07 4.115128315e-19 -0.002157239062)
(-1.026369818e-06 6.309028531e-20 -0.00218326546)
(-2.662235482e-06 1.086647371e-19 -0.002183221989)
(-4.192787672e-06 3.44605081e-20 -0.002183176693)
(-5.765388125e-06 -5.466960166e-20 -0.002183097896)
(-7.299913324e-06 -2.453038565e-19 -0.002182988014)
(-8.783159393e-06 -2.018493375e-19 -0.002182846337)
(-1.021216188e-05 2.675962545e-20 -0.002182670252)
(-1.158234236e-05 1.813414611e-19 -0.002182457097)
(-1.288900461e-05 1.433050279e-20 -0.002182204313)
(-1.412761963e-05 8.581468037e-23 -0.002181909644)
(-1.529387364e-05 -1.225408183e-19 -0.002181571152)
(-1.638380575e-05 4.388022978e-20 -0.002181187203)
(-1.739353813e-05 1.51510506e-19 -0.002180756681)
(-1.831943095e-05 8.20482544e-20 -0.002180279059)
(-1.915834422e-05 3.218267076e-20 -0.002179754224)
(-1.990738913e-05 -6.045920434e-21 -0.002179182685)
(-2.056416407e-05 -2.197975505e-20 -0.002178565464)
(-2.112674667e-05 -3.470691424e-21 -0.002177904014)
(-2.15936554e-05 5.847289757e-21 -0.002177200364)
(-2.196399511e-05 1.671383916e-20 -0.002176456848)
(-2.223732345e-05 1.660272946e-20 -0.002175676299)
(-2.241379439e-05 5.862910411e-20 -0.002174861787)
(-2.249402122e-05 8.11184682e-20 -0.002174016744)
(-2.247916072e-05 9.312149183e-20 -0.002173144815)
(-2.237081317e-05 1.027453553e-19 -0.002172249877)
(-2.217106709e-05 1.075925421e-19 -0.002171335972)
(-2.188240613e-05 1.481309129e-19 -0.002170407284)
(-2.150773772e-05 1.542915238e-19 -0.002169468113)
(-2.10503152e-05 1.819269903e-19 -0.002168522841)
(-2.051374821e-05 2.010654899e-19 -0.002167575933)
(-1.990192334e-05 2.326014603e-19 -0.002166631898)
(-1.92190216e-05 2.699935383e-19 -0.002165695291)
(-1.846945608e-05 2.608537012e-19 -0.00216477069)
(-1.765788259e-05 2.738119929e-19 -0.002163862691)
(-1.678913927e-05 2.996973644e-19 -0.002162975891)
(-1.586825655e-05 3.054293939e-19 -0.002162114871)
(-1.490040453e-05 3.135669672e-19 -0.002161284174)
(-1.389090279e-05 3.448783306e-19 -0.002160488271)
(-1.284517212e-05 3.44077544e-19 -0.002159731535)
(-1.17687245e-05 3.470383517e-19 -0.002159018192)
(-1.066712238e-05 3.578717661e-19 -0.002158352285)
(-9.54596835e-06 3.801669856e-19 -0.00215773762)
(-8.410863795e-06 3.985304024e-19 -0.002157177725)
(-7.267388305e-06 4.074207829e-19 -0.002156675807)
(-6.121065e-06 4.148975223e-19 -0.002156234699)
(-4.97729987e-06 4.22117135e-19 -0.002155856834)
(-3.84126186e-06 4.304486451e-19 -0.002155544184)
(-2.718005648e-06 4.442116227e-19 -0.002155298315)
(-1.614003667e-06 4.333555666e-19 -0.002155120383)
(-5.368402032e-07 4.297848703e-19 -0.00215501092)
(-1.253098238e-06 1.310504766e-19 -0.002187333756)
(-3.249690657e-06 3.662685339e-19 -0.002187279254)
(-5.117739828e-06 1.365607033e-19 -0.002187219385)
(-7.03765048e-06 9.108120197e-20 -0.002187116394)
(-8.910934405e-06 3.960822822e-20 -0.00218697355)
(-1.072172953e-05 -5.996775531e-20 -0.002186790092)
(-1.246655938e-05 -1.329006957e-20 -0.002186562926)
(-1.413981626e-05 1.903248838e-20 -0.002186288939)
(-1.573565524e-05 -5.896736535e-20 -0.002185965254)
(-1.724857805e-05 2.222986361e-20 -0.002185589292)
(-1.867346765e-05 7.460535908e-20 -0.002185158751)
(-2.000538041e-05 1.137473212e-19 -0.002184671787)
(-2.123950068e-05 1.851027844e-19 -0.002184127296)
(-2.237149663e-05 1.498021866e-19 -0.002183524698)
(-2.33974124e-05 4.015448494e-20 -0.002182864026)
(-2.431366506e-05 -5.83991269e-20 -0.002182146097)
(-2.511733387e-05 -7.75046836e-20 -0.002181372237)
(-2.580595371e-05 -3.430260852e-20 -0.002180544454)
(-2.637771895e-05 -2.819494959e-20 -0.002179665302)
(-2.683143086e-05 2.286056206e-20 -0.002178737807)
(-2.716652986e-05 3.560088993e-20 -0.002177765534)
(-2.738313429e-05 5.114576423e-20 -0.002176752345)
(-2.748196498e-05 6.020956924e-20 -0.00217570256)
(-2.746439136e-05 5.716774549e-20 -0.002174620686)
(-2.733235485e-05 3.21418447e-20 -0.002173511576)
(-2.708839336e-05 6.230358035e-20 -0.002172380175)
(-2.673555e-05 7.710006808e-20 -0.002171231677)
(-2.627739026e-05 1.101881543e-19 -0.002170071306)
(-2.571791987e-05 1.518138657e-19 -0.002168904454)
(-2.506157783e-05 1.615378241e-19 -0.002167736515)
(-2.431316172e-05 2.219768158e-19 -0.002166572999)
(-2.34778257e-05 2.398712791e-19 -0.002165419385)
(-2.256102008e-05 2.406125758e-19 -0.00216428124)
(-2.156848183e-05 2.348682664e-19 -0.002163164082)
(-2.050617794e-05 2.606997532e-19 -0.00216207349)
(-1.938029826e-05 2.909498746e-19 -0.002161014965)
(-1.819720464e-05 3.148728728e-19 -0.002159994013)
(-1.696342809e-05 3.400530616e-19 -0.00215901601)
(-1.568561358e-05 3.455674729e-19 -0.002158086264)
(-1.437050687e-05 3.737391926e-19 -0.002157209866)
(-1.302490159e-05 3.769337202e-19 -0.002156391734)
(-1.165563237e-05 3.892947499e-19 -0.002155636467)
(-1.026951086e-05 4.109889799e-19 -0.002154948377)
(-8.873320671e-06 4.124805577e-19 -0.002154331356)
(-7.473760328e-06 4.110166199e-19 -0.002153788904)
(-6.077390903e-06 4.173716142e-19 -0.002153324)
(-4.690463222e-06 4.165809128e-19 -0.002152939129)
(-3.31909505e-06 4.194073644e-19 -0.002152636265)
(-1.971062178e-06 4.216336599e-19 -0.002152416939)
(-6.553250447e-07 4.286211767e-19 -0.002152281917)
(-1.524284933e-06 -8.046475901e-22 -0.002192150655)
(-3.952153537e-06 -9.67726715e-20 -0.002192083149)
(-6.223770311e-06 8.379066298e-20 -0.002192006035)
(-8.559245629e-06 1.497346566e-19 -0.002191874361)
(-1.083795664e-05 -7.68884242e-20 -0.002191692376)
(-1.30409903e-05 -6.557630455e-20 -0.002191459263)
(-1.516426246e-05 -3.784704647e-20 -0.002191171363)
(-1.720086038e-05 -7.90318389e-21 -0.002190825092)
(-1.914369131e-05 1.237736346e-20 -0.00219041715)
(-2.098622368e-05 8.30998323e-20 -0.00218994446)
(-2.272225594e-05 2.21830413e-19 -0.002189404312)
(-2.434564595e-05 1.336483316e-19 -0.0021887947)
(-2.585058487e-05 1.104482555e-19 -0.002188114362)
(-2.723180461e-05 8.050138487e-20 -0.002187362673)
(-2.848434646e-05 3.495371786e-20 -0.002186539904)
(-2.960387175e-05 -2.738411938e-21 -0.002185647108)
(-3.058668066e-05 -1.08658168e-20 -0.002184686024)
(-3.142966827e-05 5.617037884e-21 -0.002183659267)
(-3.213055793e-05 2.443941258e-20 -0.002182570008)
(-3.268773606e-05 3.925436122e-20 -0.002181422131)
(-3.310045768e-05 4.645614948e-20 -0.002180220021)
(-3.336870358e-05 5.412919314e-20 -0.00217896856)
(-3.349327251e-05 6.030571624e-20 -0.002177673069)
(-3.347569831e-05 6.325724905e-20 -0.002176339173)
(-3.331828709e-05 6.2936027e-20 -0.002174972835)
(-3.302403471e-05 6.48842206e-20 -0.002173580176)
(-3.259661992e-05 8.862191195e-20 -0.002172167557)
(-3.204033785e-05 1.151476665e-19 -0.002170741395)
(-3.136007447e-05 1.397295776e-19 -0.00216930827)
(-3.056122681e-05 1.571312103e-19 -0.002167874765)
(-2.964968243e-05 1.739396542e-19 -0.002166447569)
(-2.863175023e-05 1.863651758e-19 -0.002165033336)
(-2.751414021e-05 2.442873654e-19 -0.002163638796)
(-2.630389331e-05 2.682666584e-19 -0.002162270631)
(-2.500836198e-05 2.843514258e-19 -0.002160935563)
(-2.36351489e-05 2.959311656e-19 -0.002159640236)
(-2.219208824e-05 3.095433611e-19 -0.002158391275)
(-2.068719503e-05 3.235363298e-19 -0.002157195165)
(-1.91286281e-05 3.362134793e-19 -0.002156058288)
(-1.752464658e-05 3.519139577e-19 -0.002154986783)
(-1.588356776e-05 3.563991472e-19 -0.002153986563)
(-1.421373528e-05 3.605246345e-19 -0.002153063177)
(-1.252345586e-05 3.627421017e-19 -0.002152221825)
(-1.082097823e-05 3.592117174e-19 -0.002151467215)
(-9.114435789e-06 3.670320704e-19 -0.002150803591)
(-7.411797094e-06 3.687622796e-19 -0.002150234585)
(-5.72063205e-06 3.809931735e-19 -0.00214976326)
(-4.048350548e-06 3.870402465e-19 -0.002149392067)
(-2.404290392e-06 3.773905828e-19 -0.002149122972)
(-7.990083993e-07 3.720968602e-19 -0.002148957017)
(-1.847429384e-06 -3.01969483e-20 -0.002197847341)
(-4.788988698e-06 -2.142954005e-19 -0.00219776458)
(-7.541387065e-06 1.325213311e-19 -0.002197667149)
(-1.037224889e-05 2.160961962e-19 -0.00219750165)
(-1.313440423e-05 -1.567962592e-19 -0.002197273509)
(-1.580542811e-05 -9.762604532e-20 -0.002196981826)
(-1.838048019e-05 -7.626056554e-20 -0.002196622321)
(-2.085119035e-05 -2.78204122e-20 -0.002196190848)
(-2.320912167e-05 1.774645137e-20 -0.002195683473)
(-2.544650624e-05 4.805242793e-20 -0.00219509651)
(-2.755573696e-05 8.427541705e-20 -0.002194426827)
(-2.952936298e-05 7.33789978e-20 -0.002193672164)
(-3.136047297e-05 4.660662046e-20 -0.002192830984)
(-3.304252868e-05 3.188592978e-20 -0.002191902651)
(-3.456943665e-05 1.656586705e-20 -0.00219088762)
(-3.593591213e-05 8.019987279e-21 -0.002189787178)
(-3.713725243e-05 1.29067898e-20 -0.00218860361)
(-3.816959849e-05 3.367134526e-20 -0.002187340114)
(-3.902995754e-05 7.210506015e-20 -0.002186000638)
(-3.971620386e-05 2.821314639e-20 -0.002184590003)
(-4.022720642e-05 4.359996344e-20 -0.00218311358)
(-4.05627202e-05 5.616686721e-20 -0.002181577467)
(-4.072351326e-05 6.637706929e-20 -0.002179988156)
(-4.071123156e-05 7.603422384e-20 -0.002178352644)
(-4.052850372e-05 9.051910438e-20 -0.002176678198)
(-4.017877665e-05 7.933334481e-20 -0.002174972405)
(-3.966639385e-05 1.21138835e-19 -0.002173243012)
(-3.899644377e-05 1.301733842e-19 -0.002171497938)
(-3.817478982e-05 1.314942277e-19 -0.002169745185)
(-3.720792564e-05 1.500126415e-19 -0.002167992839)
(-3.610299837e-05 1.436127821e-19 -0.002166249003)
(-3.486767822e-05 1.621812437e-19 -0.002164521814)
(-3.351016927e-05 2.03038794e-19 -0.002162819399)
(-3.203908344e-05 2.583946476e-19 -0.002161149894)
(-3.046344792e-05 2.854047451e-19 -0.00215952139)
(-2.879259146e-05 2.920332374e-19 -0.002157941946)
(-2.70361505e-05 3.008892642e-19 -0.002156419508)
(-2.520396611e-05 3.082388421e-19 -0.00215496192)
(-2.330606651e-05 3.130253676e-19 -0.002153576817)
(-2.135257836e-05 3.142488152e-19 -0.002152271603)
(-1.935370758e-05 3.281442756e-19 -0.00215105334)
(-1.731965694e-05 3.371023463e-19 -0.002149928713)
(-1.526058959e-05 3.416239388e-19 -0.002148903932)
(-1.318655485e-05 3.407780994e-19 -0.002147984676)
(-1.110746052e-05 3.520428063e-19 -0.002147176024)
(-9.033002286e-06 3.568676687e-19 -0.002146482381)
(-6.972378705e-06 3.740363966e-19 -0.002145907451)
(-4.934585082e-06 3.887693431e-19 -0.002145454258)
(-2.930843157e-06 3.870494586e-19 -0.002145125249)
(-9.735545173e-07 3.751500926e-19 -0.0021449218)
(-2.230888174e-06 1.988925894e-19 -0.002204573413)
(-5.781756398e-06 6.888363381e-19 -0.002204472866)
(-9.104564763e-06 5.006398598e-19 -0.002204351684)
(-1.252357536e-05 9.530549746e-20 -0.002204146588)
(-1.585985114e-05 -7.854909115e-20 -0.002203864438)
(-1.90869216e-05 -1.057133638e-19 -0.002203504263)
(-2.219916894e-05 -1.543614197e-19 -0.002203061053)
(-2.518663823e-05 -5.296797057e-20 -0.002202529884)
(-2.803938324e-05 3.404501603e-20 -0.002201906035)
(-3.074805342e-05 4.179475432e-21 -0.002201185111)
(-3.330344586e-05 1.330178943e-20 -0.002200363529)
(-3.569674203e-05 3.551915575e-20 -0.00219943854)
(-3.791959559e-05 -4.1564326e-20 -0.002198408288)
(-3.996397304e-05 -1.944190002e-20 -0.002197272146)
(-4.182254692e-05 -1.524257465e-20 -0.002196030613)
(-4.34887219e-05 -6.313127599e-21 -0.002194685246)
(-4.49566144e-05 5.974853689e-21 -0.002193238903)
(-4.622139799e-05 2.355609074e-20 -0.002191695386)
(-4.727912279e-05 4.220916057e-20 -0.002190059578)
(-4.812697669e-05 4.487602142e-20 -0.002188337279)
(-4.876319759e-05 3.097576201e-20 -0.002186535082)
(-4.918717663e-05 5.840645831e-20 -0.002184660396)
(-4.939944857e-05 7.492723706e-20 -0.002182721158)
(-4.940168408e-05 8.802155572e-20 -0.002180725926)
(-4.919668515e-05 1.027153299e-19 -0.002178683575)
(-4.878832939e-05 7.54032522e-20 -0.002176603424)
(-4.818156197e-05 5.979970573e-20 -0.002174494923)
(-4.738231184e-05 6.941688197e-20 -0.002172367814)
(-4.639745405e-05 6.96720146e-20 -0.002170231854)
(-4.523471547e-05 1.011684263e-19 -0.002168096971)
(-4.390263597e-05 1.251712547e-19 -0.002165973031)
(-4.241047273e-05 1.570740999e-19 -0.002163869998)
(-4.076815021e-05 1.799562825e-19 -0.002161797743)
(-3.898616163e-05 2.252836861e-19 -0.00215976619)
(-3.707551995e-05 2.618467789e-19 -0.002157785131)
(-3.504766185e-05 2.76732459e-19 -0.002155864346)
(-3.291440489e-05 2.960987247e-19 -0.002154013417)
(-3.068784462e-05 2.995481803e-19 -0.002152241819)
(-2.838030428e-05 3.001403145e-19 -0.002150558715)
(-2.600423531e-05 3.114978218e-19 -0.002148973004)
(-2.357217822e-05 3.179507611e-19 -0.002147493128)
(-2.109665451e-05 3.331846893e-19 -0.002146127102)
(-1.859012689e-05 3.43741839e-19 -0.002144882323)
(-1.606489184e-05 3.533798058e-19 -0.002143765598)
(-1.353307691e-05 3.664096992e-19 -0.002142782967)
(-1.100651362e-05 3.698757506e-19 -0.002141939736)
(-8.496440869e-06 3.776148101e-19 -0.00214124034)
(-6.013813328e-06 3.871650683e-19 -0.002140688479)
(-3.572157799e-06 3.974669589e-19 -0.002140287133)
(-1.186034513e-06 3.943483777e-19 -0.002140038095)
(-2.683854461e-06 -2.251944741e-20 -0.002212498314)
(-6.954165382e-06 -9.288988111e-20 -0.002212377165)
(-1.09506843e-05 -2.576592665e-19 -0.002212228433)
(-1.506480049e-05 -1.607735451e-19 -0.002211977359)
(-1.907973164e-05 -1.281239145e-19 -0.00221163258)
(-2.296453036e-05 -9.230744821e-20 -0.002211193012)
(-2.671282523e-05 -4.559652905e-20 -0.002210652696)
(-3.031288417e-05 -8.725366297e-20 -0.002210005745)
(-3.375294654e-05 -1.252851288e-19 -0.002209246515)
(-3.702182702e-05 -9.422546802e-20 -0.002208369867)
(-4.010865074e-05 -8.458994263e-20 -0.002207371515)
(-4.300303556e-05 -1.071754664e-19 -0.00220624807)
(-4.569485737e-05 -4.227255385e-20 -0.002204997319)
(-4.817443878e-05 -5.330870009e-20 -0.002203618493)
(-5.043296202e-05 -6.588254265e-20 -0.002202112055)
(-5.246222421e-05 -3.887246471e-20 -0.002200479893)
(-5.425499199e-05 -1.890429159e-20 -0.002198725308)
(-5.58050903e-05 4.97367763e-21 -0.002196852787)
(-5.710739974e-05 3.598563615e-20 -0.002194868198)
(-5.815810957e-05 8.777374407e-20 -0.002192778401)
(-5.89545778e-05 9.710035279e-20 -0.002190591393)
(-5.949558682e-05 7.636813871e-20 -0.002188316011)
(-5.978118093e-05 9.00224848e-20 -0.00218596191)
(-5.981284634e-05 1.023085752e-19 -0.002183539398)
(-5.959334952e-05 1.353862528e-19 -0.002181059315)
(-5.912686269e-05 1.340340806e-19 -0.002178532953)
(-5.841880061e-05 1.029294806e-19 -0.002175971897)
(-5.747588516e-05 1.247197463e-19 -0.002173388011)
(-5.630597474e-05 1.072028297e-19 -0.002170793279)
(-5.491809272e-05 1.492158785e-19 -0.002168199822)
(-5.332226509e-05 1.582933251e-19 -0.002165619763)
(-5.152952193e-05 1.666113956e-19 -0.002163065273)
(-4.955172862e-05 1.775863032e-19 -0.002160548468)
(-4.740156961e-05 2.006939883e-19 -0.002158081442)
(-4.509238557e-05 2.192872175e-19 -0.002155676173)
(-4.263814423e-05 2.468758261e-19 -0.00215334453)
(-4.005329029e-05 2.722453207e-19 -0.002151098174)
(-3.735268293e-05 2.962547567e-19 -0.002148948543)
(-3.45514617e-05 3.187916351e-19 -0.002146906712)
(-3.166497147e-05 3.266761452e-19 -0.002144983363)
(-2.870865161e-05 3.50423211e-19 -0.002143188636)
(-2.569793511e-05 3.494058402e-19 -0.0021415321)
(-2.264815864e-05 3.492025301e-19 -0.002140022593)
(-1.957445207e-05 3.476894025e-19 -0.002138668213)
(-1.649172025e-05 3.432641201e-19 -0.002137476158)
(-1.341448336e-05 3.572627842e-19 -0.002136452757)
(-1.035654662e-05 3.675750555e-19 -0.002135603311)
(-7.331340451e-06 3.770771117e-19 -0.002134932283)
(-4.355227686e-06 3.872869535e-19 -0.002134443277)
(-1.445345902e-06 3.861666718e-19 -0.002134138565)
(-3.216294772e-06 -3.39859706e-19 -0.002221812341)
(-8.33187872e-06 -1.098273361e-18 -0.002221667512)
(-1.312011942e-05 -1.037114418e-18 -0.002221487106)
(-1.805163378e-05 -4.119478584e-19 -0.00222118316)
(-2.28648548e-05 -2.117525351e-19 -0.002220766389)
(-2.752392725e-05 -1.026008435e-19 -0.002220235503)
(-3.202172646e-05 1.499600534e-20 -0.002219583391)
(-3.634448493e-05 -1.26108057e-19 -0.002218803046)
(-4.047831259e-05 -2.443961105e-19 -0.002217887799)
(-4.441010005e-05 -1.715732404e-19 -0.002216831607)
(-4.812722951e-05 -1.521855639e-19 -0.002215629216)
(-5.161737473e-05 -1.783199635e-19 -0.002214276442)
(-5.48684293e-05 -4.565002332e-20 -0.002212770656)
(-5.786897854e-05 -7.778228656e-20 -0.002211110704)
(-6.060828729e-05 -9.823034874e-20 -0.002209296926)
(-6.307633228e-05 -1.201860642e-19 -0.002207331489)
(-6.526426364e-05 -6.668175669e-20 -0.002205218035)
(-6.716420269e-05 -3.416758742e-20 -0.0022029618)
(-6.876959299e-05 -5.907728269e-21 -0.00220056955)
(-7.00752086e-05 2.291972661e-20 -0.00219804934)
(-7.107725803e-05 5.793866935e-20 -0.002195410606)
(-7.177348121e-05 3.503588046e-20 -0.002192663784)
(-7.216314772e-05 2.83702377e-20 -0.002189820446)
(-7.224717072e-05 7.015444768e-20 -0.002186892872)
(-7.202802117e-05 1.226208328e-19 -0.00218389418)
(-7.150983795e-05 1.716219002e-19 -0.002180837946)
(-7.069830221e-05 2.03577459e-19 -0.002177738301)
(-6.960069967e-05 1.997310577e-19 -0.002174609629)
(-6.822576652e-05 2.004671031e-19 -0.002171466638)
(-6.65837277e-05 2.02913358e-19 -0.002168324113)
(-6.468612838e-05 1.977663153e-19 -0.002165196992)
(-6.254583722e-05 1.73229663e-19 -0.00216210018)
(-6.017685821e-05 1.4937322e-19 -0.002159048629)
(-5.759431057e-05 1.788737449e-19 -0.002156057152)
(-5.481423003e-05 1.915946529e-19 -0.002153140501)
(-5.185353487e-05 2.172279886e-19 -0.002150313169)
(-4.872981515e-05 2.264310202e-19 -0.002147589455)
(-4.546126803e-05 2.958046579e-19 -0.002144983242)
(-4.206648719e-05 3.413939201e-19 -0.002142508014)
(-3.85644002e-05 3.72319855e-19 -0.002140176638)
(-3.497405753e-05 3.741642777e-19 -0.002138001372)
(-3.131456093e-05 3.652712492e-19 -0.002135993652)
(-2.760486674e-05 3.606374249e-19 -0.002134164092)
(-2.386371197e-05 3.553709296e-19 -0.002132522303)
(-2.010951885e-05 3.480031152e-19 -0.002131076902)
(-1.636023955e-05 3.562326589e-19 -0.002129835382)
(-1.263295949e-05 3.59165168e-19 -0.0021288041)
(-8.944292345e-06 3.565308654e-19 -0.002127988382)
(-5.314126527e-06 3.480197504e-19 -0.002127392582)
(-1.762720221e-06 3.567945009e-19 -0.002127019501)
(-3.838774457e-06 -4.140310841e-19 -0.002232727388)
(-9.942095182e-06 -1.334009301e-18 -0.002232555582)
(-1.565572408e-05 -7.790939737e-19 -0.002232339085)
(-2.154331334e-05 -4.545954506e-19 -0.00223197481)
(-2.729055464e-05 -2.60692948e-19 -0.002231475886)
(-3.285624153e-05 -1.548291446e-19 -0.002230840741)
(-3.823252887e-05 -1.013059822e-19 -0.002230060933)
(-4.340327521e-05 -1.57445602e-19 -0.00222912819)
(-4.835232101e-05 -2.027596201e-19 -0.002228034724)
(-5.306459897e-05 -1.88214927e-19 -0.002226773246)
(-5.752550847e-05 -1.615390894e-19 -0.002225337336)
(-6.17205118e-05 -1.589344566e-19 -0.002223721922)
(-6.563543388e-05 -9.533469307e-20 -0.002221923663)
(-6.925684923e-05 -1.193087584e-19 -0.002219940836)
(-7.257181582e-05 -1.192343429e-19 -0.002217773616)
(-7.55683384e-05 -1.101385e-19 -0.002215424159)
(-7.823548549e-05 -9.591249228e-20 -0.002212896367)
(-8.056340907e-05 -7.382655835e-20 -0.002210196181)
(-8.254373534e-05 -5.523683698e-20 -0.002207331161)
(-8.416941548e-05 -4.740953852e-20 -0.00220431061)
(-8.543510248e-05 -6.589087763e-20 -0.002201145365)
(-8.633700949e-05 -3.744040342e-20 -0.002197847634)
(-8.687320311e-05 -3.675258523e-20 -0.002194430935)
(-8.704350581e-05 3.381398295e-22 -0.002190909815)
(-8.684966542e-05 2.022662744e-20 -0.002187299839)
(-8.629528961e-05 6.118400414e-20 -0.002183617268)
(-8.538593778e-05 1.149895987e-19 -0.002179879104)
(-8.412903012e-05 1.537315844e-19 -0.002176102769)
(-8.253389406e-05 1.882831524e-19 -0.002172306156)
(-8.061166077e-05 1.862451098e-19 -0.002168507346)
(-7.8375264e-05 1.843387581e-19 -0.002164724681)
(-7.583930362e-05 1.787601072e-19 -0.002160976527)
(-7.30199997e-05 1.710846139e-19 -0.002157281336)
(-6.993503035e-05 1.970056442e-19 -0.002153657429)
(-6.660344558e-05 2.224194953e-19 -0.002150123031)
(-6.304548807e-05 2.479565321e-19 -0.002146696058)
(-5.928244932e-05 2.707768835e-19 -0.002143394127)
(-5.533647335e-05 2.856360513e-19 -0.002140234308)
(-5.123037884e-05 3.138672534e-19 -0.002137233107)
(-4.698747376e-05 3.289954885e-19 -0.002134406223)
(-4.263134385e-05 3.514856107e-19 -0.00213176854)
(-3.818567791e-05 3.638413017e-19 -0.002129333877)
(-3.367405318e-05 3.753956307e-19 -0.002127115018)
(-2.911980423e-05 3.747535773e-19 -0.002125123468)
(-2.454588815e-05 3.762133147e-19 -0.00212336955)
(-1.99747017e-05 3.784015832e-19 -0.002121862191)
(-1.542757163e-05 3.7592124e-19 -0.002120609017)
(-1.092529883e-05 3.658479455e-19 -0.002119616378)
(-6.49222501e-06 3.581866805e-19 -0.002118889545)
(-2.152501951e-06 3.675065606e-19 -0.002118431911)
(-4.56230808e-06 -3.343653829e-19 -0.002245476979)
(-1.181314515e-05 -1.239802616e-18 -0.002245274659)
(-1.860216099e-05 -6.112291068e-19 -0.002245017315)
(-2.560156422e-05 -5.039253312e-19 -0.002244584635)
(-3.243526473e-05 -2.744048025e-19 -0.002243992626)
(-3.905635548e-05 -1.823376183e-19 -0.002243239344)
(-4.545620584e-05 -1.025225796e-19 -0.002242314841)
(-5.161608937e-05 -1.931560902e-19 -0.00224120953)
(-5.751757188e-05 -2.22290232e-19 -0.002239914202)
(-6.314354005e-05 -2.121535628e-19 -0.002238420059)
(-6.847708558e-05 -1.178337823e-19 -0.002236719294)
(-7.35013832e-05 -1.932776067e-19 -0.002234805813)
(-7.820017086e-05 -2.207724939e-19 -0.002232675217)
(-8.25576268e-05 -1.802865319e-19 -0.002230325)
(-8.655847303e-05 -1.381667918e-19 -0.002227754995)
(-9.018850765e-05 -5.458623952e-20 -0.00222496708)
(-9.343436181e-05 -1.336244992e-19 -0.00222196533)
(-9.628396709e-05 -1.12633351e-19 -0.002218756078)
(-9.872661488e-05 -9.566053986e-20 -0.002215347607)
(-0.0001007530922 -7.969598922e-20 -0.002211750348)
(-0.0001023558996 -7.469933022e-20 -0.002207976443)
(-0.0001035292629 -6.58135123e-20 -0.002204039908)
(-0.0001042694045 -7.457523596e-20 -0.002199956196)
(-0.0001045744672 -3.583136319e-20 -0.002195742276)
(-0.0001044447915 -2.147229388e-20 -0.002191416281)
(-0.0001038828049 1.183294974e-20 -0.002186997485)
(-0.0001028932554 5.619366482e-20 -0.002182506044)
(-0.0001014830647 1.107865203e-19 -0.002177962924)
(-9.966153014e-05 1.438391803e-19 -0.002173389676)
(-9.744015721e-05 1.498861233e-19 -0.002168808375)
(-9.48327995e-05 1.774763046e-19 -0.002164241425)
(-9.18554529e-05 1.903068698e-19 -0.002159711523)
(-8.852633101e-05 2.059219005e-19 -0.002155241447)
(-8.48656183e-05 2.268018038e-19 -0.002150854016)
(-8.089548209e-05 2.514776763e-19 -0.002146571858)
(-7.663977419e-05 2.784184917e-19 -0.002142417365)
(-7.212395324e-05 3.103331106e-19 -0.002138412416)
(-6.737474469e-05 2.997004472e-19 -0.002134578295)
(-6.242001381e-05 3.317952353e-19 -0.002130935406)
(-5.72883914e-05 3.545444323e-19 -0.002127503206)
(-5.200910844e-05 3.5520947e-19 -0.002124299936)
(-4.661161534e-05 3.621824541e-19 -0.002121342575)
(-4.112539799e-05 3.553024956e-19 -0.002118646611)
(-3.557971694e-05 3.840638833e-19 -0.002116226056)
(-3.000343365e-05 4.034702495e-19 -0.002114093323)
(-2.442475339e-05 4.234945514e-19 -0.002112259218)
(-1.887062583e-05 4.351344774e-19 -0.002110732897)
(-1.33673968e-05 4.550280273e-19 -0.002109522054)
(-7.945188197e-06 4.708130711e-19 -0.002108633022)
(-2.633110921e-06 4.723063801e-19 -0.002108069967)
(-5.398122738e-06 -1.974532755e-20 -0.00226031537)
(-1.397385457e-05 -9.911725272e-20 -0.002260078758)
(-2.200480887e-05 -1.976502801e-19 -0.002259775452)
(-3.028908642e-05 9.469272504e-21 -0.002259265741)
(-3.837867708e-05 -1.804984788e-19 -0.002258568994)
(-4.622055336e-05 -2.443068138e-19 -0.002257682842)
(-5.380536407e-05 -3.174133714e-19 -0.002256595784)
(-6.111176342e-05 -2.80900637e-19 -0.002255296689)
(-6.811898667e-05 -2.929633054e-19 -0.002253774634)
(-7.480765349e-05 -3.193067184e-19 -0.002252019093)
(-8.115846054e-05 -3.455809216e-19 -0.002250020767)
(-8.715237502e-05 -2.915095692e-19 -0.002247772128)
(-9.277084436e-05 -2.842328793e-19 -0.002245267472)
(-9.799551335e-05 -2.446888394e-19 -0.002242503362)
(-0.000102808771 -2.217000098e-19 -0.002239478845)
(-0.0001071938112 -2.099646554e-19 -0.002236195258)
(-0.0001111346842 -1.514911332e-19 -0.002232656653)
(-0.0001146167865 -1.571074446e-19 -0.002228869401)
(-0.0001176266732 -1.436607408e-19 -0.00222484234)
(-0.0001201525546 -1.01413527e-19 -0.002220586678)
(-0.0001221841913 -9.395559854e-20 -0.002216115765)
(-0.0001237132733 -5.861948822e-20 -0.002211445139)
(-0.0001247333981 -1.559303452e-20 -0.002206592171)
(-0.0001252403413 -2.46886179e-20 -0.002201576137)
(-0.0001252321001 -4.692152918e-21 -0.00219641782)
(-0.0001247090982 3.351369111e-20 -0.002191139594)
(-0.0001236742249 6.36974583e-20 -0.002185765032)
(-0.0001221330081 1.067425841e-19 -0.002180318969)
(-0.0001200936491 1.490768366e-19 -0.002174827126)
(-0.0001175671581 1.960799114e-19 -0.002169316165)
(-0.0001145673411 2.002429687e-19 -0.002163813354)
(-0.0001111108836 2.01045695e-19 -0.002158346588)
(-0.0001072172728 2.372529487e-19 -0.002152944051)
(-0.0001029088109 2.468852331e-19 -0.002147634172)
(-9.821045804e-05 2.699070252e-19 -0.002142445288)
(-9.314972655e-05 2.866585312e-19 -0.002137405536)
(-8.775642528e-05 3.021169901e-19 -0.002132542474)
(-8.206244077e-05 3.575528764e-19 -0.002127882905)
(-7.610141037e-05 3.790545041e-19 -0.002123452521)
(-6.990838479e-05 4.101196834e-19 -0.002119275749)
(-6.351945506e-05 4.230057767e-19 -0.002115375421)
(-5.697134865e-05 4.22470728e-19 -0.002111772682)
(-5.030108253e-05 4.250645468e-19 -0.002108486727)
(-4.354561346e-05 4.274828445e-19 -0.002105534862)
(-3.674156556e-05 4.280015392e-19 -0.002102932332)
(-2.992484034e-05 4.246486315e-19 -0.002100692403)
(-2.312996722e-05 4.543087664e-19 -0.00209882626)
(-1.639077087e-05 4.811859408e-19 -0.002097343383)
(-9.745049617e-06 4.885503032e-19 -0.002096251419)
(-3.228384521e-06 4.952693808e-19 -0.002095555603)
(-6.357317911e-06 -2.278898546e-19 -0.002277516028)
(-1.645268628e-05 -7.457054175e-19 -0.002277241141)
(-2.590847965e-05 -2.255038607e-19 -0.0022768864)
(-3.566782893e-05 1.049859991e-19 -0.002276290463)
(-4.519937467e-05 -1.674568825e-19 -0.002275476639)
(-5.444371923e-05 -2.823964727e-19 -0.002274442211)
(-6.339106703e-05 -4.327571596e-19 -0.002273173964)
(-7.201733635e-05 -3.439096414e-19 -0.00227165895)
(-8.029932395e-05 -3.501509639e-19 -0.002269884342)
(-8.821524501e-05 -4.333384967e-19 -0.002267837733)
(-9.57435606e-05 -5.201539242e-19 -0.002265508143)
(-0.0001028631267 -3.801438588e-19 -0.002262886238)
(-0.0001095529047 -3.33726486e-19 -0.002259964732)
(-0.0001157921238 -3.104586102e-19 -0.002256738998)
(-0.0001215607835 -2.981759309e-19 -0.002253206895)
(-0.0001268393268 -2.909773201e-19 -0.002249368987)
(-0.0001316092012 -2.158721438e-19 -0.002245228762)
(-0.0001358528727 -2.30235362e-19 -0.002240792317)
(-0.0001395540028 -2.545356912e-19 -0.002236068684)
(-0.0001426977143 -2.774707327e-19 -0.002231069392)
(-0.0001452706142 -1.727899714e-19 -0.002225808695)
(-0.000147261167 -8.663743474e-20 -0.002220303207)
(-0.0001486596373 1.597838258e-21 -0.002214571969)
(-0.0001494585175 -5.556254953e-20 -0.00220863619)
(-0.0001496524696 -2.637795824e-20 -0.002202519197)
(-0.0001492387416 -1.511427423e-20 -0.002196246251)
(-0.0001482171224 3.900342573e-20 -0.002189844447)
(-0.0001465903566 9.939990438e-20 -0.002183342529)
(-0.000144364134 1.45925342e-19 -0.002176770796)
(-0.0001415474566 2.123112272e-19 -0.002170160902)
(-0.0001381526328 2.301179011e-19 -0.002163545771)
(-0.0001341955771 2.650133901e-19 -0.00215695933)
(-0.0001296957696 2.626117939e-19 -0.002150436376)
(-0.0001246764579 3.014741541e-19 -0.002144012233)
(-0.0001191645218 2.982783299e-19 -0.002137722553)
(-0.0001131904998 3.062594997e-19 -0.002131602867)
(-0.0001067883233 3.170548053e-19 -0.002125688283)
(-9.999516124e-05 3.597430323e-19 -0.002120012978)
(-9.285098715e-05 4.021379156e-19 -0.002114609897)
(-8.539823482e-05 4.310877754e-19 -0.002109510264)
(-7.768121868e-05 4.647860903e-19 -0.002104743335)
(-6.974569108e-05 4.821418412e-19 -0.002100336006)
(-6.163825229e-05 5.121129096e-19 -0.002096312746)
(-5.340588887e-05 4.892241113e-19 -0.002092695409)
(-4.50954958e-05 4.762464532e-19 -0.002089503284)
(-3.675334602e-05 4.619130423e-19 -0.002086753)
(-2.842427604e-05 4.816372713e-19 -0.002084458675)
(-2.015245765e-05 4.937656818e-19 -0.002082632157)
(-1.198609833e-05 4.984295574e-19 -0.002081283007)
(-3.969488421e-06 4.976820227e-19 -0.002080417855)
(-7.450532106e-06 -3.072766609e-19 -0.002297369253)
(-1.927686515e-05 -8.87902859e-19 -0.002297051911)
(-3.035599128e-05 -3.361436692e-19 -0.002296639844)
(-4.179682856e-05 -1.785989421e-19 -0.002295947896)
(-5.297217151e-05 -2.75933792e-19 -0.002295004085)
(-6.3816253e-05 -2.590590149e-19 -0.002293805315)
(-7.431901093e-05 -3.3219058e-19 -0.002292336441)
(-8.445352329e-05 -3.333694192e-19 -0.002290582594)
(-9.419399451e-05 -3.242982535e-19 -0.002288528882)
(-0.0001035163943 -2.933068484e-19 -0.002286161004)
(-0.0001123972318 -4.179469322e-19 -0.002283465905)
(-0.0001208132015 -4.106499338e-19 -0.002280432206)
(-0.0001287409383 -3.882421998e-19 -0.002277050897)
(-0.00013615756 -3.772469753e-19 -0.002273315655)
(-0.0001430405384 -3.715255976e-19 -0.00226922279)
(-0.0001493677845 -3.665786568e-19 -0.002264771804)
(-0.0001551181234 -3.597474592e-19 -0.00225996507)
(-0.0001602710131 -3.887076753e-19 -0.002254808028)
(-0.0001648071243 -3.583394335e-19 -0.002249309233)
(-0.0001687081479 -3.673880172e-19 -0.002243480101)
(-0.0001719572494 -2.567725865e-19 -0.002237335097)
(-0.0001745390026 -2.242150646e-19 -0.002230891388)
(-0.0001764397614 -2.047525043e-19 -0.002224169031)
(-0.0001776477049 -9.379718765e-20 -0.002217190615)
(-0.0001781531907 -1.013466246e-19 -0.002209981448)
(-0.0001779488411 -1.001673353e-19 -0.002202569216)
(-0.0001770299483 -1.90591283e-20 -0.002194984147)
(-0.0001753946041 3.663479056e-20 -0.002187258686)
(-0.0001730441726 1.039296906e-19 -0.002179427626)
(-0.0001699834213 1.718377007e-19 -0.002171527834)
(-0.0001662210431 2.22123413e-19 -0.002163598271)
(-0.0001617697881 2.738406072e-19 -0.002155679706)
(-0.0001566469425 2.712255327e-19 -0.002147814555)
(-0.0001508744358 3.097475908e-19 -0.002140046527)
(-0.0001444791645 3.178599501e-19 -0.002132420284)
(-0.0001374929695 3.281271625e-19 -0.002124980908)
(-0.0001299527348 3.385367738e-19 -0.002117773355)
(-0.0001219001428 3.483527935e-19 -0.002110841841)
(-0.0001133814452 3.811362696e-19 -0.002104229219)
(-0.0001044469387 4.292870596e-19 -0.002097976356)
(-9.515043016e-05 4.61384774e-19 -0.002092121569)
(-8.554853217e-05 4.95718045e-19 -0.002086700187)
(-7.56999321e-05 5.238546805e-19 -0.002081744286)
(-6.566462968e-05 5.248046717e-19 -0.002077282511)
(-5.550321831e-05 5.315213982e-19 -0.002073340032)
(-4.527607783e-05 5.472702048e-19 -0.002069938545)
(-3.504232224e-05 5.51027982e-19 -0.00206709644)
(-2.486069686e-05 5.422872782e-19 -0.00206482915)
(-1.479381394e-05 5.394698473e-19 -0.002063148991)
(-4.89810993e-06 5.389232181e-19 -0.00206206469)
(-3.538639816e-05 -1.617405754e-19 -0.00231933892)
(-4.872998462e-05 -2.780109856e-19 -0.00231854061)
(-6.176538829e-05 3.874730554e-20 -0.002317453227)
(-7.442052123e-05 -1.479239671e-19 -0.00231607321)
(-8.66852597e-05 -2.804003345e-19 -0.002314383445)
(-9.852963019e-05 -3.520714252e-19 -0.002312367091)
(-0.0001099253338 -3.536695346e-19 -0.002310007267)
(-0.0001208464663 -2.581134117e-19 -0.002307287568)
(-0.0001312677677 -4.611135499e-19 -0.002304192632)
(-0.0001411638778 -4.556110688e-19 -0.002300708868)
(-0.0001505095838 -4.230876817e-19 -0.002296825311)
(-0.0001592801138 -4.509117162e-19 -0.002292533565)
(-0.0001674506874 -4.583477858e-19 -0.002287828157)
(-0.0001749971131 -4.645991616e-19 -0.002282706907)
(-0.0001818956067 -4.572155663e-19 -0.002277170637)
(-0.000188123006 -4.728805937e-19 -0.002271223637)
(-0.000193656918 -4.240955979e-19 -0.002264873228)
(-0.0001984757249 -4.120875344e-19 -0.002258130123)
(-0.000202558884 -3.748936568e-19 -0.002251008079)
(-0.0002058868526 -3.249118739e-19 -0.002243524085)
(-0.0002084414705 -2.799403449e-19 -0.002235698166)
(-0.0002102059269 -1.15757114e-19 -0.002227553468)
(-0.0002111651631 -9.080108673e-20 -0.002219116175)
(-0.0002113059436 -9.174639702e-20 -0.002210415563)
(-0.0002106173127 -2.343367449e-20 -0.00220148395)
(-0.000209090822 3.64582168e-20 -0.002192356776)
(-0.0002067210191 1.264389424e-19 -0.00218307258)
(-0.0002035058576 1.73027573e-19 -0.002173673087)
(-0.0001994472135 2.18926273e-19 -0.002164203094)
(-0.0001945514881 2.514753197e-19 -0.002154710497)
(-0.0001888301086 2.848830426e-19 -0.002145245979)
(-0.0001823001662 3.077003621e-19 -0.002135862859)
(-0.0001749848801 3.360398244e-19 -0.002126616533)
(-0.0001669141089 3.558768429e-19 -0.002117563957)
(-0.0001581246402 3.725740521e-19 -0.002108762816)
(-0.0001486603555 3.834644696e-19 -0.002100270752)
(-0.0001385721403 4.114623449e-19 -0.002092144306)
(-0.0001279175633 4.65556228e-19 -0.00208443802)
(-0.0001167603467 5.288049935e-19 -0.002077203442)
(-0.0001051695413 5.299188634e-19 -0.002070488477)
(-9.321859515e-05 5.387553069e-19 -0.002064336751)
(-8.098420063e-05 5.469818258e-19 -0.002058787339)
(-6.854524038e-05 5.570496223e-19 -0.002053874541)
(-5.598141659e-05 5.724112693e-19 -0.00204962796)
(-4.337200322e-05 5.702808063e-19 -0.002046072678)
(-3.079658349e-05 5.700635902e-19 -0.002043229804)
(-1.833824061e-05 5.719188699e-19 -0.002041115903)
(-6.070814144e-06 5.753610113e-19 -0.002039743032)
)
;

boundaryField
{
    front_top
    {
        type            wedge;
    }
    front_middle
    {
        type            wedge;
    }
    front_bottom
    {
        type            wedge;
    }
    back_top
    {
        type            wedge;
    }
    back_middle
    {
        type            wedge;
    }
    back_bottom
    {
        type            wedge;
    }
    axis_top
    {
        type            symmetryPlane;
    }
    axis_middle
    {
        type            symmetryPlane;
    }
    axis_bottom
    {
        type            symmetryPlane;
    }
    wall_top
    {
        type            slip;
    }
    wall_middle
    {
        type            noSlip;
    }
    wall_bottom
    {
        type            noSlip;
    }
    inlet
    {
        type            fixedValue;
        value           nonuniform 0();
    }
    outlet
    {
        type            zeroGradient;
    }
    procBoundary6to5
    {
        type            processor;
        value           nonuniform List<vector> 
51
(
(-8.687533275e-06 -8.794320124e-20 -0.002320178778)
(-2.247128222e-05 -2.485794121e-19 -0.002319814615)
(-2.247128222e-05 -2.485794121e-19 -0.002319814615)
(-4.10334556e-05 1.859578688e-19 -0.002345295977)
(-5.65138655e-05 4.119100162e-19 -0.002344380199)
(-7.163780297e-05 4.854343551e-19 -0.002343134687)
(-8.632707576e-05 -2.82924328e-20 -0.002341555525)
(-0.0001005716484 -2.94057781e-19 -0.002339623646)
(-0.000114338341 -4.894607469e-19 -0.002337320362)
(-0.0001275966889 -4.765473938e-19 -0.002334626927)
(-0.0001403192729 -5.309298552e-19 -0.002331524622)
(-0.0001524791554 -4.446692384e-19 -0.002327995666)
(-0.0001640494262 -5.195684566e-19 -0.002324024334)
(-0.0001750036499 -5.911704004e-19 -0.002319597323)
(-0.0001853153998 -5.569425465e-19 -0.002314703907)
(-0.0001949583896 -5.720353261e-19 -0.002309336659)
(-0.0002039067559 -6.116618214e-19 -0.00230349117)
(-0.0002121346514 -5.627765546e-19 -0.002297166346)
(-0.0002196168225 -5.498883493e-19 -0.002290364551)
(-0.0002263281577 -5.451750002e-19 -0.002283091325)
(-0.000232244189 -4.600562249e-19 -0.002275355718)
(-0.0002373407473 -3.984244027e-19 -0.002267169919)
(-0.0002415943906 -3.442057887e-19 -0.002258549594)
(-0.0002449821599 -2.822785647e-19 -0.002249513551)
(-0.0002474819957 -1.958949795e-19 -0.002240084118)
(-0.0002490726017 -1.159029378e-19 -0.002230286929)
(-0.0002497339221 -8.040111949e-20 -0.00222015126)
(-0.0002494471862 -1.093195185e-20 -0.002209709955)
(-0.0002481954727 5.406043364e-20 -0.002198999793)
(-0.0002459639589 1.400803955e-19 -0.002188061555)
(-0.0002427406562 1.918540288e-19 -0.002176940369)
(-0.0002385169373 2.523680953e-19 -0.00216568577)
(-0.000233288427 3.130078591e-19 -0.002154351914)
(-0.0002270558238 3.333796238e-19 -0.002142997584)
(-0.0002198258849 3.75129138e-19 -0.00213168599)
(-0.0002116124235 3.787707724e-19 -0.002120484528)
(-0.0002024373771 3.986411584e-19 -0.002109464011)
(-0.0001923316594 4.313415573e-19 -0.002098697994)
(-0.0001813360349 4.738522286e-19 -0.002088261491)
(-0.0001695015206 4.931464805e-19 -0.002078229722)
(-0.0001568897438 5.350395473e-19 -0.002068676552)
(-0.000143572615 5.528588181e-19 -0.002059673126)
(-0.0001296317807 5.520772818e-19 -0.002051286429)
(-0.000115157482 5.548038685e-19 -0.002043578225)
(-0.0001002471969 5.598102217e-19 -0.002036604198)
(-8.50038559e-05 5.664033821e-19 -0.002030413502)
(-6.953390667e-05 5.732013398e-19 -0.002025048631)
(-5.39452829e-05 5.799696849e-19 -0.002020545816)
(-3.834810369e-05 5.889669934e-19 -0.002016935386)
(-2.285522463e-05 6.014935186e-19 -0.002014240955)
(-7.566148103e-06 6.209429761e-19 -0.002012479972)
)
;
    }
    procBoundary6to7
    {
        type            processor;
        value           nonuniform List<vector> 
51
(
(-5.316562394e-08 6.604731869e-20 -0.002163766495)
(-1.382084684e-07 1.173487549e-19 -0.002163769975)
(-2.181199723e-07 1.374132342e-19 -0.002163782532)
(-3.005669457e-07 1.317720435e-19 -0.002163800571)
(-3.817695617e-07 1.539278587e-19 -0.002163823432)
(-4.611620907e-07 1.839775762e-19 -0.002163850494)
(-5.386624063e-07 2.323854378e-19 -0.002163881056)
(-6.140478476e-07 2.713355295e-19 -0.002163914463)
(-6.870211922e-07 3.008064855e-19 -0.002163950095)
(-7.573610112e-07 3.443068438e-19 -0.002163987286)
(-8.248589318e-07 3.658928936e-19 -0.002164025353)
(-8.891644682e-07 3.715499042e-19 -0.002164063748)
(-9.499740395e-07 3.829201198e-19 -0.002164101931)
(-1.007043459e-06 3.829568944e-19 -0.002164139336)
(-1.060005619e-06 3.809131917e-19 -0.002164175567)
(-1.108593634e-06 3.805396683e-19 -0.002164210209)
(-1.152530277e-06 3.882647557e-19 -0.002164242911)
(-1.191523191e-06 3.899634285e-19 -0.00216427342)
(-1.225360774e-06 3.901803855e-19 -0.002164301467)
(-1.714927653e-06 3.595701294e-19 -0.002164826787)
(-1.714927653e-06 3.595701294e-19 -0.002164826787)
(-1.743896267e-06 3.666410301e-19 -0.002164833973)
(-1.765163071e-06 3.711245263e-19 -0.002164837554)
(-1.778635549e-06 3.663058313e-19 -0.002164837568)
(-1.784256493e-06 3.951194003e-19 -0.002164834174)
(-1.782026755e-06 4.176185489e-19 -0.002164827519)
(-1.772000723e-06 4.431846878e-19 -0.002164817863)
(-1.754285369e-06 4.360500345e-19 -0.002164805444)
(-1.729038246e-06 4.324649717e-19 -0.002164790596)
(-1.696457712e-06 4.265061281e-19 -0.002164773628)
(-1.656800505e-06 4.411678359e-19 -0.002164754918)
(-1.610356645e-06 4.486840532e-19 -0.002164734817)
(-1.557468418e-06 4.523260607e-19 -0.002164713717)
(-1.498511345e-06 4.507481671e-19 -0.002164691981)
(-1.433905213e-06 4.596750725e-19 -0.002164669984)
(-1.364089759e-06 4.653598102e-19 -0.002164648074)
(-1.289534649e-06 4.695315353e-19 -0.002164626586)
(-1.210737903e-06 4.733767939e-19 -0.00216460582)
(-1.12821664e-06 4.635499535e-19 -0.002164586045)
(-1.042502408e-06 4.663190642e-19 -0.002164567493)
(-9.541346137e-07 4.783604422e-19 -0.002164550349)
(-8.636579576e-07 4.81315741e-19 -0.002164534756)
(-7.716198893e-07 4.769512092e-19 -0.002164520802)
(-6.785672798e-07 4.703617368e-19 -0.002164508528)
(-5.850345077e-07 4.711456525e-19 -0.002164497915)
(-4.915462357e-07 4.65712583e-19 -0.002164488895)
(-3.986110935e-07 4.723241451e-19 -0.002164481338)
(-3.067145488e-07 4.822108872e-19 -0.002164475063)
(-2.16327552e-07 4.879709855e-19 -0.002164469835)
(-1.279961537e-07 4.917078639e-19 -0.002164465367)
(-4.240811091e-08 4.93458597e-19 -0.002164461302)
)
;
    }
}


// ************************************************************************* //
