/*--------------------------------*- C++ -*----------------------------------*\
  =========                 |
  \\      /  F ield         | OpenFOAM: The Open Source CFD Toolbox
   \\    /   O peration     | Website:  https://openfoam.org
    \\  /    A nd           | Version:  7
     \\/     M anipulation  |
\*---------------------------------------------------------------------------*/
FoamFile
{
    version     2.0;
    format      ascii;
    class       surfaceScalarField;
    location    "0.0018";
    object      phi;
}
// * * * * * * * * * * * * * * * * * * * * * * * * * * * * * * * * * * * * * //

dimensions      [1 0 -1 0 0 0 0];

internalField   nonuniform List<scalar> 
2258
(
4.952964801e-15
4.577703546e-11
1.941305282e-14
1.339490264e-10
4.275654239e-14
2.172023085e-10
7.432624932e-14
2.957386014e-10
1.134348657e-13
3.697532402e-10
1.593647611e-13
4.394352312e-10
2.113393749e-13
5.049675412e-10
2.68636628e-13
5.665267326e-10
3.304408662e-13
6.242835327e-10
3.960193312e-13
6.784028803e-10
4.645617073e-13
7.290436389e-10
5.353532449e-13
7.763594788e-10
6.076057208e-13
8.204980849e-10
6.80626967e-13
8.616021242e-10
7.536616424e-13
8.998089055e-10
8.26019046e-13
9.352504313e-10
8.970588676e-13
9.680542211e-10
9.983424293e-10
5.0530016e-15
4.577198245e-11
1.980346903e-14
1.339342759e-10
4.359770352e-14
2.171785142e-10
7.574157826e-14
2.957064576e-10
1.155074182e-13
3.697134744e-10
1.621323155e-13
4.393886063e-10
2.148326731e-13
5.049148409e-10
2.728364934e-13
5.664687288e-10
3.353298449e-13
6.242210394e-10
4.015477238e-13
6.783366625e-10
4.706818685e-13
7.289745048e-10
5.419823661e-13
7.762881783e-10
6.146664706e-13
8.204254008e-10
6.879960074e-13
8.615287946e-10
7.612479068e-13
8.997356536e-10
8.33728474e-13
9.351779507e-10
9.047543951e-13
9.679831952e-10
9.736756521e-13
9.982735081e-10
1.039861431e-12
1.026166507e-09
1.102662969e-12
1.051775513e-09
1.161529288e-12
1.075209108e-09
1.215916622e-12
1.096571577e-09
1.265290424e-12
1.115963152e-09
1.309037846e-12
1.133480377e-09
1.346749294e-12
1.149215327e-09
1.378022803e-12
1.163256514e-09
1.402508659e-12
1.175688787e-09
1.419782672e-12
1.18659369e-09
1.429768663e-12
1.196049007e-09
1.432329931e-12
1.204129197e-09
1.427381908e-12
1.210905664e-09
1.414826427e-12
1.216446793e-09
1.39462204e-12
1.220818101e-09
1.366963819e-12
1.224081902e-09
1.331963516e-12
1.226297965e-09
1.289686075e-12
1.227523526e-09
1.240053497e-12
1.227813528e-09
1.183287673e-12
1.227220147e-09
1.119570646e-12
1.225793292e-09
1.048998392e-12
1.223580763e-09
9.715729775e-13
1.220628386e-09
8.875425791e-13
1.216979665e-09
7.971478555e-13
1.21267608e-09
7.005171804e-13
1.207757464e-09
5.977257498e-13
1.202261836e-09
4.890861371e-13
1.196225311e-09
3.748673778e-13
1.189682248e-09
2.550923264e-13
1.182665832e-09
1.300104386e-13
1.175207409e-09
1.167336718e-09
5.117992694e-15
4.576686446e-11
2.005429179e-14
1.339193396e-10
4.413469642e-14
2.171544338e-10
7.663923285e-14
2.95673953e-10
1.168128209e-13
3.696733008e-10
1.638666992e-13
4.393415524e-10
2.170137682e-13
5.048616938e-10
2.754461612e-13
5.664102964e-10
3.383484585e-13
6.241581371e-10
4.049226288e-13
6.782700883e-10
4.743641827e-13
7.289050632e-10
5.458790578e-13
7.762166634e-10
6.187050053e-13
8.203525748e-10
6.920836271e-13
8.61455416e-10
7.652994134e-13
8.996624379e-10
8.376496486e-13
9.351056005e-10
9.08409317e-13
9.679124355e-10
9.769455573e-13
9.982049719e-10
1.042622441e-12
1.02610083e-09
1.104766586e-12
1.051713369e-09
1.162860013e-12
1.075151015e-09
1.216334605e-12
1.096518102e-09
1.264562203e-12
1.115914924e-09
1.30706393e-12
1.133437876e-09
1.343452968e-12
1.149178938e-09
1.37335635e-12
1.16322661e-09
1.396400386e-12
1.175665743e-09
1.412316565e-12
1.186577773e-09
1.421036552e-12
1.196040287e-09
1.422451383e-12
1.204127783e-09
1.416482474e-12
1.210911632e-09
1.402976105e-12
1.216460299e-09
1.382115058e-12
1.220838962e-09
1.354020361e-12
1.224109997e-09
1.318752059e-12
1.226333234e-09
1.276197671e-12
1.227566081e-09
1.226512863e-12
1.227863213e-09
1.169911706e-12
1.227276748e-09
1.106491492e-12
1.225856713e-09
1.036236785e-12
1.223651018e-09
9.593387565e-13
1.220705284e-09
8.760678745e-13
1.217062936e-09
7.865658884e-13
1.212765582e-09
6.908793725e-13
1.207853151e-09
5.892836269e-13
1.202363431e-09
4.820784284e-13
1.196332516e-09
3.693010228e-13
1.189795025e-09
2.511469157e-13
1.182783986e-09
1.280282366e-13
1.175330528e-09
1.167464746e-09
5.152174897e-15
4.576171229e-11
2.018582181e-14
1.33904306e-10
4.441501164e-14
2.171302046e-10
7.710468232e-14
2.956412634e-10
1.174829107e-13
3.696329226e-10
1.647547276e-13
4.392942806e-10
2.181085045e-13
5.0480834e-10
2.767200897e-13
5.663516848e-10
3.397728562e-13
6.240950843e-10
4.064328987e-13
6.782034283e-10
4.759076528e-13
7.288355885e-10
5.473860208e-13
7.761451851e-10
6.201148478e-13
8.20279846e-10
6.933017606e-13
8.613822291e-10
7.662408213e-13
8.995894988e-10
8.38190424e-13
9.350336509e-10
9.084492721e-13
9.678421767e-10
9.763787903e-13
9.981370423e-10
1.041309997e-12
1.026035899e-09
1.102615609e-12
1.051652064e-09
1.159733088e-12
1.075093897e-09
1.212084506e-12
1.096465751e-09
1.259020114e-12
1.115867989e-09
1.30020771e-12
1.133396688e-09
1.335249381e-12
1.149143896e-09
1.363813807e-12
1.163198046e-09
1.385478813e-12
1.175644078e-09
1.400185505e-12
1.186563067e-09
1.407822026e-12
1.196032651e-09
1.408304672e-12
1.2041273e-09
1.401439099e-12
1.210918498e-09
1.387314709e-12
1.216474423e-09
1.36608787e-12
1.220860189e-09
1.3377902e-12
1.224138294e-09
1.302313449e-12
1.22636871e-09
1.259732795e-12
1.227608661e-09
1.210286209e-12
1.227912659e-09
1.154056388e-12
1.227332978e-09
1.09102941e-12
1.22591974e-09
1.021337788e-12
1.223720709e-09
9.45272426e-13
1.220781349e-09
8.629787355e-13
1.21714523e-09
7.744809436e-13
1.21285408e-09
6.800226543e-13
1.207947609e-09
5.799246005e-13
1.20246353e-09
4.742289474e-13
1.196438212e-09
3.631096631e-13
1.189906145e-09
2.469649323e-13
1.18290013e-09
1.258777996e-13
1.175451615e-09
1.167590624e-09
5.162809507e-15
4.575654948e-11
2.02257641e-14
1.33889243e-10
4.449646631e-14
2.171059339e-10
7.723097987e-14
2.956085288e-10
1.176470917e-13
3.695925064e-10
1.649428531e-13
4.392469849e-10
2.182939194e-13
5.047549889e-10
2.76857533e-13
5.662931212e-10
3.39824999e-13
6.240321168e-10
4.063452189e-13
6.78136908e-10
4.756346351e-13
7.28766299e-10
5.468518201e-13
7.760739679e-10
6.192546359e-13
8.202074432e-10
6.92017919e-13
8.613094658e-10
7.6445228e-13
8.995170644e-10
8.357616424e-13
9.349623415e-10
9.053094415e-13
9.677726289e-10
9.724447125e-13
9.980699071e-10
1.036422824e-12
1.025971921e-09
1.09667571e-12
1.051591811e-09
1.152619149e-12
1.075037954e-09
1.203671464e-12
1.096414699e-09
1.249279906e-12
1.11582238e-09
1.289120551e-12
1.133356847e-09
1.32283889e-12
1.149110178e-09
1.350041439e-12
1.163170843e-09
1.370500691e-12
1.175623619e-09
1.384155822e-12
1.186549412e-09
1.390891068e-12
1.196025915e-09
1.390518121e-12
1.204127673e-09
1.383011733e-12
1.210926004e-09
1.368556511e-12
1.216488879e-09
1.347155093e-12
1.220881591e-09
1.318696712e-12
1.224166753e-09
1.283193895e-12
1.226404213e-09
1.240882788e-12
1.227650972e-09
1.191839065e-12
1.227961703e-09
1.136042208e-12
1.227388775e-09
1.073585506e-12
1.225982196e-09
1.004756094e-12
1.223789539e-09
9.297016003e-13
1.220856404e-09
8.48429821e-13
1.217226501e-09
7.611580591e-13
1.212941352e-09
6.682185121e-13
1.208040549e-09
5.696489859e-13
1.202562099e-09
4.656148954e-13
1.196542246e-09
3.564922684e-13
1.190015267e-09
2.42382087e-13
1.183014241e-09
1.234300288e-13
1.175570567e-09
1.167714054e-09
5.154659068e-15
4.575139482e-11
2.019231404e-14
1.338742053e-10
4.441707422e-14
2.170817092e-10
7.707937467e-14
2.955758665e-10
1.173901533e-13
3.695521957e-10
1.645356611e-13
4.391998393e-10
2.177090093e-13
5.047018156e-10
2.760459362e-13
5.662347842e-10
3.387465578e-13
6.239694162e-10
4.049362022e-13
6.780707184e-10
4.738124713e-13
7.286974228e-10
5.445622386e-13
7.760032181e-10
6.164187515e-13
8.201355867e-10
6.885473266e-13
8.612373372e-10
7.602664668e-13
8.994453453e-10
8.307531613e-13
9.348918548e-10
8.994097529e-13
9.677039723e-10
9.655594088e-13
9.980037574e-10
1.028390037e-12
1.025909091e-09
1.08740843e-12
1.051532792e-09
1.142060142e-12
1.074983302e-09
1.19168737e-12
1.096365071e-09
1.235927166e-12
1.115778141e-09
1.274435512e-12
1.133318339e-09
1.306845654e-12
1.149077768e-09
1.332769504e-12
1.16314492e-09
1.352179938e-12
1.175604208e-09
1.364934312e-12
1.186536657e-09
1.370845817e-12
1.196020004e-09
1.369798399e-12
1.20412872e-09
1.36196011e-12
1.210933843e-09
1.347324337e-12
1.216503514e-09
1.325771017e-12
1.220903144e-09
1.297275312e-12
1.224195248e-09
1.26203051e-12
1.226439458e-09
1.22012107e-12
1.227692882e-09
1.171512172e-12
1.228010312e-09
1.116276705e-12
1.22744401e-09
1.054675082e-12
1.226043798e-09
9.868557852e-13
1.223857358e-09
9.128159563e-13
1.220930444e-09
8.327519632e-13
1.217306565e-09
7.469985417e-13
1.213027105e-09
6.555803557e-13
1.208131967e-09
5.586599423e-13
1.202659019e-09
4.565974492e-13
1.196644308e-09
3.49494962e-13
1.19012237e-09
2.374977516e-13
1.183126238e-09
1.209547788e-13
1.17568711e-09
1.167835008e-09
5.129325637e-15
4.574626549e-11
2.009418595e-14
1.338592405e-10
4.419879048e-14
2.170576046e-10
7.669267536e-14
2.955433727e-10
1.16784846e-13
3.695121035e-10
1.636558164e-13
4.391529684e-10
2.165127017e-13
5.046489587e-10
2.744726175e-13
5.661768243e-10
3.367140232e-13
6.239071748e-10
4.024024794e-13
6.780050299e-10
4.706741194e-13
7.286291511e-10
5.407770481e-13
7.759331152e-10
6.118611171e-13
8.200645026e-10
6.831745504e-13
8.611660238e-10
7.540113218e-13
8.993745085e-10
8.235208846e-13
9.348223453e-10
8.911036398e-13
9.676363895e-10
9.560023018e-13
9.979388587e-10
1.01753934e-12
1.025847553e-09
1.075220483e-12
1.051475111e-09
1.12844337e-12
1.074930079e-09
1.176633383e-12
1.096316881e-09
1.219517033e-12
1.115735257e-09
1.256740534e-12
1.133281116e-09
1.28784144e-12
1.149046667e-09
1.312688389e-12
1.163120073e-09
1.33117428e-12
1.175585722e-09
1.343108883e-12
1.186524723e-09
1.348311108e-12
1.196014802e-09
1.346883934e-12
1.204130148e-09
1.338833183e-12
1.210941893e-09
1.324023738e-12
1.216518324e-09
1.302396046e-12
1.220924772e-09
1.274104646e-12
1.22422354e-09
1.239235269e-12
1.226474327e-09
1.197731971e-12
1.227734385e-09
1.149652182e-12
1.228058392e-09
1.095233696e-12
1.227498429e-09
1.034611455e-12
1.22610442e-09
9.6777753e-13
1.223924192e-09
8.949126329e-13
1.221003309e-09
8.163456605e-13
1.217385132e-09
7.32079871e-13
1.213111371e-09
6.422805359e-13
1.208221766e-09
5.472983188e-13
1.202754002e-09
4.472203731e-13
1.196744386e-09
3.421969891e-13
1.190227393e-09
2.325691161e-13
1.183235866e-09
1.184624237e-13
1.175801217e-09
1.167953471e-09
5.090383895e-15
4.574117511e-11
1.994231055e-14
1.338443886e-10
4.386996092e-14
2.170336769e-10
7.611878526e-14
2.955111238e-10
1.158976851e-13
3.694723246e-10
1.623863204e-13
4.391064797e-10
2.147993759e-13
5.045965457e-10
2.722431228e-13
5.661193806e-10
3.338666171e-13
6.238455513e-10
3.988980824e-13
6.779399985e-10
4.664220102e-13
7.285616272e-10
5.357119899e-13
7.758638252e-10
6.058652833e-13
8.199943493e-10
6.762190233e-13
8.610956701e-10
7.459494251e-13
8.993047781e-10
8.14299165e-13
9.347539955e-10
8.806276431e-13
9.675700611e-10
9.441110885e-13
9.978753753e-10
1.004264191e-12
1.0257874e-09
1.060534992e-12
1.05141884e-09
1.112233753e-12
1.074878381e-09
1.159039291e-12
1.096270076e-09
1.200611264e-12
1.115693685e-09
1.236500597e-12
1.133245226e-09
1.266427926e-12
1.149016739e-09
1.290317353e-12
1.163096183e-09
1.307972811e-12
1.175568067e-09
1.319149411e-12
1.186513546e-09
1.323887387e-12
1.196010064e-09
1.322200092e-12
1.204131835e-09
1.313932709e-12
1.210950161e-09
1.298993183e-12
1.216533263e-09
1.277500922e-12
1.220946264e-09
1.249536539e-12
1.224251504e-09
1.215016619e-12
1.226508847e-09
1.173987424e-12
1.227775414e-09
1.126667868e-12
1.228105711e-09
1.073166134e-12
1.227551931e-09
1.01347428e-12
1.226164112e-09
9.477622866e-13
1.223989904e-09
8.763453853e-13
1.221074725e-09
7.991974448e-13
1.21746228e-09
7.164917358e-13
1.213194077e-09
6.285755362e-13
1.208309683e-09
5.355055225e-13
1.202847072e-09
4.374422767e-13
1.19684245e-09
3.347254951e-13
1.19033011e-09
2.274570302e-13
1.183343134e-09
1.157710187e-13
1.175912903e-09
1.168069242e-09
5.041686144e-15
4.573613342e-11
1.974831798e-14
1.338296819e-10
4.34422451e-14
2.17009983e-10
7.538080261e-14
2.954791853e-10
1.147653007e-13
3.694329401e-10
1.607752671e-13
4.390604698e-10
2.126108682e-13
5.045447101e-10
2.694188553e-13
5.660625726e-10
3.303153168e-13
6.237846548e-10
3.945463653e-13
6.778757674e-10
4.611822592e-13
7.284949913e-10
5.295207631e-13
7.757954867e-10
5.986352681e-13
8.199252348e-10
6.678682517e-13
8.610264371e-10
7.362955484e-13
8.992363508e-10
8.033228201e-13
9.346869683e-10
8.682209399e-13
9.675051629e-10
9.302500918e-13
9.978133461e-10
9.889466899e-13
1.025728704e-09
1.043672111e-12
1.051364115e-09
1.093903099e-12
1.07482815e-09
1.139358488e-12
1.09622462e-09
1.179602362e-12
1.115653441e-09
1.214219163e-12
1.133210609e-09
1.243138809e-12
1.14898782e-09
1.266169562e-12
1.163073152e-09
1.28300265e-12
1.175551234e-09
1.293617099e-12
1.186502932e-09
1.298030073e-12
1.196005651e-09
1.29606292e-12
1.204133802e-09
1.28759264e-12
1.210958631e-09
1.272706642e-12
1.216548149e-09
1.251474891e-12
1.220967496e-09
1.223780874e-12
1.224279198e-09
1.189663464e-12
1.226542965e-09
1.149326171e-12
1.227815752e-09
1.102838331e-12
1.228152199e-09
1.050196583e-12
1.227604572e-09
9.915647861e-13
1.226222744e-09
9.272311934e-13
1.224054237e-09
8.571455165e-13
1.221144811e-09
7.814874277e-13
1.217537938e-09
7.006068623e-13
1.213274957e-09
6.145151987e-13
1.208395774e-09
5.233884192e-13
1.202938198e-09
4.275714827e-13
1.196938266e-09
3.271273614e-13
1.190430554e-09
2.222069225e-13
1.183448055e-09
1.131462747e-13
1.176021963e-09
1.168182388e-09
4.985125569e-15
4.57311483e-11
1.952398828e-14
1.338151431e-10
4.29358617e-14
2.169865711e-10
7.450127648e-14
2.954476199e-10
1.134234863e-13
3.693940179e-10
1.588750762e-13
4.390150182e-10
2.100254587e-13
5.044935597e-10
2.660941622e-13
5.660065039e-10
3.261584752e-13
6.237245905e-10
3.894573128e-13
6.778124686e-10
4.551022072e-13
7.284293464e-10
5.223154153e-13
7.757282735e-10
5.902461444e-13
8.198573041e-10
6.581713554e-13
8.609585119e-10
7.252193084e-13
8.991693029e-10
7.908272439e-13
9.346213603e-10
8.54157209e-13
9.67441833e-10
9.146850115e-13
9.977528183e-10
9.718740127e-13
1.025671515e-09
1.025022557e-12
1.051310966e-09
1.073857919e-12
1.074779314e-09
1.117983027e-12
1.096180495e-09
1.156889461e-12
1.115614535e-09
1.190425485e-12
1.133177073e-09
1.218426629e-12
1.148959819e-09
1.240560986e-12
1.163051018e-09
1.256725134e-12
1.17553507e-09
1.266937313e-12
1.186492719e-09
1.270991776e-12
1.196001596e-09
1.268735577e-12
1.204136058e-09
1.260226619e-12
1.21096714e-09
1.245519811e-12
1.216562856e-09
1.224460479e-12
1.220988555e-09
1.197083229e-12
1.224306575e-09
1.163579285e-12
1.226576469e-09
1.123968225e-12
1.227855363e-09
1.07825542e-12
1.228197912e-09
1.026603098e-12
1.227656225e-09
9.692419107e-13
1.226280105e-09
9.061386149e-13
1.224117341e-09
8.374588646e-13
1.221213491e-09
7.635618265e-13
1.217611835e-09
6.843993389e-13
1.21335412e-09
6.001676047e-13
1.208480006e-09
5.112237667e-13
1.203027142e-09
4.175774788e-13
1.197031913e-09
3.194018413e-13
1.19052873e-09
2.170306456e-13
1.183550426e-09
1.104976673e-13
1.176128496e-09
1.168292886e-09
4.920954962e-15
4.572622734e-11
1.927155388e-14
1.338007925e-10
4.237145231e-14
2.169634712e-10
7.349486971e-14
2.954164964e-10
1.118902834e-13
3.693556225e-10
1.56709284e-13
4.389701992e-10
2.071144442e-13
5.044431545e-10
2.623413304e-13
5.65951277e-10
3.214923928e-13
6.236654395e-10
3.837250207e-13
6.77750236e-10
4.482661605e-13
7.283648053e-10
5.141945148e-13
7.756623451e-10
5.808193432e-13
8.197906792e-10
6.472710715e-13
8.608920601e-10
7.128752315e-13
8.991036987e-10
7.769332144e-13
9.345573023e-10
8.386845252e-13
9.673800817e-10
8.976961491e-13
9.976938067e-10
9.532679401e-13
1.025615943e-09
1.004957392e-12
1.051259277e-09
1.05244368e-12
1.074731828e-09
1.095174048e-12
1.096137765e-09
1.13288899e-12
1.11557682e-09
1.165446e-12
1.133144516e-09
1.192497234e-12
1.148932767e-09
1.213853546e-12
1.163029662e-09
1.229532528e-12
1.175519391e-09
1.239298966e-12
1.186482953e-09
1.242970512e-12
1.195997925e-09
1.240577679e-12
1.204138451e-09
1.232143331e-12
1.210975574e-09
1.217496999e-12
1.216577502e-09
1.196657751e-12
1.221009394e-09
1.169807384e-12
1.224333426e-09
1.136906058e-12
1.22660937e-09
1.097971482e-12
1.227894297e-09
1.053168304e-12
1.228242715e-09
1.002657958e-12
1.227706735e-09
9.464290328e-13
1.226336334e-09
8.846372316e-13
1.224179133e-09
8.176139148e-13
1.221280514e-09
7.453068484e-13
1.217684143e-09
6.679043832e-13
1.213431522e-09
5.85761806e-13
1.208562149e-09
4.988633831e-13
1.203114041e-09
4.073882258e-13
1.197123388e-09
3.116538648e-13
1.190624464e-09
2.116995053e-13
1.18365038e-09
1.077164966e-13
1.176232479e-09
1.168400602e-09
4.849337873e-15
4.5721378e-11
1.899024427e-14
1.337866516e-10
4.174927909e-14
2.169407122e-10
7.239222738e-14
2.953858535e-10
1.101742914e-13
3.693178404e-10
1.543026684e-13
4.389260708e-10
2.039077837e-13
5.043935494e-10
2.581753461e-13
5.658970094e-10
3.163148793e-13
6.236072999e-10
3.77383908e-13
6.776891669e-10
4.406919902e-13
7.283014972e-10
5.052662669e-13
7.755977708e-10
5.704875243e-13
8.19725458e-10
6.354092603e-13
8.608271384e-10
6.994993338e-13
8.990396086e-10
7.618966577e-13
9.34494905e-10
8.221047408e-13
9.673198736e-10
8.795213757e-13
9.976363901e-10
9.335136131e-13
1.025561951e-09
9.838117835e-13
1.051208979e-09
1.029871445e-12
1.074685768e-09
1.071296856e-12
1.09609634e-09
1.107967683e-12
1.115540149e-09
1.139520134e-12
1.133112964e-09
1.165698531e-12
1.148906589e-09
1.186478043e-12
1.163008882e-09
1.201614441e-12
1.175504254e-09
1.210895645e-12
1.186473672e-09
1.214326165e-12
1.195994494e-09
1.211888279e-12
1.204140889e-09
1.203403432e-12
1.210984059e-09
1.188870791e-12
1.216592035e-09
1.168465354e-12
1.2210298e-09
1.142079469e-12
1.224359812e-09
1.109746153e-12
1.226641703e-09
1.071636083e-12
1.227932407e-09
1.027830927e-12
1.22828652e-09
9.783450561e-13
1.227756221e-09
9.233463086e-13
1.226391333e-09
8.630839155e-13
1.224239395e-09
7.975391331e-13
1.221346059e-09
7.268823906e-13
1.217754799e-09
6.51452325e-13
1.213506952e-09
5.712381333e-13
1.208642363e-09
4.864070721e-13
1.203198872e-09
3.972601609e-13
1.197212535e-09
3.038413315e-13
1.190717883e-09
2.063467097e-13
1.183747875e-09
1.050319336e-13
1.176333794e-09
1.168505634e-09
4.771613561e-15
4.571660639e-11
1.86851949e-14
1.33772738e-10
4.107602347e-14
2.169183214e-10
7.121736734e-14
2.953557122e-10
1.083367166e-13
3.692807211e-10
1.516886315e-13
4.388827189e-10
2.004241157e-13
5.043448139e-10
2.536641339e-13
5.658437694e-10
3.106661955e-13
6.235502979e-10
3.705183365e-13
6.776293148e-10
4.324324271e-13
7.282395831e-10
4.956186786e-13
7.755345846e-10
5.592744991e-13
8.196618021e-10
6.226725712e-13
8.607637403e-10
6.851271878e-13
8.98977154e-10
7.459092067e-13
9.34434123e-10
8.045709858e-13
9.672612118e-10
8.603486388e-13
9.975806124e-10
9.129049001e-13
1.025509394e-09
9.61768831e-13
1.051160115e-09
1.006428583e-12
1.074641109e-09
1.046738074e-12
1.09605603e-09
1.082344421e-12
1.115504543e-09
1.112927124e-12
1.133082381e-09
1.138411709e-12
1.148881104e-09
1.158546928e-12
1.162988747e-09
1.173090431e-12
1.175489711e-09
1.182021574e-12
1.186464741e-09
1.185278185e-12
1.195991237e-09
1.182673708e-12
1.204143493e-09
1.174199361e-12
1.210992534e-09
1.159999979e-12
1.216606235e-09
1.139906278e-12
1.221049893e-09
1.113968616e-12
1.224385749e-09
1.082366828e-12
1.226673305e-09
1.045093384e-12
1.227969681e-09
1.002191841e-12
1.228329422e-09
9.538461226e-13
1.227804567e-09
9.00212205e-13
1.226444967e-09
8.413093217e-13
1.224298298e-09
7.773179046e-13
1.22141005e-09
7.084985749e-13
1.217823619e-09
6.348772648e-13
1.213580574e-09
5.566274956e-13
1.208720612e-09
4.739923912e-13
1.203281507e-09
3.870410613e-13
1.197299486e-09
2.95993211e-13
1.190808931e-09
2.010245034e-13
1.183842843e-09
1.022753047e-13
1.176432543e-09
1.16860791e-09
4.685482696e-15
4.571192091e-11
1.834981836e-14
1.337590736e-10
4.034550486e-14
2.168963257e-10
6.994611554e-14
2.953261115e-10
1.063829764e-13
3.692442842e-10
1.488712732e-13
4.388402306e-10
1.966509379e-13
5.042970342e-10
2.488232907e-13
5.657915971e-10
3.045722964e-13
6.234945489e-10
3.63149981e-13
6.775707371e-10
4.236095867e-13
7.281791235e-10
4.853492172e-13
7.75472845e-10
5.473928858e-13
8.195997585e-10
6.092466207e-13
8.607018866e-10
6.700139694e-13
8.989163867e-10
7.29242889e-13
9.343748941e-10
7.862397452e-13
9.672042149e-10
8.404901986e-13
9.97526362e-10
8.916182393e-13
1.025458266e-09
9.390199968e-13
1.051112713e-09
9.824744296e-13
1.074597654e-09
1.021667817e-12
1.096016837e-09
1.056213347e-12
1.115469997e-09
1.08598646e-12
1.133052608e-09
1.110729013e-12
1.148856362e-09
1.130167182e-12
1.162969309e-09
1.144255352e-12
1.175475622e-09
1.152884612e-12
1.186456111e-09
1.155860121e-12
1.195988262e-09
1.153170071e-12
1.204146183e-09
1.144887552e-12
1.211000816e-09
1.130846218e-12
1.216620276e-09
1.111081409e-12
1.221069658e-09
1.085786081e-12
1.224411045e-09
1.054855101e-12
1.226704236e-09
1.018363906e-12
1.228006172e-09
9.765163365e-13
1.22837127e-09
9.293650185e-13
1.227851718e-09
8.76971394e-13
1.22649736e-09
8.195363463e-13
1.224355733e-09
7.572177271e-13
1.221472369e-09
6.900902173e-13
1.217890746e-09
6.183536721e-13
1.21365231e-09
5.421503982e-13
1.208796816e-09
4.615952284e-13
1.203362062e-09
3.769376164e-13
1.197384144e-09
2.88259384e-13
1.190897609e-09
1.957435031e-13
1.183935359e-09
9.963247663e-14
1.176528654e-09
1.168707542e-09
4.593124375e-15
4.570732778e-11
1.798625539e-14
1.337456805e-10
3.953991498e-14
2.16874772e-10
6.855815869e-14
2.952970933e-10
1.042721333e-13
3.692085702e-10
1.458749338e-13
4.387986278e-10
1.925957942e-13
5.042503134e-10
2.43654235e-13
5.657405386e-10
2.981301902e-13
6.234400729e-10
3.553148987e-13
6.775135524e-10
4.143529011e-13
7.281200855e-10
4.744947767e-13
7.754127031e-10
5.350085243e-13
8.195392447e-10
5.951876392e-13
8.606417075e-10
6.543599864e-13
8.988572143e-10
7.119784651e-13
9.343172756e-10
7.673443831e-13
9.67148849e-10
8.201709763e-13
9.974735354e-10
8.697838829e-13
1.025408654e-09
9.158747049e-13
1.051066622e-09
9.581713491e-13
1.074555358e-09
9.962195325e-13
1.095978788e-09
1.029843932e-12
1.115436373e-09
1.058781309e-12
1.133023671e-09
1.082724801e-12
1.148832418e-09
1.101603566e-12
1.16295043e-09
1.115261302e-12
1.175461965e-09
1.123494144e-12
1.186447878e-09
1.126288242e-12
1.195985468e-09
1.123637629e-12
1.204148834e-09
1.115387465e-12
1.211009066e-09
1.101552267e-12
1.216634111e-09
1.082305593e-12
1.221088905e-09
1.057510398e-12
1.22443584e-09
1.0272377e-12
1.226734509e-09
9.917076358e-13
1.228041702e-09
9.508765201e-13
1.228412101e-09
9.048428793e-13
1.227897751e-09
8.538330052e-13
1.22654837e-09
7.978908303e-13
1.224411675e-09
7.371443029e-13
1.221533116e-09
6.718142411e-13
1.217956076e-09
6.019515164e-13
1.213722173e-09
5.277107784e-13
1.208871057e-09
4.493242731e-13
1.203440449e-09
3.668728699e-13
1.197466595e-09
2.805333238e-13
1.190983948e-09
1.905365337e-13
1.184025356e-09
9.696403882e-14
1.176622227e-09
1.168804506e-09
4.498307208e-15
4.570282948e-11
1.761027806e-14
1.337325685e-10
3.869594789e-14
2.168536864e-10
6.707285552e-14
2.952687164e-10
1.020103532e-13
3.691736327e-10
1.427124178e-13
4.387579257e-10
1.883462481e-13
5.042046796e-10
2.38178662e-13
5.656907062e-10
2.913820975e-13
6.233868695e-10
3.471010499e-13
6.774578334e-10
4.046939633e-13
7.280624926e-10
4.632237578e-13
7.753541733e-10
5.22177677e-13
8.194802908e-10
5.806787788e-13
8.605832064e-10
6.383080176e-13
8.987995851e-10
6.942653168e-13
9.342613183e-10
7.481745964e-13
9.670949397e-10
7.994522473e-13
9.974222577e-10
8.476530368e-13
1.025360453e-09
8.92551113e-13
1.051021724e-09
9.336230699e-13
1.074514286e-09
9.706415746e-13
1.09594177e-09
1.003341351e-12
1.115403673e-09
1.031380488e-12
1.132995632e-09
1.054662096e-12
1.148809137e-09
1.072983324e-12
1.162932109e-09
1.086129969e-12
1.175448818e-09
1.094086419e-12
1.186439922e-09
1.096765682e-12
1.195982789e-09
1.09402416e-12
1.204151576e-09
1.085886826e-12
1.211017204e-09
1.07243092e-12
1.216647567e-09
1.053546177e-12
1.22110779e-09
1.02928365e-12
1.224460102e-09
9.998331284e-13
1.226763959e-09
9.651459784e-13
1.228076389e-09
9.253105915e-13
1.228451936e-09
8.805242863e-13
1.227942538e-09
8.308224719e-13
1.226598072e-09
7.763326178e-13
1.224466165e-09
7.172488019e-13
1.221592199e-09
6.536229497e-13
1.218019702e-09
5.856014941e-13
1.213790194e-09
5.133968365e-13
1.208943261e-09
4.370939984e-13
1.203516751e-09
3.568584726e-13
1.197546831e-09
2.729101797e-13
1.191067897e-09
1.853380725e-13
1.184112928e-09
9.432204041e-14
1.176713243e-09
1.168898828e-09
4.399195906e-15
4.569843028e-11
1.722114943e-14
1.337197466e-10
3.783610788e-14
2.168330714e-10
6.554842446e-14
2.952410041e-10
9.964247171e-14
3.691395387e-10
1.393751848e-13
4.38718193e-10
1.839322581e-13
5.041601225e-10
2.324857644e-13
5.656421527e-10
2.84344913e-13
6.233350103e-10
3.386462504e-13
6.774035321e-10
3.946685885e-13
7.280064702e-10
4.516975977e-13
7.752971443e-10
5.089927683e-13
8.194229956e-10
5.659544156e-13
8.605262447e-10
6.219190575e-13
8.987436204e-10
6.763368251e-13
9.342069005e-10
7.287237389e-13
9.670425528e-10
7.785059086e-13
9.973724756e-10
8.25489091e-13
1.02531347e-09
8.690904759e-13
1.050978123e-09
9.090289957e-13
1.074474347e-09
9.450415139e-13
1.095905757e-09
9.767486357e-13
1.115371966e-09
1.004025977e-12
1.132968354e-09
1.026626366e-12
1.148786536e-09
1.044323299e-12
1.162914412e-09
1.057098846e-12
1.175436043e-09
1.0647845e-12
1.186432236e-09
1.067246982e-12
1.195980326e-09
1.064526481e-12
1.204154296e-09
1.056593101e-12
1.211025137e-09
1.043367248e-12
1.216660793e-09
1.024914153e-12
1.221126243e-09
1.001321513e-12
1.224483695e-09
9.725730576e-13
1.226792708e-09
9.387527677e-13
1.22811021e-09
9.000102392e-13
1.228490679e-09
8.563849889e-13
1.227986163e-09
8.079996278e-13
1.226646457e-09
7.550214401e-13
1.224519143e-09
6.975032616e-13
1.221649718e-09
6.355922306e-13
1.218081613e-09
5.69459293e-13
1.213856327e-09
4.992033112e-13
1.209013517e-09
4.250224059e-13
1.203590932e-09
3.470362464e-13
1.197624817e-09
2.653867282e-13
1.191149546e-09
1.802335097e-13
1.184198081e-09
9.171685268e-14
1.176801759e-09
1.168990545e-09
4.291806648e-15
4.569413847e-11
1.680279032e-14
1.337072356e-10
3.69256916e-14
2.168129485e-10
6.397531349e-14
2.952139545e-10
9.72160587e-14
3.691062979e-10
1.359153698e-13
4.386794937e-10
1.793383679e-13
5.041166995e-10
2.266621934e-13
5.655948289e-10
2.771075301e-13
6.23284565e-10
3.299999056e-13
6.773506397e-10
3.844608585e-13
7.279520093e-10
4.39935567e-13
7.752416696e-10
4.956189505e-13
8.193673123e-10
5.509968882e-13
8.604708668e-10
6.053408786e-13
8.986892765e-10
6.582717082e-13
9.341539697e-10
7.091289869e-13
9.669916955e-10
7.57651938e-13
9.973239526e-10
8.03275608e-13
1.025267846e-09
8.456458659e-13
1.050935753e-09
8.845070201e-13
1.074435486e-09
9.194393998e-13
1.095870825e-09
9.502890747e-13
1.115341116e-09
9.767682496e-13
1.132941875e-09
9.986356638e-13
1.148764669e-09
1.015869904e-12
1.162897178e-09
1.028221876e-12
1.175423691e-09
1.03556679e-12
1.186424891e-09
1.037960993e-12
1.195977932e-09
1.035264995e-12
1.204156992e-09
1.027428961e-12
1.211032973e-09
1.014547292e-12
1.216673674e-09
9.965748662e-13
1.221144215e-09
9.735406274e-13
1.224506729e-09
9.455744649e-13
1.226820674e-09
9.126794797e-13
1.228143105e-09
8.74946622e-13
1.228528411e-09
8.325519021e-13
1.228028558e-09
7.85520919e-13
1.226693488e-09
7.339633853e-13
1.224570701e-09
6.780599108e-13
1.221705621e-09
6.178750239e-13
1.218141798e-09
5.535527669e-13
1.213920649e-09
4.852721856e-13
1.209081798e-09
4.131532641e-13
1.203663051e-09
3.373389957e-13
1.197700631e-09
2.579683242e-13
1.191228917e-09
1.751831329e-13
1.184280867e-09
8.915107845e-14
1.176887791e-09
1.169079696e-09
4.180666435e-15
4.568995781e-11
1.636660681e-14
1.336950497e-10
3.596158753e-14
2.167933535e-10
6.231114304e-14
2.951876049e-10
9.471660658e-14
3.690738925e-10
1.323973006e-13
4.38641813e-10
1.74626303e-13
5.040744705e-10
2.206883962e-13
5.655487668e-10
2.697628389e-13
6.232354905e-10
3.211467831e-13
6.772992558e-10
3.741611048e-13
7.27898995e-10
4.280183061e-13
7.751878124e-10
4.822034623e-13
8.193131271e-10
5.359454351e-13
8.604171248e-10
5.888393607e-13
8.986363825e-10
6.402123944e-13
9.341025967e-10
6.897177721e-13
9.669421902e-10
7.3684543e-13
9.97276825e-10
7.811463004e-13
1.025223545e-09
8.223789972e-13
1.05089452e-09
8.600807372e-13
1.074397784e-09
8.940656557e-13
1.09583684e-09
9.24010267e-13
1.115311171e-09
9.49655366e-13
1.13291623e-09
9.709756051e-13
1.148743349e-09
9.876434311e-13
1.16288051e-09
9.995402158e-13
1.175411794e-09
1.006715134e-12
1.186417717e-09
1.008965128e-12
1.195975682e-09
1.006245146e-12
1.204159712e-09
9.986452143e-13
1.211040573e-09
9.860549663e-13
1.216686265e-09
9.685115671e-13
1.221161758e-09
9.461499903e-13
1.224529091e-09
9.189116197e-13
1.226847912e-09
8.868919559e-13
1.228175124e-09
8.502653313e-13
1.228565038e-09
8.090289098e-13
1.228069794e-09
7.632891553e-13
1.226739228e-09
7.132081719e-13
1.224620782e-09
6.588506725e-13
1.221759979e-09
6.003492326e-13
1.218200299e-09
5.378642772e-13
1.213983134e-09
4.715160707e-13
1.209148146e-09
4.014559678e-13
1.203733111e-09
3.277867997e-13
1.1977743e-09
2.50658788e-13
1.191306045e-09
1.702289542e-13
1.184361296e-09
8.663121203e-14
1.176971389e-09
1.169166327e-09
4.071636037e-15
4.568588617e-11
1.593607157e-14
1.336831852e-10
3.500067951e-14
2.167742889e-10
6.062629693e-14
2.951619793e-10
9.213347073e-14
3.690423853e-10
1.288146071e-13
4.386051319e-10
1.698866102e-13
5.040333985e-10
2.146345139e-13
5.655040189e-10
2.623726294e-13
6.231877524e-10
3.122860776e-13
6.772493423e-10
3.637711793e-13
7.278475099e-10
4.161246099e-13
7.751354589e-10
4.687092013e-13
8.192605425e-10
5.209581008e-13
8.603648759e-10
5.723069677e-13
8.985850337e-10
6.222632575e-13
9.340526404e-10
6.70380669e-13
9.668940728e-10
7.161270678e-13
9.972310786e-10
7.592508897e-13
1.025180421e-09
7.992606469e-13
1.05085451e-09
8.359360739e-13
1.074361109e-09
8.689247169e-13
1.095803851e-09
8.979467927e-13
1.115282149e-09
9.229396734e-13
1.132891237e-09
9.435633044e-13
1.148722725e-09
9.596708051e-13
1.162864402e-09
9.712760267e-13
1.175400189e-09
9.781678068e-13
1.186410825e-09
9.80276214e-13
1.195973574e-09
9.776566162e-13
1.204162332e-09
9.701948576e-13
1.211048035e-09
9.579026216e-13
1.216698557e-09
9.408913149e-13
1.22117877e-09
9.191008669e-13
1.224550881e-09
8.925973133e-13
1.226874416e-09
8.615391754e-13
1.228206182e-09
8.259260384e-13
1.228600651e-09
7.858429906e-13
1.228109877e-09
7.414340747e-13
1.226783637e-09
6.927636478e-13
1.224669452e-09
6.399707073e-13
1.221812771e-09
5.831592448e-13
1.218257111e-09
5.224680824e-13
1.214043826e-09
4.580431361e-13
1.209212571e-09
3.899804261e-13
1.203801174e-09
3.184215712e-13
1.197845859e-09
2.435130058e-13
1.191380954e-09
1.653950839e-13
1.184439414e-09
8.417854248e-14
1.177052606e-09
1.169250506e-09
3.958973548e-15
4.56819272e-11
1.549729273e-14
1.336716469e-10
3.404857984e-14
2.167557376e-10
5.896629347e-14
2.951370616e-10
8.95676209e-14
3.69011784e-10
1.251876641e-13
4.385695118e-10
1.651193982e-13
5.039934667e-10
2.085953255e-13
5.65460543e-10
2.549249737e-13
6.231414228e-10
3.034612581e-13
6.77200806e-10
3.53419772e-13
7.277975514e-10
4.042763661e-13
7.750846024e-10
4.553143803e-13
8.192095045e-10
5.060865291e-13
8.603141038e-10
5.559499536e-13
8.985351702e-10
6.045292218e-13
9.340040611e-10
6.512249058e-13
9.668473771e-10
6.957451934e-13
9.971865583e-10
7.375864312e-13
1.02513858e-09
7.764910142e-13
1.050815606e-09
8.12085084e-13
1.074325515e-09
8.440647473e-13
1.095771872e-09
8.723277397e-13
1.115253886e-09
8.965256636e-13
1.132867039e-09
9.164797712e-13
1.148702771e-09
9.321689429e-13
1.162848713e-09
9.433733556e-13
1.175388984e-09
9.500203169e-13
1.186404178e-09
9.520845153e-13
1.195971509e-09
9.494706197e-13
1.204164946e-09
9.421992334e-13
1.211055306e-09
9.302873295e-13
1.216710469e-09
9.13708437e-13
1.221195349e-09
8.925428011e-13
1.224572047e-09
8.668428427e-13
1.226900116e-09
8.366560896e-13
1.228236369e-09
8.02078601e-13
1.228635229e-09
7.631688873e-13
1.228148787e-09
7.200248971e-13
1.226826781e-09
6.727666939e-13
1.22471671e-09
6.214903878e-13
1.221864048e-09
5.66327001e-13
1.218312274e-09
5.074105993e-13
1.214102742e-09
4.44844026e-13
1.209275137e-09
3.787436655e-13
1.203867274e-09
3.092598852e-13
1.197915343e-09
2.365319769e-13
1.191453681e-09
1.606576928e-13
1.184515289e-09
8.177894106e-14
1.177131485e-09
1.169332285e-09
3.843904819e-15
4.567808329e-11
1.504669872e-14
1.336604441e-10
3.305544916e-14
2.167377289e-10
5.72614986e-14
2.951128555e-10
8.701795177e-14
3.689820275e-10
1.215966761e-13
4.385349331e-10
1.603395018e-13
5.039547239e-10
2.02570428e-13
5.65418312e-10
2.475472239e-13
6.23096446e-10
2.946204909e-13
6.771537328e-10
3.431807385e-13
7.277489911e-10
3.925095592e-13
7.750352735e-10
4.421416118e-13
8.191598724e-10
4.914139484e-13
8.602648314e-10
5.399149029e-13
8.984866693e-10
5.870378226e-13
9.339569382e-10
6.32451306e-13
9.668019636e-10
6.756385466e-13
9.97143371e-10
7.163012839e-13
1.025097917e-09
7.540524133e-13
1.050777854e-09
7.885599294e-13
1.074291007e-09
8.196818488e-13
1.09574075e-09
8.470602684e-13
1.115226508e-09
8.705154782e-13
1.132843584e-09
8.899303339e-13
1.148683356e-09
9.051062121e-13
1.162833537e-09
9.159964368e-13
1.175378094e-09
9.224411473e-13
1.186397733e-09
9.243886845e-13
1.195969562e-09
9.218620978e-13
1.204167472e-09
9.147969521e-13
1.211062371e-09
9.03192341e-13
1.216722073e-09
8.871007107e-13
1.22121144e-09
8.665494675e-13
1.224592598e-09
8.415923167e-13
1.226925073e-09
8.122944325e-13
1.228265667e-09
7.787116335e-13
1.228668811e-09
7.409315989e-13
1.228186567e-09
6.990516813e-13
1.226868661e-09
6.531689696e-13
1.224762593e-09
6.033981268e-13
1.221913819e-09
5.498657373e-13
1.218365807e-09
4.926796349e-13
1.214159928e-09
4.319260359e-13
1.209335891e-09
3.677659682e-13
1.203931434e-09
3.003345721e-13
1.197982774e-09
2.2971624e-13
1.1915243e-09
1.560583072e-13
1.184588947e-09
7.943443677e-14
1.177208108e-09
1.169411719e-09
3.733458753e-15
1.461109167e-14
3.208533798e-14
2.167202546e-10
5.557095676e-14
2.950893699e-10
8.443480777e-14
3.689531637e-10
1.18023064e-13
4.385013449e-10
1.556325106e-13
5.039171145e-10
1.965876491e-13
5.653773569e-10
2.402580594e-13
6.230527756e-10
2.859347668e-13
6.771080561e-10
3.330375059e-13
7.277018884e-10
3.809935971e-13
7.749873174e-10
4.291508365e-13
8.191117152e-10
4.770573001e-13
8.60216925e-10
5.240994114e-13
8.984396272e-10
5.699115944e-13
9.33911126e-10
6.139648657e-13
9.667579103e-10
6.559171937e-13
9.971014187e-10
6.953775765e-13
1.025058457e-09
7.319823091e-13
1.05074125e-09
7.655502235e-13
1.074257439e-09
7.95713279e-13
1.095710587e-09
8.222915842e-13
1.11519993e-09
8.450741009e-13
1.132820801e-09
8.638810328e-13
1.148664549e-09
8.786362263e-13
1.162818782e-09
8.89158862e-13
1.175367571e-09
8.95379801e-13
1.186391512e-09
8.972895938e-13
1.195967652e-09
8.948138464e-13
1.204169948e-09
8.879386305e-13
1.211069246e-09
8.766815978e-13
1.21673333e-09
8.610606209e-13
1.221227061e-09
8.411261703e-13
1.224612533e-09
8.169127143e-13
1.226949286e-09
7.884728502e-13
1.228294107e-09
7.558857792e-13
1.228701399e-09
7.192219644e-13
1.228223231e-09
6.78580638e-13
1.226909302e-09
6.340517047e-13
1.224807122e-09
5.857664024e-13
1.221962104e-09
5.338331644e-13
1.21841774e-09
4.783133499e-13
1.214215448e-09
4.193663548e-13
1.209394838e-09
3.570884729e-13
1.203993712e-09
2.91627543e-13
1.198048235e-09
2.23098014e-13
1.191592829e-09
1.515600601e-13
1.184660485e-09
7.7173686e-14
1.177282495e-09
1.169488893e-09
3.114303103e-14
5.394142865e-14
8.192619355e-14
1.144899657e-13
1.509822727e-13
1.907394318e-13
2.330854507e-13
2.774507456e-13
3.231637097e-13
3.696986429e-13
4.16476379e-13
4.629436233e-13
5.086456398e-13
5.530906522e-13
5.958654538e-13
6.365860278e-13
6.748538676e-13
7.1044944e-13
7.429940672e-13
7.722951504e-13
7.98077017e-13
8.201624317e-13
8.384417215e-13
8.527224709e-13
8.629115555e-13
8.689671023e-13
8.708030643e-13
8.684215764e-13
8.617502172e-13
8.508230026e-13
8.356941839e-13
8.163551715e-13
7.928596066e-13
7.652667552e-13
7.336435379e-13
6.980775625e-13
6.586379115e-13
6.154528577e-13
5.685996703e-13
5.181825686e-13
4.643240885e-13
4.071100083e-13
3.466928093e-13
2.831695772e-13
2.16617014e-13
1.471839854e-13
7.491782925e-14
)
;

boundaryField
{
    front_top
    {
        type            wedge;
        value           nonuniform List<scalar> 
1166
(
-3.519070674e-25
-3.358703202e-25
-2.611862792e-25
-3.522980262e-25
-5.999527247e-25
-2.493673059e-25
-1.657040038e-25
-5.460200388e-25
-3.641064814e-25
-8.754802128e-25
4.81063627e-26
5.737171989e-25
-9.421032928e-26
-2.213863692e-27
-3.807750168e-25
-3.846303414e-25
-2.532930972e-25
-2.138597621e-25
-2.374588587e-25
-2.756734292e-27
-3.375510064e-25
-4.652642638e-25
-9.940702057e-26
-2.315718321e-24
-2.295039915e-24
-2.105785677e-24
-2.367960304e-24
-3.077130322e-24
-2.089430663e-24
-1.841305976e-24
-2.919244543e-24
-2.375814889e-24
-1.779101305e-24
-1.217086798e-24
-1.783315984e-24
-1.495661391e-24
-1.485053891e-24
-2.417963866e-24
-2.178546582e-24
-1.890609477e-24
-1.761493978e-24
-1.801148233e-24
-1.698277723e-24
-2.006763593e-24
-1.702267643e-24
-1.249575618e-24
5.39764553e-24
5.638368264e-24
6.08450971e-24
5.719794438e-24
5.150948689e-24
6.158250861e-24
6.537857476e-24
5.274063669e-24
5.395574744e-24
5.973011048e-24
6.387857125e-24
5.732273269e-24
5.795824717e-24
5.89372369e-24
5.09610278e-24
4.973028517e-24
5.062937623e-24
5.050071203e-24
4.784006417e-24
4.634958493e-24
4.444058812e-24
4.493585954e-24
4.478778663e-24
4.214373405e-24
-5.06305751e-24
-5.37859274e-24
-5.329718491e-24
-5.455423954e-24
-5.640352424e-24
-4.841279712e-24
-4.677895996e-24
-5.75973094e-24
-5.708147631e-24
-4.800089302e-24
-4.180740464e-24
-4.812353228e-24
-4.524170534e-24
-4.173690367e-24
-4.74286806e-24
-4.639340393e-24
-4.36916652e-24
-4.450899081e-24
-4.2182091e-24
-3.809935686e-24
-3.950021097e-24
-3.667380017e-24
-3.598745477e-24
-3.508604875e-24
7.218254426e-24
6.845632107e-24
6.874611386e-24
7.024226229e-24
7.076976587e-24
7.813422258e-24
7.757103662e-24
6.405481545e-24
6.591741119e-24
7.391657775e-24
7.453252304e-24
7.035795885e-24
7.106129958e-24
6.928253593e-24
6.296720552e-24
6.256098298e-24
6.30412809e-24
5.884354853e-24
5.844537816e-24
6.086860572e-24
5.641733444e-24
5.488866198e-24
5.376128739e-24
5.299946909e-24
2.244805388e-24
2.075593833e-24
1.950131724e-24
1.948605244e-24
2.120849155e-24
2.674662617e-24
2.545923284e-24
1.695482206e-24
1.941972067e-24
2.471214112e-24
2.508317977e-24
2.326216391e-24
2.335713307e-24
2.265761661e-24
1.983495337e-24
1.882570905e-24
1.948059516e-24
1.833584533e-24
1.895790836e-24
2.080191974e-24
1.795774239e-24
1.653153976e-24
1.731614508e-24
1.713530876e-24
-5.659931247e-24
-5.719751411e-24
-6.009599926e-24
-6.163742896e-24
-5.902814766e-24
-5.413905445e-24
-5.576837268e-24
-6.140585174e-24
-5.792418459e-24
-5.262470987e-24
-5.174789986e-24
-5.219793126e-24
-5.133098222e-24
-5.054400359e-24
-5.048544371e-24
-5.106325826e-24
-4.906611989e-24
-4.712940753e-24
-4.48939947e-24
-4.204414238e-24
-4.33510029e-24
-4.399286855e-24
-4.035697001e-24
-3.891873498e-24
-5.038545245e-23
-5.090330719e-23
-5.17063168e-23
-5.21862349e-23
-5.184361959e-23
-5.12475365e-23
-5.12116694e-23
-5.129478275e-23
-5.044238893e-23
-4.934407548e-23
-4.868556535e-23
-4.818328778e-23
-4.727012334e-23
-4.626389702e-23
-4.540655344e-23
-4.468649639e-23
-4.354617405e-23
-4.226554555e-23
-4.106864229e-23
-3.980314741e-23
-3.899834803e-23
-3.820213488e-23
-3.667351745e-23
-3.540057993e-23
7.2880336e-23
7.414537701e-23
7.452931454e-23
7.459236236e-23
7.490801238e-23
7.507214102e-23
7.431681994e-23
7.324905427e-23
7.279714645e-23
7.234794883e-23
7.131997757e-23
6.992898141e-23
6.865297244e-23
6.745037099e-23
6.602217208e-23
6.418206635e-23
6.265003723e-23
6.12810306e-23
5.982284467e-23
5.826657354e-23
5.631041537e-23
5.444722111e-23
5.321524889e-23
5.169268638e-23
-1.502349457e-24
-1.342884662e-24
-1.587125667e-24
-1.895392705e-24
-1.608724939e-24
-1.196435295e-24
-1.369478914e-24
-1.75851339e-24
-1.643127658e-24
-1.169815015e-24
-1.039888516e-24
-1.207460603e-24
-1.327371713e-24
-1.121082191e-24
-1.083712696e-24
-1.440814321e-24
-1.365293634e-24
-1.160988178e-24
-9.868541071e-25
-8.253261679e-25
-1.065987053e-24
-1.260336916e-24
-9.738318513e-25
-9.75659548e-25
-4.658089602e-23
-4.698664849e-23
-4.757494656e-23
-4.813706771e-23
-4.779518664e-23
-4.718334533e-23
-4.707867475e-23
-4.693519132e-23
-4.633456158e-23
-4.541609648e-23
-4.460251941e-23
-4.394235647e-23
-4.332635169e-23
-4.23279258e-23
-4.134511686e-23
-4.07216418e-23
-3.963085581e-23
-3.854046937e-23
-3.746458136e-23
-3.621725933e-23
-3.536709918e-23
-3.452294958e-23
-3.336981651e-23
-3.241279425e-23
2.748338358e-23
2.79867418e-23
2.80273123e-23
2.777664712e-23
2.79380692e-23
2.816851391e-23
2.782637037e-23
2.736112871e-23
2.709876922e-23
2.695349393e-23
2.669862025e-23
2.622928571e-23
2.555552701e-23
2.502165072e-23
2.449230307e-23
2.373284821e-23
2.318447323e-23
2.263423057e-23
2.217089249e-23
2.161344579e-23
2.08010707e-23
2.016343422e-23
1.965715542e-23
1.904253334e-23
-1.063037922e-23
-1.059030638e-23
-1.079904251e-23
-1.110748655e-23
-1.096429843e-23
-1.061529174e-23
-1.065601989e-23
-1.071213135e-23
-1.055387759e-23
-1.024755708e-23
-9.890577584e-24
-9.652729002e-24
-9.655228521e-24
-9.564929072e-24
-9.333866258e-24
-9.195051209e-24
-8.956187396e-24
-8.697176969e-24
-8.278245042e-24
-8.052045125e-24
-8.010238026e-24
-7.749287188e-24
-7.46251965e-24
-7.272857005e-24
-7.419098076e-23
-7.487777212e-23
-7.541077328e-23
-7.575728997e-23
-7.554795916e-23
-7.495393245e-23
-7.444593687e-23
-7.382720141e-23
-7.290779011e-23
-7.165792821e-23
-7.034076781e-23
-6.907978369e-23
-6.783387516e-23
-6.648311416e-23
-6.494222674e-23
-6.343592356e-23
-6.184807626e-23
-6.017500776e-23
-5.840847823e-23
-5.678033763e-23
-5.525013313e-23
-5.373011069e-23
-5.212210813e-23
-5.05451063e-23
2.024287362e-23
2.054723849e-23
2.059908769e-23
2.046483309e-23
2.045615738e-23
2.050733023e-23
2.030008256e-23
1.996357878e-23
1.9702957e-23
1.9665836e-23
1.944948939e-23
1.905265304e-23
1.854274535e-23
1.799276808e-23
1.766385888e-23
1.718296082e-23
1.670556153e-23
1.632680705e-23
1.598270935e-23
1.553954996e-23
1.500630562e-23
1.453245768e-23
1.416935508e-23
1.372229352e-23
1.477482421e-22
1.492300303e-22
1.498994301e-22
1.498844247e-22
1.49482846e-22
1.487281534e-22
1.474304597e-22
1.456808211e-22
1.437139923e-22
1.417888158e-22
1.394576654e-22
1.36738199e-22
1.337793591e-22
1.306523045e-22
1.276675312e-22
1.245125831e-22
1.212892872e-22
1.181016576e-22
1.149560665e-22
1.117502979e-22
1.084698292e-22
1.053235629e-22
1.023473638e-22
9.924822562e-23
1.434659713e-23
1.456880812e-23
1.460097113e-23
1.450418396e-23
1.445537267e-23
1.44610073e-23
1.432428216e-23
1.402576967e-23
1.379712513e-23
1.387690819e-23
1.373624186e-23
1.337296698e-23
1.300802825e-23
1.256998358e-23
1.233262819e-23
1.205540799e-23
1.172496701e-23
1.143500412e-23
1.122598003e-23
1.089351187e-23
1.042540367e-23
1.016088544e-23
9.940435329e-24
9.586955835e-24
-2.361067745e-23
-2.368973902e-23
-2.379071497e-23
-2.386266299e-23
-2.378614153e-23
-2.353829187e-23
-2.329988855e-23
-2.316925429e-23
-2.288468734e-23
-2.21674034e-23
-2.166629569e-23
-2.137529436e-23
-2.095276564e-23
-2.061949892e-23
-2.007254748e-23
-1.950450325e-23
-1.901569687e-23
-1.850223364e-23
-1.789342296e-23
-1.739492012e-23
-1.709776204e-23
-1.655340501e-23
-1.599085131e-23
-1.559940909e-23
-2.465018634e-22
-2.472054512e-22
-2.470129356e-22
-2.459067039e-22
-2.440056954e-22
-2.415225114e-22
-2.385640301e-22
-2.350338672e-22
-2.307097347e-22
-2.262111997e-22
-2.217316336e-22
-2.169269204e-22
-2.120625055e-22
-2.068586744e-22
-2.015314926e-22
-1.962939566e-22
-1.910445437e-22
-1.856927171e-22
-1.804666329e-22
-1.755650268e-22
-1.705029376e-22
-1.654256724e-22
-1.606223057e-22
1.315368255e-22
1.318079578e-22
1.315084211e-22
1.308097042e-22
1.297634692e-22
1.283087935e-22
1.265053373e-22
1.244850963e-22
1.225805285e-22
1.203735129e-22
1.177438008e-22
1.150758619e-22
1.121817345e-22
1.094920635e-22
1.068586103e-22
1.040220613e-22
1.012142088e-22
9.853446041e-23
9.574569917e-23
9.280990647e-23
9.01524695e-23
8.761752776e-23
8.498736444e-23
-3.908116689e-23
-3.913667936e-23
-3.91131061e-23
-3.891993604e-23
-3.856831191e-23
-3.816103038e-23
-3.767169822e-23
-3.709609924e-23
-3.618592601e-23
-3.531429608e-23
-3.465281342e-23
-3.393880032e-23
-3.333091539e-23
-3.243812071e-23
-3.146048326e-23
-3.066796535e-23
-2.985520068e-23
-2.895680457e-23
-2.818412592e-23
-2.757123132e-23
-2.676542972e-23
-2.591153372e-23
-2.516666318e-23
-5.594534195e-23
-5.597600506e-23
-5.587419223e-23
-5.555636477e-23
-5.503018705e-23
-5.440196267e-23
-5.361776558e-23
-5.273088946e-23
-5.156045881e-23
-5.038353306e-23
-4.934462065e-23
-4.82942937e-23
-4.73309273e-23
-4.609067031e-23
-4.476954842e-23
-4.360570542e-23
-4.244655188e-23
-4.123842635e-23
-4.012680267e-23
-3.912134925e-23
-3.798344566e-23
-3.683852326e-23
-3.576619842e-23
2.452156921e-23
2.45221742e-23
2.433638553e-23
2.4087877e-23
2.382139144e-23
2.345534811e-23
2.311777087e-23
2.274574097e-23
2.245116406e-23
2.20937886e-23
2.159606627e-23
2.104594816e-23
2.036194815e-23
1.990707047e-23
1.954533559e-23
1.902207467e-23
1.848291292e-23
1.798366543e-23
1.742877311e-23
1.682753059e-23
1.63526621e-23
1.58830916e-23
1.541188156e-23
3.824397724e-23
3.81951358e-23
3.792938944e-23
3.755239196e-23
3.709480567e-23
3.654050973e-23
3.599535115e-23
3.539331436e-23
3.481875184e-23
3.416733275e-23
3.342435222e-23
3.262075986e-23
3.168294894e-23
3.091921028e-23
3.023167129e-23
2.943971579e-23
2.862948738e-23
2.78283351e-23
2.699330246e-23
2.613948756e-23
2.540364273e-23
2.466832695e-23
2.392093593e-23
-8.881653615e-23
-8.864969651e-23
-8.821775781e-23
-8.749444709e-23
-8.652910235e-23
-8.534654385e-23
-8.390860181e-23
-8.234409024e-23
-8.063008989e-23
-7.888157623e-23
-7.708704266e-23
-7.529196917e-23
-7.360723296e-23
-7.174887181e-23
-6.981297527e-23
-6.79448882e-23
-6.610278071e-23
-6.430015768e-23
-6.254258088e-23
-6.080424229e-23
-5.903192784e-23
-5.732414942e-23
-5.565497827e-23
1.161670876e-22
1.158097036e-22
1.14988369e-22
1.138092896e-22
1.123307662e-22
1.106252743e-22
1.088106538e-22
1.068401533e-22
1.047759889e-22
1.025783129e-22
1.003174885e-22
9.797202382e-23
9.545969009e-23
9.305813552e-23
9.070950752e-23
8.831749491e-23
8.592260498e-23
8.349672555e-23
8.110680029e-23
7.874073578e-23
7.644530208e-23
7.419471674e-23
7.19966355e-23
1.840108873e-22
1.832854215e-22
1.818820762e-22
1.799252102e-22
1.775137399e-22
1.7475005e-22
1.717847192e-22
1.685934563e-22
1.652365882e-22
1.617047718e-22
1.580978614e-22
1.543886848e-22
1.504885528e-22
1.466802646e-22
1.429171177e-22
1.391292384e-22
1.35353556e-22
1.315343215e-22
1.278035075e-22
1.240963672e-22
1.204596692e-22
1.169211226e-22
1.134674171e-22
-6.579412161e-23
-6.547673855e-23
-6.496094745e-23
-6.428167319e-23
-6.348677966e-23
-6.25455771e-23
-6.139870889e-23
-6.016871533e-23
-5.888395445e-23
-5.759302334e-23
-5.621897832e-23
-5.486787701e-23
-5.362828909e-23
-5.226760816e-23
-5.086390228e-23
-4.947950292e-23
-4.811333134e-23
-4.681945131e-23
-4.551780328e-23
-4.423950983e-23
-4.300532226e-23
-4.177547553e-23
-4.053049707e-23
-1.075779415e-22
-1.069620608e-22
-1.06001046e-22
-1.047971558e-22
-1.033988125e-22
-1.017811048e-22
-9.991974627e-23
-9.791907511e-23
-9.585133914e-23
-9.376052603e-23
-9.153108795e-23
-8.93323976e-23
-8.723428798e-23
-8.500474437e-23
-8.274851355e-23
-8.050465533e-23
-7.828792183e-23
-7.61383153e-23
-7.401113913e-23
-7.1918725e-23
-6.987384586e-23
-6.784741564e-23
-6.582860188e-23
-4.837720485e-23
-4.806759818e-23
-4.758529295e-23
-4.702417528e-23
-4.642505119e-23
-4.570835276e-23
-4.485711195e-23
-4.391451082e-23
-4.293154244e-23
-4.199175752e-23
-4.098036431e-23
-3.997408662e-23
-3.906060395e-23
-3.806764356e-23
-3.704439319e-23
-3.60220884e-23
-3.50221383e-23
-3.406864043e-23
-3.313727158e-23
-3.222626232e-23
-3.132914285e-23
-3.042160321e-23
-2.949821256e-23
-1.171675209e-22
-1.16330715e-22
-1.151017169e-22
-1.136348027e-22
-1.120246565e-22
-1.101866599e-22
-1.081513588e-22
-1.059371591e-22
-1.036122664e-22
-1.013228072e-22
-9.895867056e-23
-9.653925317e-23
-9.419017632e-23
-9.178686831e-23
-8.935220759e-23
-8.691485726e-23
-8.451293792e-23
-8.216424649e-23
-7.986691354e-23
-7.761890272e-23
-7.54004527e-23
-7.318911202e-23
-7.099377844e-23
1.855196465e-23
1.83882546e-23
1.823039927e-23
1.798337023e-23
1.761409633e-23
1.726611974e-23
1.692588212e-23
1.667042449e-23
1.642160451e-23
1.601778085e-23
1.563971228e-23
1.530571095e-23
1.487954278e-23
1.447227191e-23
1.410164472e-23
1.375200112e-23
1.338430956e-23
1.298627544e-23
1.258721842e-23
1.217602611e-23
1.178252591e-23
1.143867791e-23
1.113725471e-23
2.038482643e-22
2.020830987e-22
1.998312213e-22
1.970871438e-22
1.939102674e-22
1.90489169e-22
1.868610367e-22
1.831563807e-22
1.793186148e-22
1.752439491e-22
1.711190823e-22
1.669863749e-22
1.627664021e-22
1.585352473e-22
1.543393986e-22
1.501819827e-22
1.460325034e-22
1.419146503e-22
1.378497946e-22
1.338263352e-22
1.298901791e-22
1.260832174e-22
1.224064775e-22
6.058732386e-23
6.002923614e-23
5.936032863e-23
5.851281203e-23
5.749605081e-23
5.643786212e-23
5.533248081e-23
5.428858424e-23
5.320305404e-23
5.196102192e-23
5.072184984e-23
4.951291066e-23
4.826222307e-23
4.699216121e-23
4.574522252e-23
4.451892275e-23
4.327633652e-23
4.20473975e-23
4.084012004e-23
3.961593063e-23
3.841852139e-23
3.729564113e-23
3.622886251e-23
-1.290508198e-22
-1.277956087e-22
-1.262020868e-22
-1.243875635e-22
-1.224267602e-22
-1.202769176e-22
-1.179615831e-22
-1.154340914e-22
-1.128256151e-22
-1.102878174e-22
-1.076941021e-22
-1.050018068e-22
-1.023183695e-22
-9.966563568e-23
-9.701075971e-23
-9.435979759e-23
-9.176408996e-23
-8.91870611e-23
-8.663355667e-23
-8.417794116e-23
-8.177393836e-23
-7.937182249e-23
-7.700455044e-23
1.316033174e-22
1.302719057e-22
1.286521585e-22
1.267530102e-22
1.24588559e-22
1.222657463e-22
1.198466902e-22
1.174291387e-22
1.149384532e-22
1.122421716e-22
1.095157633e-22
1.06862888e-22
1.041800288e-22
1.014428633e-22
9.872254688e-23
9.603574137e-23
9.334086457e-23
9.070188296e-23
8.812298423e-23
8.553468043e-23
8.299281993e-23
8.056406538e-23
7.822636486e-23
5.008597366e-23
4.956649485e-23
4.895042442e-23
4.821221159e-23
4.733703441e-23
4.641002338e-23
4.547021436e-23
4.45981636e-23
4.370111019e-23
4.263203969e-23
4.155319173e-23
4.058187277e-23
3.960202513e-23
3.855025521e-23
3.75045927e-23
3.648172457e-23
3.543079262e-23
3.442448291e-23
3.346602499e-23
3.245674835e-23
3.145341945e-23
3.053780188e-23
2.967478615e-23
-1.861215903e-22
-1.840473403e-22
-1.815475046e-22
-1.787443816e-22
-1.757361818e-22
-1.725011661e-22
-1.690492619e-22
-1.653710361e-22
-1.615935506e-22
-1.578850896e-22
-1.54129708e-22
-1.502141223e-22
-1.463008384e-22
-1.424682706e-22
-1.386485533e-22
-1.348511814e-22
-1.31137844e-22
-1.27436883e-22
-1.237692141e-22
-1.202369281e-22
-1.167867491e-22
-1.133596098e-22
-1.09988694e-22
5.459155313e-23
5.397289162e-23
5.32614944e-23
5.243278222e-23
5.145782525e-23
5.042191664e-23
4.939158579e-23
4.8410211e-23
4.739688564e-23
4.623444922e-23
4.505537495e-23
4.399332671e-23
4.292761481e-23
4.178443704e-23
4.064626778e-23
3.952950022e-23
3.838870769e-23
3.729772862e-23
3.62487395e-23
3.516206204e-23
3.408627967e-23
3.309477212e-23
3.215817273e-23
-5.501709014e-23
-5.435263832e-23
-5.355378236e-23
-5.26728067e-23
-5.179642848e-23
-5.087176965e-23
-4.983190049e-23
-4.867630032e-23
-4.75044782e-23
-4.64317943e-23
-4.535672034e-23
-4.414902962e-23
-4.293482361e-23
-4.180882877e-23
-4.069266556e-23
-3.958513672e-23
-3.852958107e-23
-3.74385929e-23
-3.634851509e-23
-3.533526129e-23
-3.434893296e-23
-3.33417327e-23
-3.232688635e-23
-3.591101985e-23
-3.54605027e-23
-3.491676957e-23
-3.430695134e-23
-3.375286938e-23
-3.318417276e-23
-3.24893765e-23
-3.170215743e-23
-3.091480931e-23
-3.022803208e-23
-2.954147258e-23
-2.873414134e-23
-2.79133015e-23
-2.7174905e-23
-2.645622589e-23
-2.574155184e-23
-2.507058935e-23
-2.436115205e-23
-2.365102509e-23
-2.299762018e-23
-2.236120102e-23
-2.171173416e-23
-2.104901948e-23
-6.156564312e-24
-6.071386086e-24
-5.951941135e-24
-5.801771946e-24
-5.760407359e-24
-5.746863621e-24
-5.615118154e-24
-5.410982946e-24
-5.224434606e-24
-5.147972548e-24
-5.068870363e-24
-4.881159865e-24
-4.687035537e-24
-4.556395097e-24
-4.446461419e-24
-4.338952774e-24
-4.265616974e-24
-4.146225618e-24
-4.019179179e-24
-3.927521773e-24
-3.837791188e-24
-3.737096105e-24
-3.609485722e-24
-1.72189001e-23
-1.698591445e-23
-1.669959039e-23
-1.635547917e-23
-1.611266119e-23
-1.590101203e-23
-1.555551144e-23
-1.512566858e-23
-1.471375629e-23
-1.441330303e-23
-1.410124967e-23
-1.36830551e-23
-1.326710739e-23
-1.290274976e-23
-1.256463339e-23
-1.223365118e-23
-1.1942033e-23
-1.160489687e-23
-1.12664435e-23
-1.096124587e-23
-1.065826793e-23
-1.036614557e-23
-1.005013766e-23
6.756967973e-25
6.789333374e-25
6.902657935e-25
7.446846189e-25
6.735779388e-25
5.439533345e-25
5.477046991e-25
6.202257929e-25
6.640036674e-25
5.954271861e-25
5.440726771e-25
5.86579267e-25
6.287686291e-25
6.25417794e-25
5.942527189e-25
5.618664625e-25
4.951841761e-25
4.837562496e-25
4.710896172e-25
4.401637747e-25
4.142430286e-25
3.810626236e-25
3.844320553e-25
5.392155801e-23
5.318967909e-23
5.236616963e-23
5.150317414e-23
5.046993073e-23
4.933338357e-23
4.828315822e-23
4.728277353e-23
4.623484273e-23
4.506116825e-23
4.390838449e-23
4.284015323e-23
4.177667779e-23
4.067665403e-23
3.955174467e-23
3.844291425e-23
3.731376052e-23
3.626155315e-23
3.522460434e-23
3.418883865e-23
3.318389693e-23
3.219597286e-23
3.127290295e-23
1.658470391e-24
1.656004574e-24
1.646008231e-24
1.672268296e-24
1.596243613e-24
1.454843841e-24
1.435176992e-24
1.488919263e-24
1.503815086e-24
1.41190581e-24
1.350614392e-24
1.374356277e-24
1.391383404e-24
1.364409604e-24
1.310186116e-24
1.260763136e-24
1.173647552e-24
1.145133872e-24
1.111562033e-24
1.056739575e-24
1.016675717e-24
9.731930132e-25
9.563830407e-25
-2.926750205e-24
-2.858930775e-24
-2.798373427e-24
-2.69379828e-24
-2.678037778e-24
-2.732994542e-24
-2.654821262e-24
-2.508033554e-24
-2.412184522e-24
-2.403938597e-24
-2.362603864e-24
-2.247933443e-24
-2.13847346e-24
-2.06970635e-24
-2.031015645e-24
-1.99023267e-24
-1.980809727e-24
-1.916428501e-24
-1.865659684e-24
-1.84259108e-24
-1.797648454e-24
-1.749932109e-24
-1.68910273e-24
1.352824834e-23
1.334785361e-23
1.313189684e-23
1.29400594e-23
1.26516838e-23
1.227446562e-23
1.202435809e-23
1.183293002e-23
1.158165022e-23
1.124812086e-23
1.095057625e-23
1.072023922e-23
1.048451333e-23
1.021230272e-23
9.915903619e-24
9.621645428e-24
9.311310446e-24
9.061827965e-24
8.793768289e-24
8.500299249e-24
8.250481533e-24
8.013439198e-24
7.780689687e-24
-1.950597244e-23
-1.917342704e-23
-1.8834989e-23
-1.842512817e-23
-1.807683054e-23
-1.780616788e-23
-1.738371404e-23
-1.68947457e-23
-1.647011298e-23
-1.610505251e-23
-1.570260978e-23
-1.524174612e-23
-1.479728683e-23
-1.438708667e-23
-1.400714317e-23
-1.363634986e-23
-1.328766282e-23
-1.289534469e-23
-1.253631304e-23
-1.221450759e-23
-1.18650272e-23
-1.151798798e-23
-1.118411306e-23
3.761039854e-24
3.724200413e-24
3.663355966e-24
3.640553321e-24
3.538953861e-24
3.352045711e-24
3.29636785e-24
3.305096355e-24
3.246540264e-24
3.117349431e-24
3.032451384e-24
3.003223876e-24
2.958574409e-24
2.886664188e-24
2.793640727e-24
2.694404946e-24
2.585891049e-24
2.527296239e-24
2.436081963e-24
2.331501976e-24
2.262513284e-24
2.194440731e-24
2.129612631e-24
)
;
    }
    front_middle
    {
        type            wedge;
        value           nonuniform 0();
    }
    front_bottom
    {
        type            wedge;
        value           nonuniform 0();
    }
    back_top
    {
        type            wedge;
        value           nonuniform List<scalar> 
1166
(
-6.879526221e-27
-3.010409783e-26
-1.09420932e-25
-2.073347254e-26
2.261906852e-25
-1.237711675e-25
-2.056057212e-25
1.775242921e-25
-8.154833859e-28
5.146931371e-25
-4.042488008e-25
-9.246873427e-25
-2.511370562e-25
-3.369404365e-25
4.83189128e-26
5.90789549e-26
-6.510366947e-26
-9.681737866e-26
-6.517850622e-26
-2.919607473e-25
5.09245367e-26
1.86953104e-25
-1.708814822e-25
-1.623032561e-24
-1.720583213e-24
-1.959003936e-24
-1.722291146e-24
-1.020240323e-24
-2.000313907e-24
-2.227926348e-24
-1.119084982e-24
-1.623046258e-24
-2.173630825e-24
-2.683991566e-24
-2.060684377e-24
-2.286522024e-24
-2.229592547e-24
-1.22313142e-24
-1.385930143e-24
-1.59505228e-24
-1.640235379e-24
-1.512499869e-24
-1.52782063e-24
-1.131292489e-24
-1.344918387e-24
-1.709098043e-24
6.432907733e-24
6.417241367e-24
6.114000791e-24
6.551912653e-24
7.139660859e-24
6.107283346e-24
5.664781324e-24
6.835291232e-24
6.59477431e-24
5.877457894e-24
5.304910471e-24
5.78684836e-24
5.536581053e-24
5.236004446e-24
5.812908125e-24
5.703476444e-24
5.374241365e-24
5.135944929e-24
5.13820571e-24
5.022376271e-24
4.948950936e-24
4.628154663e-24
4.376097486e-24
4.379808375e-24
-4.511052613e-24
-4.372547032e-24
-4.533083077e-24
-4.464167349e-24
-4.292813323e-24
-5.070065472e-24
-5.181797497e-24
-4.024280261e-24
-3.979447316e-24
-4.773850608e-24
-5.264484666e-24
-4.490698338e-24
-4.626300701e-24
-4.812508522e-24
-4.06503387e-24
-3.979443488e-24
-4.053816956e-24
-3.768628728e-24
-3.789135298e-24
-3.982112019e-24
-3.62753726e-24
-3.69262869e-24
-3.545066996e-24
-3.424386512e-24
7.455088393e-24
8.089319545e-24
8.224340941e-24
8.15754917e-24
8.122548841e-24
7.349783109e-24
7.325301007e-24
8.56006864e-24
8.225426991e-24
7.250424172e-24
6.99006764e-24
7.187735476e-24
6.880997642e-24
6.804869923e-24
7.162546277e-24
6.912528781e-24
6.561801399e-24
6.668208648e-24
6.383939323e-24
5.811674392e-24
5.927078996e-24
5.748429985e-24
5.530910303e-24
5.284098177e-24
2.739980695e-24
2.994360211e-24
3.172927333e-24
3.200968687e-24
3.033537229e-24
2.466337269e-24
2.566993216e-24
3.377237502e-24
3.079823548e-24
2.490554259e-24
2.385383547e-24
2.492220116e-24
2.40152249e-24
2.384193024e-24
2.572775976e-24
2.574522583e-24
2.405521479e-24
2.412968304e-24
2.240715267e-24
1.944377736e-24
2.116635107e-24
2.147068258e-24
1.956958032e-24
1.865484173e-24
-4.944971336e-24
-5.057893775e-24
-4.875190609e-24
-4.773669197e-24
-5.041872099e-24
-5.499976182e-24
-5.275662783e-24
-4.62489061e-24
-4.86317001e-24
-5.263887658e-24
-5.205540563e-24
-4.99891722e-24
-4.910678988e-24
-4.801320573e-24
-4.606145964e-24
-4.336085445e-24
-4.314124231e-24
-4.279044422e-24
-4.268398939e-24
-4.315651068e-24
-3.946392878e-24
-3.644447461e-24
-3.77174048e-24
-3.683304047e-24
-4.946162648e-23
-5.048944982e-23
-5.063997455e-23
-5.061734838e-23
-5.099791176e-23
-5.128153398e-23
-5.072055894e-23
-4.979893789e-23
-4.959823223e-23
-4.946148008e-23
-4.872944705e-23
-4.769388809e-23
-4.693809282e-23
-4.614724462e-23
-4.509038194e-23
-4.379650432e-23
-4.283792803e-23
-4.195479461e-23
-4.094204222e-23
-3.997496422e-23
-3.853674972e-23
-3.709925023e-23
-3.641665951e-23
-3.551388846e-23
7.370444242e-23
7.459045542e-23
7.552430739e-23
7.607140191e-23
7.576318386e-23
7.510522478e-23
7.495247385e-23
7.475769628e-23
7.363358127e-23
7.22393423e-23
7.119539276e-23
7.029537497e-23
6.908518379e-23
6.761397037e-23
6.619945153e-23
6.505366804e-23
6.348684383e-23
6.167208726e-23
5.987954267e-23
5.816185633e-23
5.683845406e-23
5.543193205e-23
5.343461891e-23
5.178859553e-23
-7.414314668e-25
-9.320338959e-25
-7.066888715e-25
-4.06766827e-25
-6.927839338e-25
-1.096896054e-24
-9.093719402e-25
-5.004440323e-25
-5.912007598e-25
-1.035812096e-24
-1.133488602e-24
-9.302450016e-25
-7.716034593e-25
-9.363397916e-25
-9.297270299e-25
-5.265475559e-25
-5.5430132e-25
-7.097383302e-25
-8.341312991e-25
-9.45599022e-25
-6.54904812e-25
-4.107680534e-25
-6.481099565e-25
-5.981853403e-25
-4.586135868e-23
-4.666742952e-23
-4.680378269e-23
-4.654305159e-23
-4.682469494e-23
-4.707172869e-23
-4.655291339e-23
-4.585182739e-23
-4.541436331e-23
-4.512617234e-23
-4.458386974e-23
-4.374696661e-23
-4.273859608e-23
-4.199968026e-23
-4.114843626e-23
-3.985720529e-23
-3.897117491e-23
-3.804219611e-23
-3.706890281e-23
-3.625915292e-23
-3.505595087e-23
-3.386005789e-23
-3.300344072e-23
-3.199469411e-23
2.818156206e-23
2.836572635e-23
2.87283865e-23
2.913422697e-23
2.891565251e-23
2.84467946e-23
2.839532336e-23
2.833512902e-23
2.795694191e-23
2.735884923e-23
2.677833244e-23
2.632806735e-23
2.600524429e-23
2.547742092e-23
2.488997102e-23
2.448736187e-23
2.384004068e-23
2.31721635e-23
2.240346913e-23
2.172498363e-23
2.130680283e-23
2.07248863e-23
2.003074001e-23
1.947221653e-23
-9.938019707e-24
-1.021669648e-23
-1.014452057e-23
-9.883489877e-24
-9.997346559e-24
-1.025066143e-23
-1.005711748e-23
-9.800029935e-24
-9.715137514e-24
-9.739659788e-24
-9.780120412e-24
-9.671016073e-24
-9.293443244e-24
-8.985852594e-24
-8.799787517e-24
-8.506175876e-24
-8.301841544e-24
-8.110156943e-24
-8.074874701e-24
-7.846063224e-24
-7.435534757e-24
-7.249572595e-24
-7.096941267e-24
-6.85667824e-24
-7.349556513e-23
-7.441204592e-23
-7.476973316e-23
-7.469018212e-23
-7.462535684e-23
-7.447392291e-23
-7.382911251e-23
-7.294957862e-23
-7.206788473e-23
-7.123667068e-23
-7.02215403e-23
-6.893836548e-23
-6.744316939e-23
-6.58981675e-23
-6.441455235e-23
-6.279791406e-23
-6.119622504e-23
-5.963200608e-23
-5.814748916e-23
-5.652362097e-23
-5.482654305e-23
-5.31656652e-23
-5.164822727e-23
-5.016469668e-23
2.095121025e-23
2.106381524e-23
2.123532496e-23
2.142259351e-23
2.133547218e-23
2.10586178e-23
2.092773434e-23
2.082931259e-23
2.056994742e-23
2.000941186e-23
1.955830379e-23
1.923012558e-23
1.896240588e-23
1.869468855e-23
1.817315031e-23
1.777899697e-23
1.736521997e-23
1.684187312e-23
1.628291211e-23
1.582413776e-23
1.546389118e-23
1.505832411e-23
1.455750125e-23
1.415813358e-23
1.484766784e-22
1.497774771e-22
1.50531078e-22
1.507646459e-22
1.503280783e-22
1.493230748e-22
1.480616267e-22
1.465503464e-22
1.446370445e-22
1.421299042e-22
1.395378517e-22
1.369360976e-22
1.342199699e-22
1.314018706e-22
1.282255629e-22
1.250696443e-22
1.218817262e-22
1.185958011e-22
1.152809497e-22
1.120459451e-22
1.089517888e-22
1.058286909e-22
1.026463624e-22
9.970894443e-23
1.509914585e-23
1.513223335e-23
1.522286765e-23
1.532438986e-23
1.527422004e-23
1.507910214e-23
1.494710662e-23
1.490657264e-23
1.473463538e-23
1.420068064e-23
1.38402912e-23
1.366445676e-23
1.345740779e-23
1.329868766e-23
1.292052331e-23
1.256928431e-23
1.226248586e-23
1.191168156e-23
1.148243199e-23
1.117908347e-23
1.101883431e-23
1.066536468e-23
1.02786251e-23
1.003704309e-23
-2.283151668e-23
-2.312128388e-23
-2.318357125e-23
-2.309080678e-23
-2.298473236e-23
-2.290857046e-23
-2.269786809e-23
-2.226893602e-23
-2.18982796e-23
-2.187799155e-23
-2.157039015e-23
-2.099578536e-23
-2.050575661e-23
-1.989080327e-23
-1.946290217e-23
-1.903858101e-23
-1.852501285e-23
-1.803331594e-23
-1.764117388e-23
-1.71446679e-23
-1.645893888e-23
-1.603623593e-23
-1.564886244e-23
-1.510909476e-23
-2.459394703e-22
-2.466197458e-22
-2.462815519e-22
-2.451693186e-22
-2.433722242e-22
-2.408413636e-22
-2.376381945e-22
-2.340203886e-22
-2.303565972e-22
-2.261617935e-22
-2.213923727e-22
-2.164964546e-22
-2.113143744e-22
-2.062299119e-22
-2.011225176e-22
-1.958464247e-22
-1.905741988e-22
-1.85458199e-22
-1.80287168e-22
-1.749242158e-22
-1.69885318e-22
-1.65035958e-22
-1.601178913e-22
1.320884139e-22
1.323726937e-22
1.32212269e-22
1.315515459e-22
1.304508074e-22
1.290574732e-22
1.274099244e-22
1.254689888e-22
1.229846063e-22
1.204490921e-22
1.180568814e-22
1.154820962e-22
1.129727505e-22
1.101494301e-22
1.072034821e-22
1.044335419e-22
1.016403835e-22
9.874589392e-23
9.600608631e-23
9.348584971e-23
9.076949494e-23
8.802817396e-23
8.549249747e-23
-3.855021923e-23
-3.86011404e-23
-3.843401066e-23
-3.817218688e-23
-3.783865933e-23
-3.735806736e-23
-3.678764168e-23
-3.615918032e-23
-3.574627008e-23
-3.51970356e-23
-3.436140004e-23
-3.352106243e-23
-3.253324322e-23
-3.180237552e-23
-3.114155036e-23
-3.029097938e-23
-2.946201929e-23
-2.872823152e-23
-2.788375661e-23
-2.689974643e-23
-2.613372224e-23
-2.544445746e-23
-2.467932793e-23
-5.543446959e-23
-5.546883751e-23
-5.521181501e-23
-5.479444559e-23
-5.425975409e-23
-5.354435071e-23
-5.274804634e-23
-5.185643014e-23
-5.108746051e-23
-5.019592477e-23
-4.906669423e-23
-4.787535816e-23
-4.654543387e-23
-4.546000134e-23
-4.443888159e-23
-4.325447737e-23
-4.206990136e-23
-4.094968179e-23
-3.975433791e-23
-3.848354784e-23
-3.738032824e-23
-3.632613908e-23
-3.524784368e-23
2.500499902e-23
2.499174391e-23
2.497787211e-23
2.486185771e-23
2.462217521e-23
2.436065992e-23
2.39696369e-23
2.352979853e-23
2.294631338e-23
2.237280546e-23
2.189904817e-23
2.144876442e-23
2.111332567e-23
2.0536435e-23
1.985972341e-23
1.934312803e-23
1.884523484e-23
1.831419841e-23
1.784950324e-23
1.744445932e-23
1.692866286e-23
1.642708557e-23
1.594819242e-23
3.86994083e-23
3.866050139e-23
3.855165268e-23
3.830372302e-23
3.792231457e-23
3.745665182e-23
3.683267721e-23
3.614443612e-23
3.533390599e-23
3.452417879e-23
3.374935961e-23
3.299670164e-23
3.235202242e-23
3.151576243e-23
3.059513472e-23
2.977803284e-23
2.898373051e-23
2.819274313e-23
2.745216637e-23
2.675077398e-23
2.595706756e-23
2.51927829e-23
2.447365215e-23
-8.839050737e-23
-8.819275134e-23
-8.761214148e-23
-8.676204986e-23
-8.567807022e-23
-8.441514034e-23
-8.308278331e-23
-8.161709813e-23
-8.009848727e-23
-7.845475616e-23
-7.674249113e-23
-7.495073169e-23
-7.299278083e-23
-7.117388909e-23
-6.941705105e-23
-6.759130796e-23
-6.575425179e-23
-6.390710771e-23
-6.205266252e-23
-6.022868211e-23
-5.849721245e-23
-5.677226166e-23
-5.508401701e-23
1.166188369e-22
1.16280517e-22
1.155761063e-22
1.14516512e-22
1.131582918e-22
1.11535407e-22
1.096194055e-22
1.075416575e-22
1.053136709e-22
1.030298374e-22
1.006727937e-22
9.830245686e-23
9.6033499e-23
9.361332731e-23
9.112192161e-23
8.867804565e-23
8.625829514e-23
8.390858424e-23
8.157651927e-23
7.928423913e-23
7.700188141e-23
7.476832818e-23
7.257999762e-23
1.844876308e-22
1.837699642e-22
1.824566037e-22
1.806122388e-22
1.783217958e-22
1.756492263e-22
1.725813123e-22
1.69275618e-22
1.657807486e-22
1.621849486e-22
1.584649016e-22
1.547048157e-22
1.510403768e-22
1.472244484e-22
1.433435374e-22
1.394989395e-22
1.356762236e-22
1.319670978e-22
1.282521438e-22
1.246168985e-22
1.21045821e-22
1.175201374e-22
1.140674377e-22
-6.527210988e-23
-6.495754743e-23
-6.440497543e-23
-6.364741047e-23
-6.270085373e-23
-6.165508084e-23
-6.061742535e-23
-5.95106149e-23
-5.834081807e-23
-5.708578914e-23
-5.584865254e-23
-5.454091201e-23
-5.308960611e-23
-5.174152118e-23
-5.043196578e-23
-4.910753708e-23
-4.777967459e-23
-4.64046241e-23
-4.506728338e-23
-4.374582611e-23
-4.242781687e-23
-4.115689278e-23
-3.995744045e-23
-1.070119814e-22
-1.064075547e-22
-1.054629409e-22
-1.041860382e-22
-1.026305804e-22
-1.009188107e-22
-9.915020136e-23
-9.728751182e-23
-9.531051777e-23
-9.32170741e-23
-9.116189094e-23
-8.900099145e-23
-8.669249972e-23
-8.449155595e-23
-8.231094066e-23
-8.012916375e-23
-7.794648965e-23
-7.573833067e-23
-7.356089767e-23
-7.141227803e-23
-6.929658786e-23
-6.724622761e-23
-6.528220006e-23
-4.779605125e-23
-4.748054221e-23
-4.704345103e-23
-4.64396366e-23
-4.567450443e-23
-4.486984809e-23
-4.407322911e-23
-4.326901307e-23
-4.242847338e-23
-4.148583544e-23
-4.05717114e-23
-3.962101441e-23
-3.855937773e-23
-3.756710462e-23
-3.660399043e-23
-3.564664701e-23
-3.467884001e-23
-3.368516334e-23
-3.269290237e-23
-3.17096295e-23
-3.074967119e-23
-2.983751978e-23
-2.898451273e-23
-1.165741491e-22
-1.157118299e-22
-1.145597497e-22
-1.130805682e-22
-1.112902128e-22
-1.093683399e-22
-1.073515723e-22
-1.052848496e-22
-1.031523568e-22
-1.008475626e-22
-9.851824589e-23
-9.61751543e-23
-9.371971402e-23
-9.129743804e-23
-8.891006252e-23
-8.654209716e-23
-8.417191588e-23
-8.179922745e-23
-7.943314989e-23
-7.709371381e-23
-7.481468718e-23
-7.262136682e-23
-7.051835171e-23
1.915732986e-23
1.902008613e-23
1.877266976e-23
1.852828642e-23
1.833687155e-23
1.806894153e-23
1.774814237e-23
1.730742629e-23
1.683292504e-23
1.649233874e-23
1.611117198e-23
1.567542635e-23
1.532558353e-23
1.495441751e-23
1.454747956e-23
1.412282145e-23
1.372207609e-23
1.335989649e-23
1.300875951e-23
1.268208272e-23
1.235257342e-23
1.198848697e-23
1.159945773e-23
2.044631674e-22
2.027086834e-22
2.003713158e-22
1.976392117e-22
1.946231626e-22
1.912773727e-22
1.876714751e-22
1.837785519e-22
1.797378654e-22
1.757185056e-22
1.715970311e-22
1.673780149e-22
1.631888392e-22
1.589858471e-22
1.54764363e-22
1.505490346e-22
1.46389448e-22
1.422948228e-22
1.382553776e-22
1.343131547e-22
1.304470046e-22
1.266163906e-22
1.228483048e-22
6.121093409e-23
6.065030643e-23
5.989629795e-23
5.906674988e-23
5.820117636e-23
5.721282598e-23
5.613813214e-23
5.489795022e-23
5.361987917e-23
5.24368077e-23
5.120838262e-23
4.992188528e-23
4.866079213e-23
4.741288677e-23
4.615050133e-23
4.488122548e-23
4.364937607e-23
4.243331021e-23
4.122825211e-23
4.008412544e-23
3.896131692e-23
3.781450502e-23
3.666916257e-23
-1.284192574e-22
-1.271776766e-22
-1.256549772e-22
-1.238362507e-22
-1.217474204e-22
-1.195142976e-22
-1.171748011e-22
-1.148372569e-22
-1.124201634e-22
-1.09809106e-22
-1.071724677e-22
-1.04578351e-22
-1.019445143e-22
-9.92737174e-23
-9.662421091e-23
-9.400412762e-23
-9.137813717e-23
-8.879580699e-23
-8.626337872e-23
-8.372762529e-23
-8.124282346e-23
-7.886433066e-23
-7.657285815e-23
1.32242609e-22
1.308874766e-22
1.292078952e-22
1.272979342e-22
1.252433326e-22
1.230174004e-22
1.206195975e-22
1.180142226e-22
1.153252189e-22
1.127242385e-22
1.100754903e-22
1.072981904e-22
1.045272416e-22
1.018066911e-22
9.909130377e-23
9.638308514e-23
9.373463866e-23
9.109866565e-23
8.847825853e-23
8.596781953e-23
8.35157292e-23
8.106207242e-23
7.86426272e-23
5.07335995e-23
5.017998516e-23
4.949690086e-23
4.874820806e-23
4.798516643e-23
4.715241336e-23
4.62341199e-23
4.517259626e-23
4.40797505e-23
4.311684036e-23
4.213526428e-23
4.102751057e-23
3.992130312e-23
3.888672462e-23
3.785672903e-23
3.681969095e-23
3.583276738e-23
3.482776764e-23
3.380421503e-23
3.287166636e-23
3.197214954e-23
3.102842213e-23
3.00796969e-23
-1.85480173e-22
-1.834356981e-22
-1.810116141e-22
-1.782202192e-22
-1.750947787e-22
-1.717665008e-22
-1.683056703e-22
-1.648065353e-22
-1.612126983e-22
-1.57399749e-22
-1.535386061e-22
-1.497782382e-22
-1.459937746e-22
-1.421388175e-22
-1.383111545e-22
-1.345227064e-22
-1.307415655e-22
-1.270440748e-22
-1.234262978e-22
-1.198216481e-22
-1.162781445e-22
-1.128743473e-22
-1.09590017e-22
5.522828101e-23
5.458317167e-23
5.37998416e-23
5.294173348e-23
5.207673118e-23
5.115050077e-23
5.011936108e-23
4.896576146e-23
4.778871475e-23
4.671899295e-23
4.564219418e-23
4.443122384e-23
4.322049259e-23
4.209249006e-23
4.097171669e-23
3.985000328e-23
3.878019426e-23
3.768965088e-23
3.659049464e-23
3.557385667e-23
3.458857547e-23
3.356780484e-23
3.254477489e-23
-5.438378242e-23
-5.374329293e-23
-5.301414165e-23
-5.218244282e-23
-5.119915969e-23
-5.014716557e-23
-4.91160431e-23
-4.81301901e-23
-4.7108099e-23
-4.594986474e-23
-4.477181615e-23
-4.371121096e-23
-4.265719457e-23
-4.152133809e-23
-4.03898922e-23
-3.927001675e-23
-3.812813937e-23
-3.70499566e-23
-3.600491606e-23
-3.492869234e-23
-3.386752155e-23
-3.28772523e-23
-3.194696766e-23
-3.527955139e-23
-3.485131127e-23
-3.43761456e-23
-3.385083684e-23
-3.317757641e-23
-3.244632065e-23
-3.178160154e-23
-3.116579242e-23
-3.051934948e-23
-2.974883049e-23
-2.896550052e-23
-2.829552519e-23
-2.763967537e-23
-2.690780649e-23
-2.61651765e-23
-2.543173929e-23
-2.467577365e-23
-2.397586582e-23
-2.330038159e-23
-2.259747814e-23
-2.190579664e-23
-2.126019975e-23
-2.066161899e-23
-5.526705442e-24
-5.462925458e-24
-5.411220195e-24
-5.371766478e-24
-5.208951679e-24
-5.006833384e-24
-4.913525147e-24
-4.886099854e-24
-4.836227387e-24
-4.67262835e-24
-4.51018981e-24
-4.45513489e-24
-4.406934683e-24
-4.29653567e-24
-4.166768499e-24
-4.036928606e-24
-3.876466331e-24
-3.765007434e-24
-3.665273737e-24
-3.534967685e-24
-3.407476278e-24
-3.29641096e-24
-3.217760159e-24
-1.65900669e-23
-1.637851151e-23
-1.615844039e-23
-1.594432334e-23
-1.558796716e-23
-1.516883794e-23
-1.485820243e-23
-1.461373592e-23
-1.433840629e-23
-1.394267334e-23
-1.355434713e-23
-1.326917007e-23
-1.298427058e-23
-1.265139208e-23
-1.229644802e-23
-1.19411414e-23
-1.155749817e-23
-1.122790488e-23
-1.091203993e-23
-1.057685477e-23
-1.025323047e-23
-9.934995508e-24
-9.656052974e-24
1.30612832e-24
1.276057616e-24
1.234403348e-24
1.146678223e-24
1.182172811e-24
1.2744776e-24
1.231953189e-24
1.119656888e-24
1.035486962e-24
1.063139212e-24
1.073350421e-24
9.895961242e-25
9.06311299e-25
8.688256332e-25
8.593787407e-25
8.515800511e-25
8.787559868e-25
8.511863999e-25
8.256189058e-25
8.191097612e-25
8.084260255e-25
8.059606255e-25
7.678502807e-25
5.455396393e-23
5.37754808e-23
5.290335749e-23
5.1910731e-23
5.09702771e-23
5.004442002e-23
4.895446206e-23
4.776804734e-23
4.659819955e-23
4.552506555e-23
4.442429643e-23
4.32308493e-23
4.204517368e-23
4.091056886e-23
3.98127774e-23
3.872704408e-23
3.769719427e-23
3.662053159e-23
3.55703034e-23
3.456318562e-23
3.357163894e-23
3.261584506e-23
3.164572722e-23
2.28412142e-24
2.230114837e-24
2.177148535e-24
2.082350878e-24
2.08568831e-24
2.151385991e-24
2.092750392e-24
1.959135533e-24
1.863371211e-24
1.873488859e-24
1.852689509e-24
1.74657178e-24
1.64783988e-24
1.593555004e-24
1.567083792e-24
1.536916026e-24
1.54569046e-24
1.497012404e-24
1.454933385e-24
1.435738939e-24
1.40351658e-24
1.376666908e-24
1.324956476e-24
-2.306210115e-24
-2.296884784e-24
-2.272282754e-24
-2.284292637e-24
-2.202192773e-24
-2.046009095e-24
-2.019483277e-24
-2.059652568e-24
-2.048059493e-24
-1.947336244e-24
-1.879377455e-24
-1.884552753e-24
-1.885532892e-24
-1.846495691e-24
-1.778152833e-24
-1.713550585e-24
-1.61912849e-24
-1.581262659e-24
-1.531940007e-24
-1.457077348e-24
-1.406545674e-24
-1.361294246e-24
-1.331572662e-24
1.413638356e-23
1.389738491e-23
1.365434974e-23
1.334671857e-23
1.311092522e-23
1.294907589e-23
1.26400913e-23
1.22655562e-23
1.19475022e-23
1.170111465e-23
1.141993665e-23
1.106909057e-23
1.073183787e-23
1.043402802e-23
1.016479938e-23
9.903013892e-24
9.664614975e-24
9.374613257e-24
9.115173606e-24
8.892918849e-24
8.640201352e-24
8.388208868e-24
8.14334172e-24
-1.890779194e-23
-1.863636414e-23
-1.832201571e-23
-1.802298757e-23
-1.762977181e-23
-1.71432072e-23
-1.678033887e-23
-1.647632694e-23
-1.610569081e-23
-1.565929057e-23
-1.525353514e-23
-1.490294173e-23
-1.455069377e-23
-1.416785394e-23
-1.376235775e-23
-1.336026084e-23
-1.294672447e-23
-1.259033266e-23
-1.221893387e-23
-1.182645371e-23
-1.148050847e-23
-1.115108399e-23
-1.082285592e-23
4.344964544e-24
4.248821071e-24
4.168880496e-24
4.036696212e-24
3.977780178e-24
4.003483447e-24
3.889903532e-24
3.711715602e-24
3.601880863e-24
3.556831104e-24
3.47021437e-24
3.326832254e-24
3.203011965e-24
3.107396095e-24
3.034165971e-24
2.970105398e-24
2.917541765e-24
2.818362958e-24
2.755849659e-24
2.710162207e-24
2.632863214e-24
2.558930648e-24
2.484194344e-24
)
;
    }
    back_middle
    {
        type            wedge;
        value           nonuniform 0();
    }
    back_bottom
    {
        type            wedge;
        value           nonuniform 0();
    }
    axis_top
    {
        type            symmetryPlane;
        value           nonuniform 0();
    }
    axis_middle
    {
        type            symmetryPlane;
        value           nonuniform 0();
    }
    axis_bottom
    {
        type            symmetryPlane;
        value           nonuniform 0();
    }
    wall_top
    {
        type            calculated;
        value           uniform 0;
    }
    wall_middle
    {
        type            calculated;
        value           nonuniform 0();
    }
    wall_bottom
    {
        type            calculated;
        value           nonuniform 0();
    }
    inlet
    {
        type            calculated;
        value           nonuniform 0();
    }
    outlet
    {
        type            calculated;
        value           nonuniform 0();
    }
    procBoundary9to8
    {
        type            processor;
        value           nonuniform List<scalar> 
51
(
4.567434983e-11
1.336495665e-10
-1.417669756e-14
2.167032883e-10
2.950665715e-10
3.689251789e-10
4.384687811e-10
5.038806222e-10
5.653375997e-10
6.230104296e-10
6.770636908e-10
7.276561754e-10
7.749407825e-10
8.190649375e-10
8.601704577e-10
8.983939252e-10
9.33866681e-10
9.667151355e-10
9.970606981e-10
1.025020189e-09
1.050705654e-09
1.074224895e-09
1.095681286e-09
1.115174148e-09
1.132798716e-09
1.14864627e-09
1.162804501e-09
1.175357382e-09
1.186385457e-09
1.195965816e-09
1.204172329e-09
1.211075918e-09
1.216744258e-09
1.22124219e-09
1.224631872e-09
1.226972782e-09
1.2283217e-09
1.228733022e-09
1.228258797e-09
1.226948742e-09
1.224850307e-09
1.222008957e-09
1.218468157e-09
1.214269306e-09
1.209452052e-09
1.20405413e-09
1.198111759e-09
1.191659382e-09
1.184729918e-09
1.177354761e-09
1.169563811e-09
)
;
    }
    procBoundary9to10
    {
        type            processor;
        value           nonuniform List<scalar> 
51
(
-4.578198842e-11
-1.339634865e-10
-2.17225652e-10
-2.957701711e-10
-3.697923488e-10
-4.394811611e-10
-5.050195158e-10
-5.665840298e-10
-6.243453369e-10
-6.784684588e-10
-7.291121813e-10
-7.764302703e-10
-8.205703373e-10
-8.616751454e-10
-8.998819402e-10
-9.353227887e-10
-9.681252609e-10
-9.984114875e-10
9.661170199e-13
-1.026232693e-09
-1.051838315e-09
-1.075267975e-09
-1.096625964e-09
-1.116012526e-09
-1.133524125e-09
-1.149253038e-09
-1.163287787e-09
-1.175713273e-09
-1.186610964e-09
-1.196058993e-09
-1.204131759e-09
-1.210900716e-09
-1.216434237e-09
-1.220797897e-09
-1.224054244e-09
-1.226262965e-09
-1.227481249e-09
-1.227763896e-09
-1.227163381e-09
-1.225729575e-09
-1.223510191e-09
-1.220550961e-09
-1.216895635e-09
-1.212585685e-09
-1.207660834e-09
-1.202159044e-09
-1.196116671e-09
-1.189568029e-09
-1.182546056e-09
-1.175082327e-09
-1.167206707e-09
)
;
    }
}


// ************************************************************************* //
