/*--------------------------------*- C++ -*----------------------------------*\
  =========                 |
  \\      /  F ield         | OpenFOAM: The Open Source CFD Toolbox
   \\    /   O peration     | Website:  https://openfoam.org
    \\  /    A nd           | Version:  7
     \\/     M anipulation  |
\*---------------------------------------------------------------------------*/
FoamFile
{
    version     2.0;
    format      ascii;
    class       volVectorField;
    location    "0.0012";
    object      U;
}
// * * * * * * * * * * * * * * * * * * * * * * * * * * * * * * * * * * * * * //

dimensions      [0 1 -1 0 0 0 0];

internalField   nonuniform List<vector> 
1167
(
(-6.287794107e-05 -3.95385904e-19 -0.004350759024)
(-0.0001623873626 -6.798284311e-19 -0.004347418709)
(-0.0002554308285 -7.082788084e-19 -0.004340171817)
(-0.0003512860545 -1.17289286e-18 -0.004329313632)
(-0.0004443764107 -1.879547872e-18 -0.004315227881)
(-0.0005342348288 -2.482453721e-18 -0.004298168264)
(-0.000620776615 -3.511467454e-18 -0.004278340232)
(-0.0007038116728 -3.84478958e-18 -0.00425595362)
(-0.00078320924 -3.748431912e-18 -0.00423120768)
(-0.0008588881933 -3.807478791e-18 -0.004204291121)
(-0.000930800078 -3.923325478e-18 -0.004175378927)
(-0.0009989230052 -3.472915339e-18 -0.004144633254)
(-0.001063257677 -3.442360808e-18 -0.004112202029)
(-0.001123823339 -3.417084733e-18 -0.004078217692)
(-0.001180653489 -3.332423542e-18 -0.004042796588)
(-0.001233792538 -3.093778513e-18 -0.004006038806)
(-0.001283292737 -2.865811212e-18 -0.003968027866)
(-0.001329211416 -2.790204275e-18 -0.003928830663)
(-0.001371608347 -2.869657241e-18 -0.003888497636)
(-0.001410543623 -2.66744908e-18 -0.003847063228)
(-0.001446076107 -2.621042529e-18 -0.003804546207)
(-0.001478261475 -2.529483389e-18 -0.003760949907)
(-0.001507151245 -2.428016236e-18 -0.00371626309)
(-0.001532791281 -2.331231826e-18 -0.003670459608)
(-0.00155522119 -2.322439083e-18 -0.003623499053)
(-0.001574472923 -2.421793841e-18 -0.003575325742)
(-0.001590569416 -2.6241757e-18 -0.003525868147)
(-0.001603523496 -2.600335412e-18 -0.003475037503)
(-0.001613335954 -2.503668922e-18 -0.003422725203)
(-0.001619992866 -2.35151171e-18 -0.00336879915)
(-0.001623462087 -2.341999673e-18 -0.003313098877)
(-0.001623688768 -2.281412361e-18 -0.003255428382)
(-0.001620588605 -2.199100731e-18 -0.003195545784)
(-0.001614038418 -2.194326109e-18 -0.003133148784)
(-0.001603862543 -2.192646468e-18 -0.003067853497)
(-6.496877456e-05 -5.815525427e-19 -0.004518550327)
(-0.0001678356629 -1.154483579e-18 -0.004514924406)
(-0.0002640074507 -1.189598597e-18 -0.004507034986)
(-0.0003630476147 -1.572473409e-18 -0.004495234677)
(-0.0004592434983 -1.810341748e-18 -0.004479931991)
(-0.0005520840012 -3.157693293e-18 -0.004461406057)
(-0.0006414821952 -3.580228761e-18 -0.004439887424)
(-0.0007272416004 -3.923501686e-18 -0.004415608772)
(-0.0008092254121 -3.585244046e-18 -0.004388792476)
(-0.0008873481547 -3.571118473e-18 -0.004359648022)
(-0.0009615580675 -3.655506134e-18 -0.004328371575)
(-0.001031831375 -3.450562784e-18 -0.004295143378)
(-0.001098167355 -3.156662776e-18 -0.004260128032)
(-0.001160584005 -3.196037974e-18 -0.00422347295)
(-0.001219114086 -3.268588499e-18 -0.004185307656)
(-0.001273801582 -3.149431032e-18 -0.00414574343)
(-0.001324698448 -2.913864008e-18 -0.004104873221)
(-0.00137186182 -3.069511105e-18 -0.004062771623)
(-0.001415351432 -2.926559514e-18 -0.004019495165)
(-0.001455227561 -2.744225809e-18 -0.003975082816)
(-0.001491548921 -2.602780582e-18 -0.003929556682)
(-0.001524371581 -2.528206456e-18 -0.003882922674)
(-0.001553747324 -2.505326667e-18 -0.00383517062)
(-0.001579722704 -2.500340117e-18 -0.003786275343)
(-0.001602338059 -2.60302664e-18 -0.00373619613)
(-0.001621626019 -2.698322147e-18 -0.003684876646)
(-0.001637610606 -2.658587932e-18 -0.003632244224)
(-0.00165030561 -2.589176177e-18 -0.003578208091)
(-0.001659712612 -2.408894239e-18 -0.003522656836)
(-0.001665818031 -2.390441503e-18 -0.003465454513)
(-0.001668589535 -2.143899396e-18 -0.003406435418)
(-0.001667971057 -2.024408618e-18 -0.003345396258)
(-0.001663875454 -2.007459783e-18 -0.003282085046)
(-0.001656174486 -1.888504824e-18 -0.003216185267)
(-0.001644683938 -1.910964389e-18 -0.003147292839)
(-0.001629142347 -1.80398447e-18 -0.00307488285)
(-0.001609179756 -1.859085792e-18 -0.002998260575)
(-0.001584272355 -1.822076691e-18 -0.00291649032)
(-0.001553678793 -1.713442461e-18 -0.002828294057)
(-0.001516354995 -1.564189614e-18 -0.002731914323)
(-0.001470851295 -1.421598916e-18 -0.002624945748)
(-0.001415206116 -1.544203979e-18 -0.002504155724)
(-0.001346860047 -1.701161908e-18 -0.002365325076)
(-0.001262610292 -1.861824682e-18 -0.002203134692)
(-0.001158610503 -1.4777174e-18 -0.002011100019)
(-0.00103041016 -1.033828067e-18 -0.001781531524)
(-0.0008730276599 -9.930153231e-19 -0.001505495668)
(-0.0006809651188 -8.647798804e-19 -0.001172809283)
(-0.0004479125873 -6.288308552e-19 -0.000772204176)
(-0.0001660104575 -3.028734284e-19 -0.0002917469488)
(-6.701555908e-05 -7.319369009e-19 -0.004694297185)
(-0.0001731738507 -1.850643914e-18 -0.004690373807)
(-0.0002724145531 -3.149635545e-18 -0.004681818915)
(-0.0003745800977 -2.146286712e-18 -0.004669041824)
(-0.0004738292424 -2.648947125e-18 -0.004652476278)
(-0.000569607521 -3.459734177e-18 -0.004632428488)
(-0.0006618263245 -3.770300339e-18 -0.004609154097)
(-0.00075028299 -3.425199107e-18 -0.004582908611)
(-0.0008348346878 -3.596078527e-18 -0.004553938501)
(-0.0009153918437 -3.755201695e-18 -0.004522474226)
(-0.0009918990281 -3.441515307e-18 -0.004488732114)
(-0.001064329542 -3.18725957e-18 -0.004452911906)
(-0.001132680538 -3.123781835e-18 -0.004415194764)
(-0.001196968004 -3.025768359e-18 -0.00437574289)
(-0.001257222992 -2.876669862e-18 -0.004334698954)
(-0.001313487929 -3.116053539e-18 -0.004292185478)
(-0.001365813476 -3.157336219e-18 -0.004248304957)
(-0.001414255555 -3.059915983e-18 -0.004203139661)
(-0.001458872722 -2.502751881e-18 -0.004156752397)
(-0.001499724327 -2.459183139e-18 -0.004109187158)
(-0.001536868548 -2.48008017e-18 -0.004060469514)
(-0.001570360897 -2.454694617e-18 -0.004010608078)
(-0.001600252982 -2.340506622e-18 -0.003959594705)
(-0.001626591659 -2.492039534e-18 -0.003907405225)
(-0.001649417438 -2.636455204e-18 -0.003853999375)
(-0.001668763735 -2.771888815e-18 -0.003799320839)
(-0.001684655426 -2.818945063e-18 -0.00374329615)
(-0.001697107181 -2.831669346e-18 -0.003685833003)
(-0.001706121197 -2.688913657e-18 -0.003626817554)
(-0.001711684233 -2.426165721e-18 -0.003566110466)
(-0.001713763823 -2.406313806e-18 -0.003503540984)
(-0.001712302588 -2.160390924e-18 -0.003438898442)
(-0.001707210443 -1.972246853e-18 -0.003371920351)
(-0.001698353682 -1.92104735e-18 -0.003302275274)
(-0.001685539148 -1.876164593e-18 -0.003229538056)
(-0.00166849153 -1.761287469e-18 -0.003153153746)
(-0.001646820192 -1.642168496e-18 -0.003072385304)
(-0.001619971938 -1.649937678e-18 -0.002986238371)
(-0.001587165808 -1.498357324e-18 -0.002893356432)
(-0.001547309276 -1.51963821e-18 -0.002791884232)
(-0.001498902157 -1.285996657e-18 -0.002679308466)
(-0.001439944897 -1.282581288e-18 -0.002552300314)
(-0.001367874165 -1.440127224e-18 -0.00240659088)
(-0.001279541318 -1.455134704e-18 -0.00223689952)
(-0.001171232261 -1.383740049e-18 -0.00203690879)
(-0.001038719612 -1.219671443e-18 -0.001799259981)
(-0.0008773408515 -1.026716889e-18 -0.001515544045)
(-0.0006820112466 -8.235504581e-19 -0.001176323534)
(-0.0004469273687 -5.638572101e-19 -0.0007713175707)
(-0.0001648819411 -2.633693884e-19 -0.0002897993891)
(-6.902610939e-05 -9.800422954e-19 -0.004878125452)
(-0.0001784219591 -2.272143309e-18 -0.004873894439)
(-0.000280683638 -2.538658112e-18 -0.004864655097)
(-0.0003859265982 -1.827658537e-18 -0.004850872105)
(-0.0004881886043 -1.505535821e-18 -0.004833005317)
(-0.0005868724439 -3.21632427e-18 -0.004811389261)
(-0.0006818872923 -4.728192056e-18 -0.004786303395)
(-0.0007730253595 -4.225863243e-18 -0.004758027419)
(-0.0008601376932 -3.644457004e-18 -0.004726830449)
(-0.0009431299558 -3.626942563e-18 -0.00469296558)
(-0.001021943257 -3.346598887e-18 -0.004656668491)
(-0.00109654717 -3.161272342e-18 -0.004618157366)
(-0.00116693542 -3.17593065e-18 -0.004577630465)
(-0.001233121232 -3.03148809e-18 -0.00453526496)
(-0.001295132978 -2.753735719e-18 -0.004491216426)
(-0.001353010588 -2.582402937e-18 -0.004445618482)
(-0.001406802191 -3.027389545e-18 -0.004398582919)
(-0.001456561265 -2.974377312e-18 -0.004350199922)
(-0.001502344562 -2.615520452e-18 -0.0043005388)
(-0.001544209596 -2.49418309e-18 -0.004249648525)
(-0.001582213181 -2.660424195e-18 -0.004197559095)
(-0.001616409715 -2.324292725e-18 -0.004144281932)
(-0.001646850406 -2.340998251e-18 -0.004089811557)
(-0.001673581603 -2.400348561e-18 -0.004034125261)
(-0.001696644091 -2.5127639e-18 -0.003977184144)
(-0.001716071878 -2.676112085e-18 -0.003918932304)
(-0.001731890407 -2.79122306e-18 -0.003859296024)
(-0.001744115113 -2.926370099e-18 -0.003798182168)
(-0.001752748872 -2.812982138e-18 -0.003735475013)
(-0.001757778849 -2.69022574e-18 -0.003671032092)
(-0.001759172287 -2.486999523e-18 -0.003604677745)
(-0.001756870346 -2.481494687e-18 -0.003536193977)
(-0.001750779854 -2.254910239e-18 -0.003465307586)
(-0.001740761388 -2.11007009e-18 -0.003391671574)
(-0.001726612501 -2.003865053e-18 -0.003314838652)
(-0.001708043525 -1.951845159e-18 -0.003234222655)
(-0.001684642842 -1.872167103e-18 -0.003149043058)
(-0.001655828062 -1.897077891e-18 -0.003058246109)
(-0.001620780171 -1.753387874e-18 -0.002960397889)
(-0.001578361964 -1.716808021e-18 -0.002853550042)
(-0.001527029629 -1.684663175e-18 -0.002735091813)
(-0.001464755651 -1.34995093e-18 -0.002601615636)
(-0.001388984069 -1.143441149e-18 -0.002448825364)
(-0.001296628597 -1.213974743e-18 -0.002271500326)
(-0.00118410706 -9.778378968e-19 -0.002063502185)
(-0.001047401944 -1.148650365e-18 -0.001817796613)
(-0.0008821411372 -1.041988538e-18 -0.001526466064)
(-0.0006836076808 -9.417693187e-19 -0.00118075134)
(-0.0004464425021 -5.599176894e-19 -0.0007712506116)
(-0.0001640075672 -1.273443113e-19 -0.000288293912)
(-7.101041374e-05 -4.908123668e-19 -0.005070190386)
(-0.0001836057053 5.464321382e-19 -0.005065643308)
(-0.0002888549332 -1.088567976e-18 -0.005055704376)
(-0.0003971423592 -1.375833663e-18 -0.005040892144)
(-0.0005023919492 -2.439957738e-18 -0.005021693916)
(-0.0006039631766 -2.924722245e-18 -0.004998471599)
(-0.0007017630688 -4.004959647e-18 -0.004971528248)
(-0.0007955793027 -3.527878325e-18 -0.004941168412)
(-0.0008852569824 -3.400812165e-18 -0.004907682929)
(-0.0009706965251 -3.460736071e-18 -0.004871346663)
(-0.001051834602 -3.136967628e-18 -0.004832415612)
(-0.00112863682 -3.164383302e-18 -0.004791125519)
(-0.001201092833 -3.183577238e-18 -0.004747690989)
(-0.001269211836 -3.231975496e-18 -0.004702303833)
(-0.001333018392 -3.004994425e-18 -0.00465513241)
(-0.001392548807 -2.70555723e-18 -0.004606321367)
(-0.001447847806 -2.613070597e-18 -0.004555991826)
(-0.001498965865 -2.577867059e-18 -0.004504241863)
(-0.001545956641 -2.599380083e-18 -0.004451147373)
(-0.001588875215 -2.476741023e-18 -0.004396762962)
(-0.001627776304 -2.351873355e-18 -0.004341122949)
(-0.001662712982 -2.116724466e-18 -0.004284242825)
(-0.001693735201 -2.17072352e-18 -0.00422611973)
(-0.001720888838 -2.414955359e-18 -0.004166733699)
(-0.001744214863 -2.385788096e-18 -0.004106047523)
(-0.001763747325 -2.450803025e-18 -0.004044006394)
(-0.001779512292 -2.764442752e-18 -0.003980537273)
(-0.001791526015 -2.854248383e-18 -0.003915546708)
(-0.001799792016 -2.751626894e-18 -0.003848917669)
(-0.001804297806 -2.705428118e-18 -0.003780504877)
(-0.001805010176 -2.600009344e-18 -0.003710127889)
(-0.001801868653 -2.657787189e-18 -0.003637561367)
(-0.001794776701 -2.498187999e-18 -0.003562521157)
(-0.001783588967 -2.362037332e-18 -0.003484644322)
(-0.001768093434 -2.240373557e-18 -0.003403460674)
(-0.001747985805 -2.168970918e-18 -0.003318351783)
(-0.001722833344 -2.148213343e-18 -0.003228492568)
(-0.001692024852 -1.951410581e-18 -0.003132769703)
(-0.00165470493 -1.689296442e-18 -0.003029673647)
(-0.001609695599 -1.687395558e-18 -0.00291716842)
(-0.00155541613 -1.780524149e-18 -0.002792556671)
(-0.001489819987 -1.736934156e-18 -0.002652368309)
(-0.001410367349 -1.631116828e-18 -0.00249229864)
(-0.001314039028 -1.309891074e-18 -0.00230720254)
(-0.001197381637 -1.101617998e-18 -0.002091126593)
(-0.001056573561 -9.392926325e-19 -0.001837350355)
(-0.0008875065805 -7.689039461e-19 -0.001538414831)
(-0.0006857919709 -5.938201768e-19 -0.00118617831)
(-0.0004464620263 -4.019453247e-19 -0.0007720251688)
(-0.000163377645 -2.074112386e-19 -0.0002872165555)
(-7.298053194e-05 3.175452414e-18 -0.005270684588)
(-0.0001887560235 4.850124859e-18 -0.005265814447)
(-0.0002969769063 2.077175116e-18 -0.005255164585)
(-0.0004082943241 -2.712786262e-19 -0.00523930602)
(-0.0005165238256 -1.698205239e-18 -0.005218753276)
(-0.0006209802837 -2.174801353e-18 -0.005193894491)
(-0.0007215696419 -2.711641343e-18 -0.005165057362)
(-0.0008180750633 -3.682791568e-18 -0.005132569384)
(-0.0009103354879 -3.952548734e-18 -0.005096744094)
(-0.0009982461897 -2.945912189e-18 -0.005057876191)
(-0.001081738467 -3.164625416e-18 -0.005016241259)
(-0.001160773114 -2.681648e-18 -0.004972093031)
(-0.001235335009 -3.017138097e-18 -0.004925661564)
(-0.001305428471 -3.384790847e-18 -0.004877152663)
(-0.001371073325 -3.702544241e-18 -0.004826747159)
(-0.001432301388 -3.300734002e-18 -0.004774600469)
(-0.001489152979 -2.938672285e-18 -0.004720842953)
(-0.001541674457 -2.782221873e-18 -0.004665580798)
(-0.001589916085 -2.738154982e-18 -0.004608896608)
(-0.001633929727 -2.579918287e-18 -0.004550850879)
(-0.001673767623 -2.311590263e-18 -0.004491483124)
(-0.001709480782 -2.231587037e-18 -0.004430812978)
(-0.00174111775 -2.18804441e-18 -0.004368841498)
(-0.001768723988 -2.308239297e-18 -0.004305551891)
(-0.001792339905 -2.228119712e-18 -0.004240909327)
(-0.001811999722 -2.213296005e-18 -0.004174861158)
(-0.001827730288 -2.442513648e-18 -0.004107335714)
(-0.001839548491 -2.49141778e-18 -0.004038239795)
(-0.001847458383 -2.37072265e-18 -0.003967455508)
(-0.001851447707 -2.460757886e-18 -0.003894835194)
(-0.001851482673 -2.539592172e-18 -0.003820193892)
(-0.001847501059 -2.489297511e-18 -0.00374329892)
(-0.001839402695 -2.456020309e-18 -0.003663854887)
(-0.001827035974 -2.434626214e-18 -0.003581482457)
(-0.001810179004 -2.515003666e-18 -0.003495687926)
(-0.001788512726 -2.408590441e-18 -0.003405819935)
(-0.001761583415 -2.192877994e-18 -0.003311008324)
(-0.001728751776 -2.026540383e-18 -0.003210080459)
(-0.001689127962 -1.892146539e-18 -0.003101453476)
(-0.001641497069 -1.890990035e-18 -0.002983009689)
(-0.001584247532 -2.029510273e-18 -0.002851975649)
(-0.00151532123 -2.169736716e-18 -0.002704833098)
(-0.00143220099 -2.287489899e-18 -0.002537284011)
(-0.001331937049 -2.133559165e-18 -0.002344269882)
(-0.001211199876 -1.622913347e-18 -0.002120023598)
(-0.001066349527 -1.156841449e-18 -0.001858125284)
(-0.0008935172308 -7.155357604e-19 -0.001551542112)
(-0.0006886074645 -2.041656526e-19 -0.001192694718)
(-0.0004469978342 9.488734169e-20 -0.0007736727575)
(-0.0001629877021 9.562628519e-20 -0.0002865616196)
(-7.495025417e-05 2.149657056e-18 -0.005479845423)
(-0.0001939087133 4.875300476e-18 -0.005474647083)
(-0.000305106252 4.552593262e-18 -0.00546327906)
(-0.0004194603979 1.888264793e-18 -0.005446362377)
(-0.0005306813896 -2.16790149e-19 -0.005424437882)
(-0.0006380393183 -1.589962681e-18 -0.00539791992)
(-0.0007414395653 -2.484246424e-18 -0.005367160808)
(-0.000840660854 -3.243952529e-18 -0.005332509109)
(-0.0009355354714 -3.660763008e-18 -0.005294300676)
(-0.001025953144 -3.09893801e-18 -0.005252849968)
(-0.00111183991 -2.662679119e-18 -0.005208450494)
(-0.001193150641 -2.825675383e-18 -0.005161372719)
(-0.001269864479 -3.26144367e-18 -0.005111862056)
(-0.001341980257 -3.279135664e-18 -0.005060137754)
(-0.001409512157 -3.715705779e-18 -0.005006392496)
(-0.001472486541 -3.562681943e-18 -0.004950792353)
(-0.001530938735 -3.438631436e-18 -0.004893476832)
(-0.0015849106 -3.57720507e-18 -0.004834560189)
(-0.001634447957 -3.177671157e-18 -0.004774132174)
(-0.001679599223 -2.777595358e-18 -0.004712259579)
(-0.001720413564 -2.680606436e-18 -0.004648987371)
(-0.001756939598 -2.724157416e-18 -0.004584340376)
(-0.001789224607 -2.60438136e-18 -0.004518324194)
(-0.001817312825 -2.524156955e-18 -0.004450925791)
(-0.001841244242 -2.456662159e-18 -0.004382113917)
(-0.001861053467 -2.394464862e-18 -0.004311838844)
(-0.001876767804 -2.459511868e-18 -0.004240030789)
(-0.00188840464 -2.5626331e-18 -0.004166597527)
(-0.001895968534 -2.364421593e-18 -0.004091420893)
(-0.001899447304 -2.265712862e-18 -0.004014351222)
(-0.001898806442 -2.048233296e-18 -0.003935199348)
(-0.001893981861 -1.961014551e-18 -0.0038537253)
(-0.001884869538 -2.015350509e-18 -0.003769622274)
(-0.001871311379 -2.27406908e-18 -0.003682494098)
(-0.001853075319 -2.159693992e-18 -0.003591822995)
(-0.001829827366 -2.015129466e-18 -0.003496924135)
(-0.001801093016 -1.944273576e-18 -0.003396882123)
(-0.001766205826 -1.839962208e-18 -0.003290465857)
(-0.001724243655 -1.765078094e-18 -0.003176022049)
(-0.001673958498 -1.645745203e-18 -0.003051357473)
(-0.001613713445 -1.514407188e-18 -0.002913632464)
(-0.00154144487 -1.693396534e-18 -0.002759293053)
(-0.001454662707 -1.828165299e-18 -0.002584059792)
(-0.001350486809 -1.895409962e-18 -0.002382967838)
(-0.001225705237 -1.953395068e-18 -0.002150434229)
(-0.00107684553 -1.520453753e-18 -0.001880324352)
(-0.0009002557061 -1.169012204e-18 -0.001566000315)
(-0.0006921023418 -9.364128302e-19 -0.001200394983)
(-0.0004480677577 -9.41829461e-20 -0.0007762321162)
(-0.0001628370466 -5.54783993e-20 -0.000286329274)
(-7.693547782e-05 -2.248624611e-18 -0.005697964384)
(-0.0001991047943 3.34036688e-19 -0.005692434449)
(-0.0003133072006 3.280450554e-18 -0.0056803443)
(-0.0004307278047 2.187427241e-18 -0.005662361638)
(-0.0005449733628 -1.323901036e-19 -0.005639052842)
(-0.0006552695205 -3.515586876e-19 -0.005610859602)
(-0.0007615204974 -1.808190253e-18 -0.00557815635)
(-0.0008635010062 -2.295300308e-18 -0.005541313032)
(-0.0009610365787 -2.736133929e-18 -0.005500684809)
(-0.00105401048 -3.067231064e-18 -0.005456606213)
(-0.00114234297 -2.712509289e-18 -0.005409387826)
(-0.001225982713 -3.089312026e-18 -0.005359315538)
(-0.001304902513 -3.725535516e-18 -0.005306649127)
(-0.001379094781 -3.530059682e-18 -0.00525162068)
(-0.001448567499 -3.583519725e-18 -0.00519443433)
(-0.001513341106 -3.690395686e-18 -0.00513526647)
(-0.001573445207 -3.825767129e-18 -0.005074265711)
(-0.001628916274 -3.447968169e-18 -0.005011554455)
(-0.001679795688 -3.239570374e-18 -0.00494722976)
(-0.00172612774 -3.351018568e-18 -0.004881365174)
(-0.001767958261 -3.202501061e-18 -0.004814011947)
(-0.001805333608 -3.202462607e-18 -0.004745200659)
(-0.001838299056 -2.838660263e-18 -0.004674942118)
(-0.001866897784 -2.75951155e-18 -0.004603228142)
(-0.001891169502 -2.724502577e-18 -0.004530031885)
(-0.001911148858 -2.767615728e-18 -0.004455307053)
(-0.001926863397 -2.553602155e-18 -0.004378986585)
(-0.001938330977 -2.36615383e-18 -0.004300980074)
(-0.001945556679 -2.36309982e-18 -0.004221169694)
(-0.001948528308 -2.303402937e-18 -0.004139404164)
(-0.001947210541 -2.249247934e-18 -0.004055490303)
(-0.001941537169 -1.946748427e-18 -0.003969180911)
(-0.001931400129 -1.977789294e-18 -0.003880157713)
(-0.001916634633 -2.119334193e-18 -0.003788007402)
(-0.001896998265 -2.347459502e-18 -0.003692187726)
(-0.001872142046 -2.254608635e-18 -0.003591980034)
(-0.001841571003 -1.874896111e-18 -0.003486423831)
(-0.001804592565 -1.517151837e-18 -0.003374230777)
(-0.001760254453 -1.226444496e-18 -0.003253680416)
(-0.001707279155 -1.040841892e-18 -0.003122510171)
(-0.001644009209 -1.158629331e-18 -0.002977823251)
(-0.001568380276 -1.206846601e-18 -0.002816040496)
(-0.001477932157 -1.409777635e-18 -0.002632909978)
(-0.001369852938 -1.406956918e-18 -0.002423564222)
(-0.001241041117 -1.447108706e-18 -0.002182599651)
(-0.001088177965 -1.149992674e-18 -0.001904150789)
(-0.0009078071238 -7.553227541e-19 -0.001581944048)
(-0.0006963287818 -6.059279275e-19 -0.001209378212)
(-0.0004496942719 -4.253103698e-19 -0.0007797484222)
(-0.0001629278804 -3.433922207e-19 -0.000286524418)
(-7.895374954e-05 -3.581736967e-18 -0.005925395567)
(-0.0002043894888 -2.237768e-19 -0.005919531504)
(-0.0003216503021 3.864067607e-18 -0.005906717088)
(-0.0004421917447 2.657072292e-18 -0.005887662966)
(-0.0005595188899 1.422031531e-18 -0.005862961854)
(-0.0006728122582 5.935182618e-19 -0.005833081583)
(-0.0007819741278 -4.839295338e-19 -0.005798416606)
(-0.0008867748939 -1.891702628e-18 -0.005759358172)
(-0.0009870337929 -2.000715052e-18 -0.005716279583)
(-0.001082627403 -3.121371608e-18 -0.005669532688)
(-0.001173469026 -3.056298995e-18 -0.005619444844)
(-0.001259500869 -3.147033882e-18 -0.005566316855)
(-0.001340688921 -3.279032731e-18 -0.005510421706)
(-0.001417018731 -3.735415378e-18 -0.005452003559)
(-0.001488491683 -4.107131713e-18 -0.005391277441)
(-0.001555121389 -4.127802261e-18 -0.005328429395)
(-0.001616931332 -3.612634515e-18 -0.005263617314)
(-0.001673952602 -3.27999926e-18 -0.00519697181)
(-0.001726221483 -3.369738542e-18 -0.005128597784)
(-0.001773777995 -3.487977679e-18 -0.005058575769)
(-0.001816664697 -3.382583207e-18 -0.004986964055)
(-0.001854925014 -3.238639287e-18 -0.004913799505)
(-0.001888602565 -2.823841133e-18 -0.004839099183)
(-0.001917739386 -2.667687809e-18 -0.004762860422)
(-0.001942374479 -2.696560718e-18 -0.004685061425)
(-0.001962542512 -2.887972561e-18 -0.004605660484)
(-0.00197827139 -2.910419932e-18 -0.00452459403)
(-0.001989579445 -2.584144829e-18 -0.004441774056)
(-0.001996472114 -2.379025708e-18 -0.004357083622)
(-0.001998937078 -2.417604483e-18 -0.004270370312)
(-0.001996938081 -2.187057652e-18 -0.004181437179)
(-0.00199040657 -2.12947782e-18 -0.004090029841)
(-0.001979230242 -2.095531133e-18 -0.003995818505)
(-0.00196323742 -2.081899203e-18 -0.00389837255)
(-0.001942175239 -2.10190521e-18 -0.003797125036)
(-0.0019156798 -2.105620268e-18 -0.003691323372)
(-0.001883236088 -1.918388006e-18 -0.003579962392)
(-0.00184412654 -1.472258251e-18 -0.003461698117)
(-0.00179737089 -1.414296553e-18 -0.003334746429)
(-0.001741665402 -1.272226384e-18 -0.003196781367)
(-0.001675336067 -1.40122348e-18 -0.003044857111)
(-0.001596321402 -1.210310286e-18 -0.002875377947)
(-0.001502192379 -1.080500981e-18 -0.002684125681)
(-0.001390202582 -8.661235924e-19 -0.00246633125)
(-0.001257353138 -9.232727877e-19 -0.002216763563)
(-0.001100465375 -7.042075327e-19 -0.001929809078)
(-0.0009162593107 -5.798465123e-19 -0.001599529787)
(-0.0007013430046 -2.80217946e-19 -0.001219747879)
(-0.0004519040745 2.310754167e-19 -0.0007842726116)
(-0.0001632648657 9.763995052e-22 -0.0002871560087)
(-8.102380122e-05 4.754173793e-18 -0.006162562896)
(-0.0002098112638 4.476995197e-18 -0.006156362654)
(-0.0003302108562 7.676798123e-18 -0.006142822432)
(-0.0004539549679 3.843796121e-18 -0.006122693317)
(-0.0005744470254 3.362889978e-18 -0.006096594614)
(-0.0006908199069 1.040316864e-18 -0.006065017408)
(-0.0008029743218 -3.855649763e-20 -0.006028376345)
(-0.0009106762582 -1.275005364e-18 -0.005987080948)
(-0.001013737695 -1.815656584e-18 -0.005941523403)
(-0.001112028833 -3.016601613e-18 -0.005892070929)
(-0.001205456054 -3.450443196e-18 -0.005839065783)
(-0.001293954224 -3.430765994e-18 -0.005782822517)
(-0.001377481981 -3.659168693e-18 -0.005723626589)
(-0.00145601761 -3.736461945e-18 -0.005661733629)
(-0.001529555384 -3.931029676e-18 -0.005597369056)
(-0.001598102272 -3.737200984e-18 -0.00553072844)
(-0.001661675475 -3.337695468e-18 -0.005461978623)
(-0.0017203 -3.552644499e-18 -0.005391258558)
(-0.001774007078 -3.816652038e-18 -0.005318681131)
(-0.001822832458 -3.616157408e-18 -0.005244334708)
(-0.001866814931 -3.359899602e-18 -0.005168284843)
(-0.001905995517 -3.377385687e-18 -0.005090575755)
(-0.001940415741 -3.247264482e-18 -0.005011231109)
(-0.001970116274 -3.172349905e-18 -0.00493025487)
(-0.001995135724 -3.202849726e-18 -0.004847631183)
(-0.002015508797 -3.350145113e-18 -0.004763323636)
(-0.002031263666 -3.193669811e-18 -0.00467727298)
(-0.002042419101 -2.953899444e-18 -0.00458939419)
(-0.002048980747 -2.768530442e-18 -0.004499571681)
(-0.002050935997 -2.660897043e-18 -0.004407652372)
(-0.002048247544 -2.328849884e-18 -0.004313435898)
(-0.002040844371 -2.318791779e-18 -0.004216660858)
(-0.002028609784 -2.19024969e-18 -0.004116985871)
(-0.00201136502 -2.136305601e-18 -0.004013962886)
(-0.001988846687 -2.162419465e-18 -0.003907000198)
(-0.001960676114 -2.274413698e-18 -0.003795311394)
(-0.001926318748 -2.156927755e-18 -0.003677847321)
(-0.001885033203 -2.001422985e-18 -0.003553210204)
(-0.001835813287 -1.998802318e-18 -0.003419555863)
(-0.001777331975 -1.733088637e-18 -0.003274500562)
(-0.001707901959 -1.573338985e-18 -0.003115056524)
(-0.001625467114 -1.221391386e-18 -0.002937618356)
(-0.001527629798 -1.025254804e-18 -0.002738005847)
(-0.001411705359 -1.27179825e-18 -0.002511546838)
(-0.00127478898 -1.669209588e-18 -0.002253173622)
(-0.001113828865 -1.347045814e-18 -0.00195750725)
(-0.0009257031925 -1.182458167e-18 -0.001618917722)
(-0.0007072045235 -1.201008636e-18 -0.001231611233)
(-0.0004547272739 -6.204955296e-19 -0.0007898601854)
(-0.0001638546342 -2.329196494e-19 -0.0002882361714)
(-8.316548456e-05 2.634270007e-18 -0.006409968217)
(-0.0002154212169 1.489276471e-18 -0.006403429616)
(-0.0003390691474 4.417548603e-18 -0.006389162627)
(-0.0004661276527 2.799015851e-18 -0.006367956197)
(-0.0005898951944 2.220599306e-18 -0.00634045433)
(-0.000709455159 1.724466158e-18 -0.006307170299)
(-0.0008247065003 -1.01800175e-20 -0.00626853881)
(-0.0009354110822 -6.464976556e-19 -0.006224985461)
(-0.001041373182 -1.338105354e-18 -0.006176919062)
(-0.001142455807 -2.139004067e-18 -0.006124722525)
(-0.001238558353 -2.844017496e-18 -0.006068751241)
(-0.001329608235 -3.198171907e-18 -0.006009332177)
(-0.001415556554 -3.64741766e-18 -0.005946762306)
(-0.001496374163 -3.626681291e-18 -0.00588130803)
(-0.001572048153 -3.587900608e-18 -0.005813204687)
(-0.00164257842 -3.298071211e-18 -0.005742657007)
(-0.001707975546 -3.536276133e-18 -0.005669840599)
(-0.001768258903 -3.734366507e-18 -0.005594902976)
(-0.001823454447 -3.742713835e-18 -0.005517965307)
(-0.001873593475 -3.579080331e-18 -0.005439124164)
(-0.001918711488 -3.574851964e-18 -0.005358453141)
(-0.001958846647 -3.386911908e-18 -0.005276004237)
(-0.001994038435 -3.310638714e-18 -0.005191808714)
(-0.00202432659 -3.487960272e-18 -0.00510587801)
(-0.002049749342 -3.532714165e-18 -0.005018202983)
(-0.002070341235 -3.615971861e-18 -0.004928752994)
(-0.002086130582 -3.506997448e-18 -0.004837473929)
(-0.002097136613 -3.310166536e-18 -0.004744284558)
(-0.002103365181 -3.207705028e-18 -0.004649071226)
(-0.002104803365 -3.182786152e-18 -0.004551680543)
(-0.00210141264 -3.193020731e-18 -0.004451908983)
(-0.002093119387 -2.904807927e-18 -0.004349488348)
(-0.002079802398 -2.931228514e-18 -0.004244065721)
(-0.002061275716 -2.701663492e-18 -0.004135175608)
(-0.002037265394 -2.585225023e-18 -0.004022201538)
(-0.002007378175 -2.546180088e-18 -0.0039043236)
(-0.001971060544 -2.46649529e-18 -0.00378044956)
(-0.00192754845 -2.245948225e-18 -0.003649129803)
(-0.001875811659 -2.066337777e-18 -0.003508463671)
(-0.001814502379 -1.753642501e-18 -0.003356014775)
(-0.001741922514 -1.561010417e-18 -0.003188759216)
(-0.001656022635 -1.254262722e-18 -0.003003087073)
(-0.0015544355 -1.354463388e-18 -0.00279485829)
(-0.001434533967 -1.240538803e-18 -0.002559494603)
(-0.001293498822 -1.152873448e-18 -0.002292081791)
(-0.001128391926 -1.22404922e-18 -0.001987457121)
(-0.0009362323952 -8.638952453e-19 -0.001640271745)
(-0.0007139760242 -4.336966757e-19 -0.00124508009)
(-0.000458197052 -2.206790225e-19 -0.0007965711099)
(-0.0001647054229 1.534163309e-19 -0.0002897795762)
(-8.539969344e-05 4.904046594e-19 -0.006668200342)
(-0.0002212738211 6.353450413e-19 -0.00666132123)
(-0.0003483109623 5.164518944e-18 -0.006646326433)
(-0.0004788264795 4.321492531e-18 -0.006624038816)
(-0.0006060085496 2.076648042e-18 -0.006595125734)
(-0.0007288900345 1.759470479e-18 -0.006560123446)
(-0.0008473672619 6.346683845e-19 -0.006519483764)
(-0.0009611975225 -1.072395708e-18 -0.006473648913)
(-0.001070177866 -1.891832042e-18 -0.006423041601)
(-0.001174163373 -1.435501098e-18 -0.006368058507)
(-0.001273045934 -2.768826425e-18 -0.006309067955)
(-0.00136674563 -3.005147164e-18 -0.006246408443)
(-0.001455206131 -3.328124689e-18 -0.006180387479)
(-0.001538390787 -3.498785519e-18 -0.006111281113)
(-0.001616279022 -3.423333691e-18 -0.006039333961)
(-0.001688863917 -3.635648967e-18 -0.005964759922)
(-0.001756149886 -4.080099494e-18 -0.005887743364)
(-0.001818150315 -4.187005819e-18 -0.005808440428)
(-0.001874886144 -4.187717756e-18 -0.005726980782)
(-0.001926384568 -4.154486153e-18 -0.005643469679)
(-0.001972677457 -4.12332731e-18 -0.005557989234)
(-0.002013800504 -3.94647203e-18 -0.00547060004)
(-0.002049791617 -3.916224611e-18 -0.005381341693)
(-0.002080689273 -3.740183753e-18 -0.005290233506)
(-0.002106531264 -3.603976457e-18 -0.005197274041)
(-0.002127352209 -3.805832828e-18 -0.005102439336)
(-0.002143180754 -3.86779196e-18 -0.005005680966)
(-0.002154036525 -3.749363861e-18 -0.004906922064)
(-0.002159925532 -3.548309205e-18 -0.004806051484)
(-0.002160834518 -3.245411307e-18 -0.004702915937)
(-0.002156723602 -3.306061005e-18 -0.004597308981)
(-0.002147516442 -3.285688931e-18 -0.004488955806)
(-0.002133087188 -3.312350795e-18 -0.004377492086)
(-0.002113242645 -3.324333828e-18 -0.004262434972)
(-0.002087698336 -3.292561862e-18 -0.004143143348)
(-0.00205604664 -3.193449639e-18 -0.004018764212)
(-0.00201771566 -2.863692317e-18 -0.003888163295)
(-0.001971919773 -2.563366947e-18 -0.003749841258)
(-0.001917606381 -2.292217702e-18 -0.003601844418)
(-0.001853409026 -2.19559631e-18 -0.003441688395)
(-0.001777620773 -1.951263974e-18 -0.003266318205)
(-0.001688199412 -1.745433336e-18 -0.003072122751)
(-0.001582805998 -1.65963527e-18 -0.002855001923)
(-0.00145886573 -1.560022084e-18 -0.002610466889)
(-0.001313636568 -1.445400415e-18 -0.002333746386)
(-0.001144281525 -1.325975275e-18 -0.002019875701)
(-0.0009479441793 -1.085597765e-18 -0.001663761129)
(-0.0007217237 -7.361939533e-19 -0.001260271487)
(-0.0004623494293 -4.155312501e-19 -0.0008044697902)
(-0.0001658270222 -1.191730518e-19 -0.0002918035983)
(-8.774874808e-05 1.927064054e-19 -0.006937945819)
(-0.0002274269288 5.912838488e-19 -0.00693072351)
(-0.0003580267485 2.727774109e-18 -0.006914997455)
(-0.0004921735237 2.273543959e-18 -0.006891620882)
(-0.0006229397196 1.958179247e-18 -0.006861284903)
(-0.0007493054966 1.503924355e-18 -0.006824548229)
(-0.0008711636904 1.922279963e-18 -0.006781877453)
(-0.0009882664417 -2.810309378e-19 -0.006733730558)
(-0.001100402978 -1.018640188e-18 -0.006680543834)
(-0.001207420944 -1.272553961e-18 -0.006622725793)
(-0.001309204618 -2.631593581e-18 -0.006560656204)
(-0.001405666317 -2.959694505e-18 -0.006494684132)
(-0.001496742103 -3.33611533e-18 -0.006425126986)
(-0.001582387903 -3.764322914e-18 -0.006352270028)
(-0.001662576208 -3.97367544e-18 -0.006276366807)
(-0.001737293464 -4.219341443e-18 -0.006197640003)
(-0.00180653759 -4.61313372e-18 -0.006116282446)
(-0.001870316582 -4.826325374e-18 -0.006032459139)
(-0.001928646626 -4.67882275e-18 -0.005946308618)
(-0.001981550758 -4.710072631e-18 -0.005857945115)
(-0.002029057954 -4.618427904e-18 -0.005767459915)
(-0.002071201486 -4.376001327e-18 -0.005674922619)
(-0.002108017512 -4.075949542e-18 -0.005580381958)
(-0.002139543789 -3.871150649e-18 -0.005483865926)
(-0.002165817917 -3.985766455e-18 -0.005385381348)
(-0.002186874648 -4.034288072e-18 -0.005284911776)
(-0.002202743112 -4.142157798e-18 -0.005182415035)
(-0.002213443294 -4.198289096e-18 -0.00507781903)
(-0.002218981269 -4.058100857e-18 -0.004971015661)
(-0.00221934344 -3.954730819e-18 -0.004861852256)
(-0.002214488574 -3.805848068e-18 -0.004750119766)
(-0.002204337553 -3.829373749e-18 -0.004635536897)
(-0.002188759773 -3.682527882e-18 -0.004517728029)
(-0.002167554741 -3.672988501e-18 -0.004396193111)
(-0.002140427514 -3.506131279e-18 -0.004270266644)
(-0.002106956371 -3.555729365e-18 -0.004139063146)
(-0.002066551651 -3.226250112e-18 -0.004001407498)
(-0.002018407179 -2.906730838e-18 -0.003855752636)
(-0.001961449421 -2.576701908e-18 -0.003700094893)
(-0.001894294789 -2.445603616e-18 -0.003531905756)
(-0.001815228539 -2.210333768e-18 -0.003348103111)
(-0.001722215645 -1.625364492e-18 -0.00314507704)
(-0.001612943045 -1.722048249e-18 -0.002918766235)
(-0.001484882438 -1.772367917e-18 -0.002664764772)
(-0.001335359872 -1.7615852e-18 -0.00237843247)
(-0.001161627846 -1.780002595e-18 -0.002054985331)
(-0.0009609388559 -1.851753401e-18 -0.001689559814)
(-0.0007305164508 -1.20454881e-18 -0.001277306593)
(-0.0004672225546 -5.075148649e-19 -0.0008136241983)
(-0.00016723018 -2.129752061e-19 -0.0002943273722)
(-9.0235906e-05 -6.7366146e-20 -0.007219997975)
(-0.0002339407899 -1.08191218e-18 -0.007212427962)
(-0.0003683102754 -1.119986726e-19 -0.007195963233)
(-0.0005062963445 -1.651905711e-18 -0.00717148488)
(-0.0006408489031 -1.336486834e-19 -0.007139708834)
(-0.00077089139 2.149564357e-18 -0.007101213604)
(-0.0008963128683 2.623979889e-18 -0.007056481384)
(-0.001016860148 3.399317862e-19 -0.007005982613)
(-0.001132313595 -8.683752679e-19 -0.00695016725)
(-0.001242513289 -2.090580305e-18 -0.006889455205)
(-0.001347336026 -2.666720441e-18 -0.006824236252)
(-0.00144668654 -3.004610447e-18 -0.006754869016)
(-0.001540493491 -3.419164507e-18 -0.006681680147)
(-0.00162870579 -4.156473891e-18 -0.006604963727)
(-0.001711288916 -4.804202554e-18 -0.006524981583)
(-0.001788222711 -5.501452819e-18 -0.006441964896)
(-0.001859499648 -5.029324148e-18 -0.006356115291)
(-0.001925122374 -5.61120138e-18 -0.006267606467)
(-0.001985102663 -5.487066986e-18 -0.006176586274)
(-0.002039460154 -5.619652552e-18 -0.006083178216)
(-0.002088220883 -5.384228152e-18 -0.005987483262)
(-0.002131416071 -5.391086172e-18 -0.005889580638)
(-0.002169080798 -5.241751159e-18 -0.005789528818)
(-0.002201252384 -4.820334215e-18 -0.005687365189)
(-0.002227968233 -4.703066068e-18 -0.005583105238)
(-0.002249263366 -4.678116481e-18 -0.005476740722)
(-0.002265167589 -4.333448978e-18 -0.005368236433)
(-0.00227570141 -4.537860378e-18 -0.005257525612)
(-0.002280871115 -4.651286436e-18 -0.005144503554)
(-0.002280662738 -4.549060279e-18 -0.005029018518)
(-0.002275033677 -4.214461138e-18 -0.004910859219)
(-0.002263902023 -3.88087763e-18 -0.00478973807)
(-0.00224713236 -4.084476622e-18 -0.004665268288)
(-0.002224516874 -3.910798553e-18 -0.00453693276)
(-0.002195750241 -3.683119389e-18 -0.004404041865)
(-0.002160396844 -3.579688193e-18 -0.004265678193)
(-0.002117849757 -3.39342681e-18 -0.004120627029)
(-0.002067283174 -3.234626622e-18 -0.003967295764)
(-0.002007603917 -3.103854866e-18 -0.003803633716)
(-0.001937412521 -3.132098355e-18 -0.003627071519)
(-0.001854986843 -2.827080438e-18 -0.003434502225)
(-0.001758297745 -2.565361064e-18 -0.003222317748)
(-0.001645055055 -2.188411838e-18 -0.00298649343)
(-0.00151277126 -2.534246923e-18 -0.002722699315)
(-0.001358831336 -2.037828252e-18 -0.002426413753)
(-0.001180565346 -1.905067362e-18 -0.002093015348)
(-0.000975320264 -1.788388429e-18 -0.001717846986)
(-0.0007404264511 -1.632095032e-18 -0.001296311172)
(-0.0004728572661 -1.079868668e-18 -0.0008241059077)
(-0.0001689269018 -5.716603351e-19 -0.0002973717603)
(-9.288523182e-05 2.262930924e-18 -0.007515266312)
(-0.0002408776692 2.330412905e-18 -0.007507341506)
(-0.0003792590207 1.777926245e-19 -0.007490125934)
(-0.000521328604 -1.527505583e-18 -0.007464527187)
(-0.0006599035564 -4.953235751e-19 -0.007431284992)
(-0.0007938468889 1.729514822e-18 -0.007390996836)
(-0.0009230426841 2.20550896e-18 -0.007344160811)
(-0.001047232491 -1.069007525e-18 -0.007291259123)
(-0.001166187813 -1.693394071e-18 -0.007232753015)
(-0.001279740133 -3.053360145e-18 -0.007169073565)
(-0.001387758853 -2.953403202e-18 -0.007100620423)
(-0.001490141545 -3.697695843e-18 -0.007027761126)
(-0.001586809806 -3.931573171e-18 -0.006950830564)
(-0.001677705297 -4.846386426e-18 -0.00687013092)
(-0.001762787122 -5.20326e-18 -0.006785932521)
(-0.001842029654 -5.609794728e-18 -0.006698475028)
(-0.001915419718 -5.635414869e-18 -0.00660796857)
(-0.001982955462 -6.272594334e-18 -0.006514595888)
(-0.002044644895 -6.366818075e-18 -0.006418514205)
(-0.002100504378 -6.045492575e-18 -0.00631985686)
(-0.002150557888 -5.598822875e-18 -0.006218734842)
(-0.002194835157 -5.240930201e-18 -0.006115237583)
(-0.00223337031 -5.31584214e-18 -0.006009433763)
(-0.00226620053 -5.208482296e-18 -0.005901370783)
(-0.002293363561 -5.136222704e-18 -0.005791073515)
(-0.002314895099 -5.116852931e-18 -0.00567854236)
(-0.002330825759 -4.983548511e-18 -0.005563749601)
(-0.002341176767 -4.976482472e-18 -0.005446634341)
(-0.002345954818 -5.032938373e-18 -0.005327095602)
(-0.002345145558 -4.975165419e-18 -0.00520498276)
(-0.00233870497 -4.92452274e-18 -0.005080082585)
(-0.00232654836 -4.834761293e-18 -0.004952101485)
(-0.002308535536 -4.744729429e-18 -0.004820641687)
(-0.002284451391 -4.282716603e-18 -0.004685169185)
(-0.002253980321 -3.90515747e-18 -0.004544970648)
(-0.002216673127 -3.560646179e-18 -0.004399097429)
(-0.002171906074 -3.399178139e-18 -0.004246296193)
(-0.002118834392 -3.151147557e-18 -0.004084930415)
(-0.002056346012 -3.098882505e-18 -0.00391290489)
(-0.001983026316 -2.999451706e-18 -0.003727612287)
(-0.001897146043 -2.792501958e-18 -0.003525922966)
(-0.001796680325 -2.413354252e-18 -0.003304229849)
(-0.001679357664 -2.623166057e-18 -0.003058540656)
(-0.001542725396 -2.534726848e-18 -0.002784594022)
(-0.001384218547 -2.338191132e-18 -0.002477974035)
(-0.001201232959 -2.130183651e-18 -0.002134203784)
(-0.0009911963904 -1.975768708e-18 -0.001748809664)
(-0.0007515295073 -1.45784222e-18 -0.001317417683)
(-0.0004792972431 -9.510066147e-19 -0.000835991746)
(-0.0001709305515 -4.254096185e-19 -0.0003009602689)
(-9.572146402e-05 -2.303700199e-18 -0.007824787688)
(-0.0002483022846 9.302534608e-20 -0.007816498778)
(-0.0003909754004 9.104363914e-19 -0.007798515197)
(-0.0005374103249 2.017807476e-18 -0.007771769145)
(-0.0006802787421 7.125753042e-19 -0.007737023107)
(-0.0008183802625 1.473063944e-18 -0.007694895621)
(-0.0009515927991 2.054447305e-18 -0.007645897897)
(-0.001079651189 1.073805253e-19 -0.007590525691)
(-0.001202318246 -1.345412089e-18 -0.007529250461)
(-0.001319417139 -2.63249396e-18 -0.007462513196)
(-0.00143080942 -3.460988581e-18 -0.007390722806)
(-0.001536385353 -3.821791675e-18 -0.007314255514)
(-0.001636059706 -4.02947636e-18 -0.007233454399)
(-0.001729767957 -4.286509618e-18 -0.007148629647)
(-0.00181746367 -5.007799606e-18 -0.007060059856)
(-0.001899115424 -5.700958845e-18 -0.006967992647)
(-0.001974705654 -5.847851065e-18 -0.006872647138)
(-0.002044228525 -5.879377679e-18 -0.006774215152)
(-0.002107688776 -6.072348612e-18 -0.006672863749)
(-0.002165100678 -5.94869115e-18 -0.006568736287)
(-0.002216486371 -5.74129021e-18 -0.006461954264)
(-0.0022618746 -5.473003838e-18 -0.006352617881)
(-0.002301299476 -5.182141534e-18 -0.006240806485)
(-0.002334798529 -5.457189564e-18 -0.006126577919)
(-0.002362410198 -5.451927894e-18 -0.006009967029)
(-0.002384171198 -5.38920993e-18 -0.005890983316)
(-0.002400113263 -5.37433161e-18 -0.00576960697)
(-0.00241025858 -5.352814159e-18 -0.005645783388)
(-0.002414614465 -5.367469311e-18 -0.005519415734)
(-0.002413166357 -5.465296324e-18 -0.005390354793)
(-0.002405868976 -5.134430434e-18 -0.005258385475)
(-0.002392634852 -4.860828523e-18 -0.005123208278)
(-0.002373319027 -4.576115299e-18 -0.004984414618)
(-0.002347699133 -4.391665295e-18 -0.004841453741)
(-0.002315449357 -4.196160173e-18 -0.004693588826)
(-0.002276107045 -4.003563916e-18 -0.004539840647)
(-0.002229032105 -3.652422965e-18 -0.004378918576)
(-0.002173361508 -3.503149297e-18 -0.004209143954)
(-0.002107964935 -3.12072618e-18 -0.004028378865)
(-0.002031412653 -3.119300865e-18 -0.00383397937)
(-0.001941967434 -2.918510121e-18 -0.003622794076)
(-0.00183760706 -3.115771305e-18 -0.003391216134)
(-0.001716074454 -3.363725859e-18 -0.003135280592)
(-0.001574944817 -3.343416345e-18 -0.002850785305)
(-0.001411694753 -2.918196717e-18 -0.002533407512)
(-0.001223774545 -2.413747527e-18 -0.002178797184)
(-0.001008679433 -1.899917135e-18 -0.001782641795)
(-0.0007639048422 -1.292126883e-18 -0.001340764026)
(-0.0004865884472 -5.710662923e-19 -0.0008493621418)
(-0.0001732553675 -2.698567958e-19 -0.0003051177956)
(-9.877099053e-05 -1.954615831e-18 -0.008149741138)
(-0.0002562833448 1.083757411e-18 -0.008141076102)
(-0.0004035673397 -2.96384523e-18 -0.008122300383)
(-0.0005546876421 -2.489684562e-20 -0.008094368769)
(-0.0007021579056 -4.378140263e-19 -0.008058068269)
(-0.000844709716 -3.658974909e-19 -0.008014039225)
(-0.0009822138081 7.603037186e-19 -0.007962805388)
(-0.001114397516 3.039287048e-19 -0.007904874654)
(-0.001241013706 -8.989521087e-19 -0.007840730413)
(-0.001361877257 -1.664195349e-18 -0.007770823036)
(-0.001476842112 -2.197736929e-18 -0.007695570148)
(-0.001585791532 -2.870743666e-18 -0.007615356475)
(-0.001688634013 -3.41982565e-18 -0.007530533442)
(-0.001785299233 -3.709880227e-18 -0.007441419027)
(-0.001875735181 -4.317476537e-18 -0.007348299757)
(-0.001959906346 -5.302583103e-18 -0.007251431903)
(-0.00203779103 -5.551602618e-18 -0.007151043316)
(-0.002109380339 -5.816342518e-18 -0.007047335526)
(-0.002174676841 -5.472357031e-18 -0.006940485448)
(-0.002233693038 -5.710757976e-18 -0.006830647203)
(-0.002286450417 -5.829736153e-18 -0.006717952997)
(-0.002332977628 -5.90494665e-18 -0.006602514227)
(-0.002373309195 -5.992017121e-18 -0.006484421432)
(-0.002407483568 -5.963096271e-18 -0.006363743356)
(-0.002435540518 -5.900096256e-18 -0.00624052525)
(-0.002457518417 -5.989002807e-18 -0.006114786149)
(-0.002473450526 -5.829794269e-18 -0.005986514452)
(-0.002483360312 -5.743839356e-18 -0.005855662174)
(-0.002487255972 -5.648717365e-18 -0.005722136915)
(-0.00248512301 -5.513527469e-18 -0.005585791072)
(-0.00247691502 -5.399362119e-18 -0.005446407758)
(-0.002462541782 -4.97878757e-18 -0.005303681656)
(-0.002441853611 -4.39759979e-18 -0.005157193483)
(-0.002414620941 -4.200935927e-18 -0.005006375957)
(-0.002380507928 -3.95555904e-18 -0.00485046916)
(-0.002339038664 -4.001890381e-18 -0.00468846366)
(-0.002289556898 -3.920809839e-18 -0.00451903206)
(-0.002231181493 -3.875692466e-18 -0.004340455028)
(-0.00216276434 -3.770047411e-18 -0.004150553921)
(-0.002082860722 -3.814122061e-18 -0.003946649544)
(-0.001989724142 -3.958799125e-18 -0.003725568065)
(-0.00188133205 -4.088904568e-18 -0.003483700187)
(-0.001755437725 -3.901796822e-18 -0.003217103227)
(-0.001609637327 -3.85843699e-18 -0.002921624763)
(-0.001441440073 -4.012778521e-18 -0.002593021521)
(-0.001248339892 -3.195665027e-18 -0.002227053084)
(-0.001027886502 -2.473771687e-18 -0.001819546239)
(-0.0007776354806 -1.810376001e-18 -0.001366494847)
(-0.0004947795649 -1.114573229e-18 -0.0008643022698)
(-0.0001759167494 -4.195634507e-19 -0.0003098712961)
(-0.0001020615013 0 -0.008491462459)
(-0.0002648928396 7.836160017e-19 -0.008482404969)
(-0.0004171470893 -2.228355338e-18 -0.008462803707)
(-0.0005733134765 -1.454876601e-18 -0.008433635743)
(-0.0007257336815 -1.882002653e-18 -0.008395715382)
(-0.0008730650725 -2.650925376e-18 -0.008349703003)
(-0.001015169515 -6.097311354e-19 -0.00829613789)
(-0.001151766967 -4.709703443e-20 -0.008235538913)
(-0.001282599317 5.138803194e-19 -0.00816840079)
(-0.001407472279 -9.144713751e-19 -0.008095184609)
(-0.001526232549 -1.391009373e-18 -0.008016317222)
(-0.001638756972 -2.077649279e-18 -0.007932191634)
(-0.001744947582 -2.82819932e-18 -0.007843167107)
(-0.001844728669 -3.081608025e-18 -0.007749570295)
(-0.001938044459 -3.85428754e-18 -0.007651696233)
(-0.002024855409 -4.8102182e-18 -0.00754980973)
(-0.002105136932 -5.517857978e-18 -0.007444147723)
(-0.002178878078 -5.854952768e-18 -0.007334921766)
(-0.002246079947 -5.136033239e-18 -0.00722231927)
(-0.002306754756 -5.087959445e-18 -0.007106505105)
(-0.00236092383 -5.56284846e-18 -0.006987622925)
(-0.002408616569 -5.914662022e-18 -0.006865795799)
(-0.002449869029 -6.171599446e-18 -0.006741125799)
(-0.002484721415 -6.184139103e-18 -0.006613692926)
(-0.002513215526 -6.342279126e-18 -0.006483553222)
(-0.002535391897 -6.370697616e-18 -0.006350735587)
(-0.002551285856 -6.380194577e-18 -0.006215236996)
(-0.002560922683 -6.235630626e-18 -0.006077016239)
(-0.002564311772 -6.250585233e-18 -0.005935985502)
(-0.00256143897 -6.361506944e-18 -0.005791999029)
(-0.002552257016 -6.283570104e-18 -0.005644838195)
(-0.002536673117 -5.920634432e-18 -0.005494191783)
(-0.002514532936 -5.575260959e-18 -0.005339629714)
(-0.002485599763 -5.195126709e-18 -0.005180568095)
(-0.002449527609 -5.038315232e-18 -0.005016224145)
(-0.002405827524 -4.617025802e-18 -0.004845559006)
(-0.002353827487 -4.271402098e-18 -0.00466720949)
(-0.002292628442 -3.946589652e-18 -0.004479416147)
(-0.002221064121 -3.813640123e-18 -0.004279960075)
(-0.002137674267 -3.62211998e-18 -0.004066127724)
(-0.00204070194 -3.664838817e-18 -0.003834722204)
(-0.001928120977 -3.67687821e-18 -0.003582128106)
(-0.001797690016 -3.620802999e-18 -0.003304418435)
(-0.001647019493 -3.222596025e-18 -0.002997480734)
(-0.001473642158 -2.787524352e-18 -0.002657137479)
(-0.001275085077 -2.490196051e-18 -0.002279240625)
(-0.001048940042 -2.077275991e-18 -0.00185973538)
(-0.0007928087207 -1.679327257e-18 -0.001394762275)
(-0.0005039222717 -1.204987631e-18 -0.0008809024531)
(-0.0001789313415 -6.656639263e-19 -0.0003152498959)
(-0.0001056217844 1.737693528e-19 -0.008851458084)
(-0.0002742055377 1.109541726e-19 -0.008841986713)
(-0.000431831895 -1.279089363e-18 -0.008821516553)
(-0.0005934489342 -1.491592481e-18 -0.008791048356)
(-0.0007512085683 -1.912448482e-18 -0.008751424191)
(-0.000903688168 -2.613677038e-18 -0.008703325729)
(-0.001050738999 -2.278572923e-18 -0.008647308381)
(-0.001192072021 -9.305135569e-19 -0.008583904312)
(-0.00132741834 -1.029017576e-19 -0.008513619416)
(-0.001456574155 -1.87519649e-19 -0.008436925568)
(-0.001579378307 -8.585866958e-19 -0.008354259591)
(-0.001695701066 -1.014490493e-18 -0.008266023664)
(-0.001805439057 -1.656893256e-18 -0.008172585712)
(-0.001908512722 -2.748610673e-18 -0.008074281517)
(-0.002004862022 -3.445373276e-18 -0.007971414479)
(-0.002094444659 -4.327202849e-18 -0.007864258843)
(-0.002177234487 -5.396759911e-18 -0.007753061582)
(-0.002253219552 -5.503317236e-18 -0.007638044235)
(-0.002322400715 -5.457408939e-18 -0.007519405138)
(-0.002384790531 -5.683067687e-18 -0.007397320871)
(-0.002440411788 -5.587443523e-18 -0.00727194668)
(-0.00248929578 -5.664126339e-18 -0.007143417645)
(-0.00253148079 -6.008395044e-18 -0.007011847953)
(-0.002567009697 -6.15419879e-18 -0.006877329362)
(-0.002595927282 -6.224973796e-18 -0.006739928984)
(-0.002618277103 -6.043270794e-18 -0.006599685804)
(-0.002634097262 -6.272273197e-18 -0.006456605524)
(-0.002643415428 -6.490525834e-18 -0.006310653835)
(-0.002646242627 -6.380797344e-18 -0.006161747487)
(-0.002642565364 -6.387533122e-18 -0.006009742543)
(-0.002632335756 -6.332263811e-18 -0.005854418745)
(-0.002615458678 -6.157172496e-18 -0.00569545901)
(-0.002591775329 -5.964620834e-18 -0.00553242237)
(-0.002561042009 -5.789023247e-18 -0.005364708343)
(-0.002522902669 -5.482909117e-18 -0.005191511056)
(-0.002476855209 -5.207256431e-18 -0.005011761974)
(-0.00242221161 -5.04900564e-18 -0.004824062855)
(-0.002358055193 -4.687076507e-18 -0.004626615346)
(-0.002283201395 -4.395921342e-18 -0.004417160644)
(-0.002196173157 -4.098598897e-18 -0.00419294997)
(-0.002095201097 -3.817458449e-18 -0.003950761766)
(-0.001978252246 -3.711602847e-18 -0.003686970442)
(-0.001843085127 -3.479359687e-18 -0.003397657446)
(-0.001687317713 -3.087522077e-18 -0.003078740035)
(-0.001508497328 -2.551984427e-18 -0.002726092702)
(-0.001304173682 -2.350080958e-18 -0.002335642355)
(-0.001071968742 -1.57810038e-18 -0.001903432475)
(-0.0008095168015 -1.18659808e-18 -0.001425726806)
(-0.000514071509 -7.915799844e-19 -0.0008992584688)
(-0.0001823169929 -3.732139713e-19 -0.0003212847579)
(-0.0001094816287 2.111061729e-18 -0.009231422372)
(-0.0002842996182 2.241962782e-18 -0.009221511181)
(-0.0004477458352 3.446116239e-18 -0.009200118855)
(-0.0006152640144 3.268390426e-18 -0.009168270896)
(-0.0007787961625 2.852767761e-18 -0.009126837482)
(-0.0009368338139 -2.804706292e-19 -0.009076526392)
(-0.001089216155 -1.537649428e-18 -0.009017907996)
(-0.00123564333 -1.349543128e-18 -0.008951529932)
(-0.001375834638 -1.356293806e-18 -0.008877911545)
(-0.001509576557 -7.988083436e-19 -0.008797536023)
(-0.001636700121 -1.230507291e-18 -0.008710850996)
(-0.001757069307 -1.43838763e-18 -0.008618269047)
(-0.001870576261 -1.673645772e-18 -0.008520167968)
(-0.001977137035 -2.292241161e-18 -0.008416892407)
(-0.002076688795 -3.263127966e-18 -0.00830875576)
(-0.002169188025 -3.98051826e-18 -0.008196042708)
(-0.002254607737 -4.600836431e-18 -0.008079010402)
(-0.002332936196 -4.840717899e-18 -0.007957891665)
(-0.00240417539 -4.771184973e-18 -0.0078328962)
(-0.002468339845 -5.530046364e-18 -0.00770421247)
(-0.002525454608 -5.817270837e-18 -0.007572008403)
(-0.002575554211 -5.7993874e-18 -0.007436431547)
(-0.002618680545 -5.964231268e-18 -0.007297608344)
(-0.002654880261 -6.185960386e-18 -0.007155642642)
(-0.002684202126 -6.700749765e-18 -0.007010612955)
(-0.002706693541 -6.899699057e-18 -0.00686256859)
(-0.002722396159 -6.553708546e-18 -0.006711524205)
(-0.002731340807 -6.332567627e-18 -0.006557452459)
(-0.002733540781 -6.32743927e-18 -0.006400274659)
(-0.002728983781 -6.212491249e-18 -0.006239848516)
(-0.002717621642 -5.915799356e-18 -0.006075951825)
(-0.002699357147 -5.46732155e-18 -0.00590826133)
(-0.002674027139 -5.40716669e-18 -0.005736324871)
(-0.002641380849 -5.559838563e-18 -0.00555952527)
(-0.002601052358 -5.455824753e-18 -0.005377033804)
(-0.002552526595 -5.254673339e-18 -0.005187752382)
(-0.002495099429 -5.031993629e-18 -0.00499024725)
(-0.002427835854 -4.965516674e-18 -0.004782680961)
(-0.002349532619 -4.87036853e-18 -0.004562755405)
(-0.002258694804 -4.796446942e-18 -0.004327685531)
(-0.002153537863 -4.787468221e-18 -0.004074222049)
(-0.002032018544 -4.915364596e-18 -0.003798724725)
(-0.00189188975 -4.946128777e-18 -0.003497275622)
(-0.00173076967 -4.472769953e-18 -0.003165810521)
(-0.001546211581 -3.737364717e-18 -0.002800242309)
(-0.001335777514 -3.193117379e-18 -0.002396555808)
(-0.001097108115 -2.637709647e-18 -0.001950873064)
(-0.000827857126 -1.689164856e-18 -0.001459558168)
(-0.0005252855652 -8.870689605e-19 -0.000919472019)
(-0.0001860928023 -1.724398476e-19 -0.0003280092745)
(-0.0001136731816 -3.010353902e-18 -0.00963326078)
(-0.0002952590527 1.256790456e-18 -0.00962287881)
(-0.000465021145 2.607518017e-18 -0.009600498974)
(-0.0006389380239 2.911577156e-18 -0.009567172383)
(-0.0008087222293 2.506847181e-18 -0.009523801687)
(-0.0009727716919 5.557395003e-19 -0.009471122811)
(-0.001130911476 -2.11954991e-19 -0.009409724129)
(-0.001282830362 2.927706235e-19 -0.009340168774)
(-0.001428233822 -1.461028401e-19 -0.0092629917)
(-0.001566898034 -1.044714643e-18 -0.009178690054)
(-0.001698646491 -1.796076799e-18 -0.009087723712)
(-0.001823336932 -2.376635502e-18 -0.008990516442)
(-0.00194085663 -2.488375973e-18 -0.008887457265)
(-0.002051118803 -2.850047942e-18 -0.008778901753)
(-0.002154059411 -3.494843848e-18 -0.008665174595)
(-0.002249633983 -3.952264158e-18 -0.008546571069)
(-0.002337816267 -4.223774265e-18 -0.008423360352)
(-0.002418596156 -4.279313221e-18 -0.008295786763)
(-0.002491978125 -4.806997823e-18 -0.008164072735)
(-0.002557979914 -5.334687424e-18 -0.008028419498)
(-0.002616630734 -6.111888775e-18 -0.007889007783)
(-0.002667969641 -6.04371648e-18 -0.007745998253)
(-0.002712043311 -5.997034293e-18 -0.007599530304)
(-0.002748903495 -5.985781192e-18 -0.007449720245)
(-0.002778604219 -6.002789776e-18 -0.007296658218)
(-0.002801197842 -5.987895507e-18 -0.007140403885)
(-0.002816730563 -6.037727211e-18 -0.006980980827)
(-0.00282523716 -6.079198503e-18 -0.006818368694)
(-0.002826733945 -6.186572609e-18 -0.006652493174)
(-0.002821210335 -6.291022485e-18 -0.00648321337)
(-0.002808618323 -6.177125808e-18 -0.006310304976)
(-0.002788858963 -5.881742853e-18 -0.006133438301)
(-0.002761765044 -5.496210965e-18 -0.005952149652)
(-0.002727078881 -6.049957166e-18 -0.005765804408)
(-0.002684424486 -6.133309115e-18 -0.005573550218)
(-0.002633273505 -5.667711813e-18 -0.005374259516)
(-0.002572905842 -5.221669744e-18 -0.005166463387)
(-0.002502367787 -5.127621895e-18 -0.004948284549)
(-0.002420436036 -5.028024286e-18 -0.004717384275)
(-0.00232559649 -4.932173335e-18 -0.004470940271)
(-0.002216046784 -4.853096292e-18 -0.004205672033)
(-0.002089728934 -4.815539538e-18 -0.00391791855)
(-0.001944384903 -4.817338233e-18 -0.003603754463)
(-0.001777625702 -4.776826435e-18 -0.003259122968)
(-0.001587001896 -4.309357417e-18 -0.002879961132)
(-0.001370077692 -3.850349643e-18 -0.002462295091)
(-0.001124501163 -3.494827939e-18 -0.002002305892)
(-0.0008479328458 -2.224283726e-18 -0.001496436192)
(-0.0005376265287 -1.016481484e-18 -0.0009416514686)
(-0.0001902793212 -3.875032652e-19 -0.0003354594238)
(-0.0001182305011 -3.08698633e-18 -0.01005911341)
(-0.000307172652 -3.016547401e-18 -0.01004822271)
(-0.0004837963818 3.51665872e-18 -0.01002477503)
(-0.0006646602492 3.897977235e-18 -0.009989850671)
(-0.0008412257142 1.284805546e-18 -0.009944389641)
(-0.001011788112 0 -0.009889155931)
(-0.001176155397 -5.808519992e-19 -0.009824761156)
(-0.001334004005 -8.686299023e-21 -0.009751786288)
(-0.001485025054 5.772669235e-19 -0.009670783252)
(-0.0016289832 -1.157984977e-18 -0.009582265268)
(-0.001765693541 -2.106812799e-18 -0.009486706867)
(-0.001895007847 -2.675976985e-18 -0.009384545387)
(-0.002016809768 -2.802738948e-18 -0.009276183056)
(-0.002131010443 -2.69053006e-18 -0.009161988178)
(-0.002237544662 -3.812696426e-18 -0.009042297524)
(-0.002336369017 -4.425809234e-18 -0.008917419384)
(-0.002427459097 -4.92216175e-18 -0.00878763548)
(-0.00251080783 -4.904816059e-18 -0.008653203762)
(-0.002586424075 -4.780061587e-18 -0.008514359715)
(-0.00265433031 -5.041888548e-18 -0.008371318263)
(-0.002714561187 -5.879333071e-18 -0.008224274367)
(-0.002767162162 -6.529875166e-18 -0.008073402358)
(-0.002812186393 -7.053844166e-18 -0.007918854799)
(-0.002849692189 -6.506737321e-18 -0.00776076076)
(-0.002879740053 -5.988302829e-18 -0.007599222327)
(-0.002902388559 -6.072724343e-18 -0.007434309848)
(-0.002917689645 -6.326775631e-18 -0.007266055784)
(-0.002925683019 -6.81172569e-18 -0.007094446608)
(-0.002926388899 -6.69080313e-18 -0.00691941227)
(-0.002919799194 -6.646971167e-18 -0.006740812758)
(-0.002905866603 -6.509561793e-18 -0.006558420929)
(-0.002884490723 -6.302322551e-18 -0.006371900023)
(-0.002855500402 -6.401395729e-18 -0.006180774427)
(-0.002818631341 -6.477592358e-18 -0.005984391912)
(-0.002773497662 -6.232739105e-18 -0.00578187591)
(-0.002719557507 -5.855694361e-18 -0.005572067987)
(-0.002656073968 -5.628817749e-18 -0.005353463268)
(-0.002582074343 -5.41212378e-18 -0.005124144684)
(-0.002496314175 -5.272603838e-18 -0.004881731125)
(-0.002397257784 -5.164632333e-18 -0.004623360091)
(-0.00228308237 -5.183886698e-18 -0.004345716331)
(-0.002151710687 -5.085539097e-18 -0.004045111702)
(-0.002000867975 -4.837012353e-18 -0.003717604353)
(-0.0018281507 -4.778275651e-18 -0.003359133504)
(-0.001631097883 -4.451476763e-18 -0.00296564588)
(-0.001407265987 -4.277358339e-18 -0.002533192511)
(-0.001154299527 -3.29958853e-18 -0.002057994382)
(-0.000869853656 -2.252515933e-18 -0.001536551731)
(-0.0005511607148 -1.073904405e-18 -0.0009659123067)
(-0.0001948986624 -4.185971697e-19 -0.0003436738737)
(-0.0001231891551 -1.399163578e-18 -0.01051137725)
(-0.000320132989 -2.725187328e-18 -0.01049993222)
(-0.0005042173198 1.649988984e-18 -0.01047532115)
(-0.000692631302 4.818535558e-20 -0.01043865889)
(-0.000876558962 -4.045976521e-18 -0.01039092483)
(-0.001054184881 -3.786284243e-18 -0.01033291626)
(-0.0012252976 -2.595501117e-18 -0.01026526894)
(-0.001389558373 -1.973456956e-18 -0.01018858714)
(-0.001546642949 -1.185848471e-18 -0.01010344261)
(-0.001696303869 -2.046625829e-18 -0.01001036702)
(-0.001838347511 -2.696709267e-18 -0.009909852319)
(-0.001972620148 -2.504196255e-18 -0.009802352477)
(-0.002099001806 -3.424199974e-18 -0.009688284657)
(-0.002217401556 -4.026190058e-18 -0.009568031891)
(-0.002327755205 -4.198696222e-18 -0.009441946069)
(-0.002430020972 -4.887481362e-18 -0.009310349598)
(-0.002524177952 -5.49493499e-18 -0.009173539294)
(-0.002610224002 -5.678660283e-18 -0.009031787485)
(-0.00268817359 -6.010020379e-18 -0.00888534493)
(-0.002758056003 -6.089222731e-18 -0.008734441272)
(-0.00281991355 -6.184894352e-18 -0.008579286039)
(-0.00287379933 -6.46048804e-18 -0.008420068249)
(-0.002919774633 -6.658747365e-18 -0.008256954801)
(-0.002957906197 -6.649146963e-18 -0.008090087971)
(-0.002988262693 -6.579740869e-18 -0.007919581884)
(-0.003010910367 -6.709518604e-18 -0.007745517478)
(-0.00302590821 -6.791152909e-18 -0.007567935973)
(-0.003033301932 -6.89389786e-18 -0.007386830331)
(-0.003033116485 -7.040454901e-18 -0.007202134516)
(-0.003025347164 -7.103268368e-18 -0.007013709291)
(-0.003009948198 -7.299470613e-18 -0.006821324185)
(-0.002986818345 -7.309329818e-18 -0.006624634497)
(-0.002955782837 -7.001002049e-18 -0.006423151349)
(-0.002916570574 -6.790575608e-18 -0.006216203739)
(-0.002868785657 -6.49931148e-18 -0.00600289051)
(-0.002811872882 -6.102373389e-18 -0.005782021964)
(-0.002745078032 -5.911855666e-18 -0.005552055435)
(-0.002667408031 -5.693413515e-18 -0.005311032079)
(-0.002577596255 -5.484372367e-18 -0.005056527266)
(-0.002474083094 -5.269836281e-18 -0.004785634865)
(-0.002355021852 -4.697333333e-18 -0.004494999723)
(-0.002218311515 -4.002274976e-18 -0.004180899845)
(-0.002061654463 -3.864240889e-18 -0.003839367393)
(-0.001882625308 -3.578656645e-18 -0.003466325817)
(-0.001678742723 -3.108315131e-18 -0.003057716956)
(-0.001447545619 -2.978190279e-18 -0.002609600332)
(-0.001186664096 -2.607699762e-18 -0.002118217982)
(-0.0008937361324 -2.039357518e-18 -0.001580107492)
(-0.0005659587903 -1.463154399e-18 -0.0009923774924)
(-0.0001999745065 -2.97889984e-19 -0.0003526940026)
(-0.002797936452 -7.338079169e-18 -0.009278802055)
(-0.002869873063 -7.932687742e-18 -0.009119497075)
(-0.002933406533 -7.376319354e-18 -0.008955688615)
(-0.002988599983 -7.134889956e-18 -0.008787580946)
(-0.003035524829 -7.205317163e-18 -0.008615355761)
(-0.003074257904 -7.397683662e-18 -0.008439169217)
(-0.003104877682 -7.266949784e-18 -0.008259148022)
(-0.003127459758 -7.234896442e-18 -0.008075384066)
(-0.003142071782 -7.220143992e-18 -0.00788792728)
(-0.003148766917 -7.275148101e-18 -0.00769677682)
(-0.003147576094 -6.965331334e-18 -0.007501869856)
(-0.003138498906 -7.266589657e-18 -0.007303066983)
(-0.003121491682 -7.185859702e-18 -0.007100133718)
(-0.003096452877 -7.125153635e-18 -0.006892716864)
(-0.00306320475 -6.999842862e-18 -0.006680313624)
(-0.003021469738 -6.841149082e-18 -0.006462232759)
(-0.002970841668 -6.828024571e-18 -0.006237546475)
(-0.002910751318 -6.951452189e-18 -0.006005032601)
(-0.002840427008 -6.709017233e-18 -0.005763109885)
(-0.002758854158 -6.324467408e-18 -0.005509775201)
(-0.002664741956 -5.981841266e-18 -0.005242557173)
(-0.002556504642 -5.611565011e-18 -0.00495850248)
(-0.00243226777 -5.178210862e-18 -0.004654210452)
(-0.002289901915 -4.633416446e-18 -0.004325917549)
(-0.002127080215 -4.523311942e-18 -0.003969620141)
(-0.001941348011 -4.011207553e-18 -0.003581213552)
(-0.00173019498 -3.581682939e-18 -0.003156620577)
(-0.00149113268 -3.23857017e-18 -0.002691892436)
(-0.001221766009 -2.896432285e-18 -0.002183273487)
(-0.000919704431 -1.954524761e-18 -0.001627319127)
(-0.0005820962075 -9.628953785e-19 -0.001021178236)
(-0.0002055322406 -5.362342598e-19 -0.0003625641914)
)
;

boundaryField
{
    front_top
    {
        type            wedge;
    }
    front_middle
    {
        type            wedge;
    }
    front_bottom
    {
        type            wedge;
    }
    back_top
    {
        type            wedge;
    }
    back_middle
    {
        type            wedge;
    }
    back_bottom
    {
        type            wedge;
    }
    axis_top
    {
        type            symmetryPlane;
    }
    axis_middle
    {
        type            symmetryPlane;
    }
    axis_bottom
    {
        type            symmetryPlane;
    }
    wall_top
    {
        type            slip;
    }
    wall_middle
    {
        type            noSlip;
    }
    wall_bottom
    {
        type            noSlip;
    }
    inlet
    {
        type            fixedValue;
        value           nonuniform 0();
    }
    outlet
    {
        type            zeroGradient;
    }
    procBoundary4to3
    {
        type            processor;
        value           nonuniform List<vector> 
51
(
(-0.0001285861669 -1.266171487e-18 -0.01099273478)
(-0.0003342374677 -4.29371213e-18 -0.01098068277)
(-0.0005264387142 -2.047265057e-18 -0.0109547973)
(-0.000723062885 -2.895668077e-18 -0.01091623232)
(-0.0009149891803 -3.649753028e-18 -0.01086601009)
(-0.001100281431 -6.571897745e-18 -0.01080496867)
(-0.001278707124 -6.127515702e-18 -0.01073377052)
(-0.001449910312 -4.383111352e-18 -0.01065304531)
(-0.001613548799 -3.834355321e-18 -0.0105633899)
(-0.001769362442 -3.484396242e-18 -0.01046535837)
(-0.001917148795 -2.981775064e-18 -0.01035946298)
(-0.002056747746 -3.246675245e-18 -0.01024617677)
(-0.002188035793 -4.250644479e-18 -0.01012593571)
(-0.002310922232 -5.214265744e-18 -0.009999140826)
(-0.002425343708 -5.783863784e-18 -0.009866160866)
(-0.002531261915 -6.290933403e-18 -0.009727335357)
(-0.002628660931 -6.31977716e-18 -0.009582977774)
(-0.002717544961 -6.219018932e-18 -0.009433377748)
(-0.002717544961 -6.219018932e-18 -0.009433377748)
(-0.002916475538 -8.128677621e-18 -0.009696716458)
(-0.002990551874 -8.305558416e-18 -0.009528397099)
(-0.003055815171 -7.461024469e-18 -0.009355320141)
(-0.003112340407 -7.151137763e-18 -0.009177707014)
(-0.003160211288 -6.633787506e-18 -0.008995755349)
(-0.00319951701 -6.779307609e-18 -0.008809635783)
(-0.003230347857 -7.283981457e-18 -0.008619487777)
(-0.0032527906 -7.764993101e-18 -0.008425414206)
(-0.003266923136 -8.188211246e-18 -0.008227473721)
(-0.003272807534 -7.908056159e-18 -0.008025671536)
(-0.003270482178 -7.596347887e-18 -0.007819947756)
(-0.003259952218 -7.489027879e-18 -0.007610162127)
(-0.003241177112 -7.363071868e-18 -0.007396074971)
(-0.003214055703 -6.879408561e-18 -0.007177322884)
(-0.003178407358 -6.288126367e-18 -0.006953387829)
(-0.003133948392 -6.197216846e-18 -0.006723557552)
(-0.003080262637 -5.924937738e-18 -0.006486876094)
(-0.003016766351 -5.867284618e-18 -0.006242086217)
(-0.002942669281 -5.640298604e-18 -0.005987565815)
(-0.002856934491 -5.88551092e-18 -0.005721265353)
(-0.002758244852 -6.048549593e-18 -0.005440662938)
(-0.002644985764 -5.872016169e-18 -0.00514275344)
(-0.002515251105 -5.759309024e-18 -0.004824084352)
(-0.002366877937 -5.678334996e-18 -0.00448084211)
(-0.002197503873 -5.30615091e-18 -0.004108977129)
(-0.002004637245 -4.498410581e-18 -0.003704343544)
(-0.001785730125 -3.591098612e-18 -0.003262830902)
(-0.001538257107 -3.226997696e-18 -0.002780465495)
(-0.001259787426 -2.835706114e-18 -0.002253475804)
(-0.0009478908134 -2.426955783e-18 -0.001678415682)
(-0.0005996534575 -1.360869721e-18 -0.001052454123)
(-0.0002115990133 -2.4372552e-19 -0.0003733318007)
)
;
    }
    procBoundary4to5
    {
        type            processor;
        value           nonuniform List<vector> 
51
(
(-6.073770465e-05 -1.917451862e-19 -0.004190819726)
(-0.0001568151811 -3.221421439e-19 -0.004187751269)
(-0.000246662734 1.703708819e-19 -0.004181119875)
(-0.0003392647748 -4.648682112e-19 -0.004171163817)
(-0.0004291890051 -1.208733285e-18 -0.004158242474)
(-0.0005160118036 -2.093083762e-18 -0.004142584643)
(-0.0005996520043 -2.902075472e-18 -0.004124372811)
(-0.0006799259667 -3.402743913e-18 -0.0041037932)
(-0.0007567095742 -4.073467789e-18 -0.004081023774)
(-0.0008299259276 -3.863605597e-18 -0.004056231332)
(-0.0008995291237 -3.548061081e-18 -0.004029571502)
(-0.0009654990463 -3.342830758e-18 -0.004001188683)
(-0.001027837515 -3.478784962e-18 -0.003971213802)
(-0.001086563814 -3.642707792e-18 -0.003939764393)
(-0.001141711211 -3.454832195e-18 -0.003906944157)
(-0.001193323627 -3.220116294e-18 -0.003872842145)
(-0.001241452567 -3.148086118e-18 -0.00383753259)
(-0.001286154426 -2.893443891e-18 -0.003801074886)
(-0.00132748815 -2.747779563e-18 -0.00376351365)
(-0.001365512888 -2.697051833e-18 -0.003724878664)
(-0.001400286436 -2.679393442e-18 -0.003685185647)
(-0.001431863586 -2.47512453e-18 -0.003644436088)
(-0.001460294767 -2.313454702e-18 -0.003602617427)
(-0.001485624926 -2.160701637e-18 -0.003559703482)
(-0.001507892317 -2.080600412e-18 -0.003515654159)
(-0.001527127936 -2.342266941e-18 -0.003470415099)
(-0.001543353703 -2.524793177e-18 -0.00342391638)
(-0.001556581276 -2.659517734e-18 -0.003376071518)
(-0.001566810557 -2.615220471e-18 -0.003326775028)
(-0.001574027215 -2.630848595e-18 -0.003275898985)
(-0.001578199344 -2.516398972e-18 -0.003223288264)
(-0.001579273198 -2.43444689e-18 -0.003168754012)
(-0.001577167153 -2.377260768e-18 -0.003112064153)
(-0.001571762862 -2.346249781e-18 -0.003052929952)
(-0.001562892816 -2.359859953e-18 -0.00299098669)
(-0.00158981291 -2.218904682e-18 -0.002999163691)
(-0.00158981291 -2.218904682e-18 -0.002999163691)
(-0.001571539786 -2.162948197e-18 -0.002926425428)
(-0.001548548819 -2.051327128e-18 -0.002848760509)
(-0.00152013936 -1.811079929e-18 -0.002764969385)
(-0.001485318996 -1.70266657e-18 -0.002673395715)
(-0.001442695419 -1.75369361e-18 -0.002571752234)
(-0.001390356641 -1.881836147e-18 -0.002456921495)
(-0.001325761416 -1.790661514e-18 -0.002324760431)
(-0.001245664622 -1.661538827e-18 -0.002169938856)
(-0.001146090702 -1.51364832e-18 -0.001985824231)
(-0.001022354473 -1.390926292e-18 -0.001764396007)
(-0.0008691244275 -1.259652987e-18 -0.001496164583)
(-0.0006804372884 -1.15806599e-18 -0.001170126446)
(-0.0004494029768 -8.288388481e-19 -0.0007738991364)
(-0.0001674091909 -4.133669322e-19 -0.0002941606861)
)
;
    }
}


// ************************************************************************* //
