/*--------------------------------*- C++ -*----------------------------------*\
  =========                 |
  \\      /  F ield         | OpenFOAM: The Open Source CFD Toolbox
   \\    /   O peration     | Website:  https://openfoam.org
    \\  /    A nd           | Version:  7
     \\/     M anipulation  |
\*---------------------------------------------------------------------------*/
FoamFile
{
    version     2.0;
    format      ascii;
    class       volVectorField;
    location    "0.0021";
    object      U;
}
// * * * * * * * * * * * * * * * * * * * * * * * * * * * * * * * * * * * * * //

dimensions      [0 1 -1 0 0 0 0];

internalField   nonuniform List<vector> 
1167
(
(-8.687533422e-06 -3.888271198e-20 -0.002320178782)
(-2.247128261e-05 -1.528392378e-19 -0.002319814619)
(-1.007679662e-05 8.92061884e-20 -0.002346257687)
(-2.60574605e-05 3.267519224e-19 -0.002345842151)
(-4.103345623e-05 3.496424607e-19 -0.002345295981)
(-5.651386636e-05 6.161596773e-19 -0.002344380202)
(-7.163780404e-05 9.073379601e-19 -0.002343134691)
(-8.632707704e-05 1.303627477e-19 -0.002341555528)
(-0.0001005716499 -2.291791233e-19 -0.00233962365)
(-0.0001143383426 -4.911644848e-19 -0.002337320365)
(-0.0001275966907 -5.381315434e-19 -0.00233462693)
(-0.0001403192748 -6.906370742e-19 -0.002331524625)
(-0.0001524791575 -5.979572798e-19 -0.002327995669)
(-0.0001640494284 -6.003226466e-19 -0.002324024336)
(-0.0001750036521 -6.407159449e-19 -0.002319597326)
(-0.0001853154022 -5.759784993e-19 -0.00231470391)
(-0.000194958392 -5.683084242e-19 -0.002309336661)
(-0.0002039067583 -5.885881349e-19 -0.002303491171)
(-0.0002121346539 -5.226983281e-19 -0.002297166348)
(-0.000219616825 -4.884970149e-19 -0.002290364552)
(-0.0002263281602 -4.462837121e-19 -0.002283091326)
(-0.0002322441915 -4.064912091e-19 -0.002275355719)
(-0.0002373407498 -3.661933379e-19 -0.002267169919)
(-0.0002415943931 -3.539304655e-19 -0.002258549594)
(-0.0002449821624 -3.232116063e-19 -0.002249513552)
(-0.0002474819981 -2.85707895e-19 -0.002240084118)
(-0.000249072604 -1.749236873e-19 -0.002230286929)
(-0.0002497339244 -1.252747221e-19 -0.00222015126)
(-0.0002494471884 -4.786824962e-20 -0.002209709955)
(-0.0002481954748 2.974082237e-20 -0.002198999793)
(-0.0002459639609 1.289373266e-19 -0.002188061554)
(-0.0002427406582 1.865587193e-19 -0.002176940369)
(-0.0002385169392 2.549116996e-19 -0.002165685769)
(-0.0002332884288 3.300054667e-19 -0.002154351913)
(-0.0002270558255 3.321532563e-19 -0.002142997583)
(-0.0002198258865 3.956641866e-19 -0.002131685989)
(-0.0002116124251 3.953985962e-19 -0.002120484527)
(-0.0002024373785 4.154488128e-19 -0.00210946401)
(-0.0001923316607 4.503188847e-19 -0.002098697993)
(-0.0001813360361 5.048773684e-19 -0.00208826149)
(-0.0001695015217 5.125113036e-19 -0.002078229721)
(-0.0001568897448 5.47815256e-19 -0.002068676551)
(-0.0001435726159 5.597386552e-19 -0.002059673125)
(-0.0001296317815 5.543258719e-19 -0.002051286427)
(-0.0001151574827 5.516380339e-19 -0.002043578224)
(-0.0001002471976 5.480164774e-19 -0.002036604196)
(-8.500385642e-05 5.415395181e-19 -0.0020304135)
(-6.953390709e-05 5.620747822e-19 -0.002025048629)
(-5.394528322e-05 5.748918983e-19 -0.002020545815)
(-3.834810392e-05 5.862661182e-19 -0.002016935384)
(-2.285522477e-05 6.007379259e-19 -0.002014240953)
(-7.566148147e-06 6.228739846e-19 -0.002012479971)
(-1.162514994e-05 -1.069050843e-19 -0.002375923311)
(-3.005260228e-05 -3.755152554e-19 -0.00237545159)
(-4.732402256e-05 5.024607708e-19 -0.002374827284)
(-6.518532358e-05 6.446126366e-19 -0.002373781812)
(-8.263559772e-05 5.930344615e-19 -0.002372362407)
(-9.959092381e-05 4.431443694e-20 -0.002370564895)
(-0.0001160413984 -2.802322427e-19 -0.002368368448)
(-0.0001319507165 -5.840791864e-19 -0.002365752894)
(-0.0001472865822 -6.152682114e-19 -0.002362697549)
(-0.0001620202305 -6.374195619e-19 -0.002359181452)
(-0.0001761234305 -6.185104355e-19 -0.002355184565)
(-0.0001895685112 -6.490411393e-19 -0.002350688971)
(-0.0002023282484 -6.765669651e-19 -0.002345678893)
(-0.0002143753147 -6.538729326e-19 -0.00234014131)
(-0.0002256828147 -6.578030859e-19 -0.002334066402)
(-0.0002362237826 -6.972298712e-19 -0.002327447295)
(-0.000245971433 -6.083072123e-19 -0.002320280624)
(-0.0002548989997 -5.47950126e-19 -0.002312566121)
(-0.0002629797362 -5.23963788e-19 -0.002304307034)
(-0.0002701869071 -4.456332224e-19 -0.002295509713)
(-0.0002764936605 -3.944261801e-19 -0.00228618392)
(-0.0002818730665 -3.770359716e-19 -0.002276342578)
(-0.0002862980307 -3.498523498e-19 -0.002266002017)
(-0.0002897412576 -3.219763223e-19 -0.002255181876)
(-0.0002921753575 -2.356503687e-19 -0.002243905505)
(-0.0002935728477 -1.831841563e-19 -0.002232199877)
(-0.0002939064024 -1.368016433e-19 -0.002220096124)
(-0.0002931489981 -7.568997326e-21 -0.002207629684)
(-0.0002912743715 1.100788774e-19 -0.002194840985)
(-0.0002882575152 1.792362871e-19 -0.002181775705)
(-0.0002840754232 2.584387892e-19 -0.0021684855)
(-0.0002787079408 3.437913331e-19 -0.002155028334)
(-0.0002721389703 3.945387749e-19 -0.002141468952)
(-0.0002643576765 4.171735223e-19 -0.002127879198)
(-0.0002553602688 4.207543697e-19 -0.00211433786)
(-0.0002451515137 4.372726197e-19 -0.002100930527)
(-0.0002337467099 4.684420186e-19 -0.002087748714)
(-0.000221173509 5.115700189e-19 -0.002074888803)
(-0.0002074735354 5.287123511e-19 -0.002062450299)
(-0.0001927040124 5.565086746e-19 -0.002050533931)
(-0.0001769384811 5.600991184e-19 -0.00203923946)
(-0.0001602671961 5.620792578e-19 -0.00202866311)
(-0.000142796522 5.589575345e-19 -0.002018895619)
(-0.0001246475753 5.620815775e-19 -0.002010020093)
(-0.0001059539293 5.635187857e-19 -0.00200211084)
(-8.68585077e-05 5.65860051e-19 -0.001995232551)
(-6.751063159e-05 5.735287578e-19 -0.001989440591)
(-4.806581496e-05 5.813868689e-19 -0.001984781195)
(-2.868169665e-05 5.936005867e-19 -0.001981289878)
(-9.496931871e-06 6.044626493e-19 -0.001978993576)
(-1.333737253e-05 -2.700740729e-19 -0.002409491261)
(-3.446854799e-05 -9.276176813e-19 -0.002408958159)
(-5.42764056e-05 -5.40432983e-19 -0.002408246963)
(-7.476930516e-05 -5.900346043e-20 -0.002407058152)
(-9.478961739e-05 1.128875218e-19 -0.002405447439)
(-0.0001142481154 -1.591776132e-19 -0.002403410577)
(-0.0001331352165 -3.588976485e-19 -0.002400925507)
(-0.0001514115739 -5.958751396e-19 -0.002397970794)
(-0.0001690432352 -6.843014001e-19 -0.002394523983)
(-0.000186000229 -7.714484391e-19 -0.002390562069)
(-0.0002022537675 -5.771459278e-19 -0.002386063237)
(-0.0002177761446 -6.694897672e-19 -0.002381007295)
(-0.0002325398774 -6.726360096e-19 -0.002375376106)
(-0.000246517913 -6.973464246e-19 -0.002369154521)
(-0.0002596835111 -7.048969054e-19 -0.002362330077)
(-0.0002720098084 -6.984156968e-19 -0.00235489347)
(-0.0002834701817 -6.461958159e-19 -0.002346838592)
(-0.000294037593 -5.702013234e-19 -0.002338162324)
(-0.0003036849721 -4.783414095e-19 -0.00232886485)
(-0.0003123845769 -4.569240955e-19 -0.002318949226)
(-0.0003201082422 -3.867042217e-19 -0.002308421688)
(-0.0003268268276 -4.100614702e-19 -0.002297291297)
(-0.0003325103093 -3.756984858e-19 -0.002285570282)
(-0.0003371273375 -3.536858698e-19 -0.002273273882)
(-0.0003406452291 -3.351692829e-19 -0.00226042075)
(-0.0003430298209 -2.183248625e-19 -0.002247033152)
(-0.0003442453341 -1.504061383e-19 -0.00223313726)
(-0.0003442543819 -4.527700945e-20 -0.002218763898)
(-0.000343018168 3.890146698e-20 -0.002203948985)
(-0.0003404967116 1.556799037e-19 -0.002188734599)
(-0.0003366493956 2.487783067e-19 -0.002173169757)
(-0.000331435838 3.244667443e-19 -0.002157311424)
(-0.0003248167544 4.030329659e-19 -0.002141225579)
(-0.0003167557171 4.135055775e-19 -0.002124988057)
(-0.000307220957 4.22796216e-19 -0.002108685545)
(-0.0002961876891 4.491469441e-19 -0.002092415812)
(-0.000283641083 4.747570525e-19 -0.002076287672)
(-0.0002695794494 4.943444937e-19 -0.002060420631)
(-0.0002540177401 5.193339452e-19 -0.002044943189)
(-0.0002369912467 5.42005141e-19 -0.002029991037)
(-0.0002185589835 5.643279716e-19 -0.002015704014)
(-0.0001988063227 5.905761659e-19 -0.002002222534)
(-0.0001778469612 6.257887387e-19 -0.001989683648)
(-0.00015582279 5.812359111e-19 -0.001978216929)
(-0.0001329022096 5.601206069e-19 -0.001967940737)
(-0.0001092759177 5.904162727e-19 -0.001958959701)
(-8.515275341e-05 5.75272899e-19 -0.00195136388)
(-6.075735116e-05 5.636324532e-19 -0.001945228279)
(-3.631657656e-05 5.472046542e-19 -0.00194060959)
(-1.203105091e-05 5.650305625e-19 -0.001937551628)
(-1.521585168e-05 -2.822442799e-19 -0.002447269117)
(-3.931092738e-05 -9.628276892e-19 -0.002446668914)
(-6.189910639e-05 -1.913110792e-18 -0.002445860652)
(-8.527714656e-05 -6.947427788e-19 -0.002444512962)
(-0.0001081130507 -5.713494142e-19 -0.002442691326)
(-0.0001303131196 -3.841914567e-19 -0.002440391897)
(-0.0001518682321 -4.302205934e-19 -0.002437591812)
(-0.0001727358207 -4.672336215e-19 -0.002434268684)
(-0.0001928802266 -7.249711403e-19 -0.002430398701)
(-0.0002122707604 -8.730154585e-19 -0.002425957502)
(-0.0002308788969 -8.014531142e-19 -0.002420921718)
(-0.000248677285 -7.445869585e-19 -0.002415269165)
(-0.0002656392196 -6.386853841e-19 -0.002408979891)
(-0.0002817389878 -7.36446104e-19 -0.002402036602)
(-0.0002969509695 -7.70359532e-19 -0.002394424474)
(-0.0003112499582 -7.680486926e-19 -0.002386131856)
(-0.0003246106092 -7.260783324e-19 -0.00237714973)
(-0.0003370074818 -6.407889585e-19 -0.002367472171)
(-0.0003484145546 -4.95702344e-19 -0.002357095734)
(-0.0003588051543 -5.378117008e-19 -0.002346019879)
(-0.0003681514621 -5.071323305e-19 -0.002334246351)
(-0.000376424329 -5.084379233e-19 -0.002321779543)
(-0.0003835927229 -4.751183715e-19 -0.002308626056)
(-0.0003896234541 -3.50978188e-19 -0.002294795141)
(-0.0003944806803 -2.619692184e-19 -0.00228029849)
(-0.0003981255156 -2.017707298e-19 -0.002265150802)
(-0.0004005155515 -1.374647368e-19 -0.002249370143)
(-0.0004016046257 -3.782431751e-20 -0.00223297834)
(-0.0004013423148 3.576621395e-20 -0.00221600212)
(-0.0003996738145 1.598705914e-19 -0.002198474059)
(-0.0003965401221 2.77359691e-19 -0.002180433892)
(-0.0003918780117 3.869528666e-19 -0.002161930072)
(-0.0003856207465 3.98954379e-19 -0.002143021343)
(-0.0003776992127 4.274797357e-19 -0.002123778864)
(-0.0003680435453 4.686657329e-19 -0.002104288249)
(-0.0003565856159 4.712139286e-19 -0.002084650954)
(-0.0003432622791 5.0212484e-19 -0.002064986163)
(-0.0003280200185 5.41615963e-19 -0.002045431942)
(-0.0003108202384 5.376004837e-19 -0.002026145177)
(-0.0002916458189 5.465455145e-19 -0.002007301034)
(-0.0002705087057 5.604252427e-19 -0.001989090533)
(-0.0002474574266 5.704287954e-19 -0.001971716471)
(-0.0002225847213 5.814638507e-19 -0.0019553878)
(-0.0001960330205 5.573232568e-19 -0.001940311997)
(-0.0001679969737 5.262325429e-19 -0.001926686514)
(-0.0001387214231 5.595366912e-19 -0.001914691509)
(-0.0001084970253 5.618008267e-19 -0.001904484435)
(-7.765442849e-05 5.632866061e-19 -0.001896195613)
(-4.653121628e-05 5.622276521e-19 -0.001889921517)
(-1.543008363e-05 5.731274366e-19 -0.001885737104)
(-1.726037069e-05 -2.048696082e-19 -0.002489549759)
(-4.457856773e-05 -7.533387237e-19 -0.002488876142)
(-7.018987074e-05 -1.387230121e-18 -0.002487958896)
(-9.67051558e-05 -7.867126982e-19 -0.002486434394)
(-0.0001225999001 -7.782703827e-19 -0.002484379608)
(-0.0001477770437 -5.432209814e-19 -0.002481791408)
(-0.0001722276525 -5.503092804e-19 -0.002478646536)
(-0.000195905523 -5.550240165e-19 -0.002474922303)
(-0.0002187733498 -8.114968336e-19 -0.002470594267)
(-0.0002408004042 -8.89240849e-19 -0.002465637518)
(-0.00026195882 -1.011964896e-18 -0.002460027492)
(-0.0002822221792 -9.041344006e-19 -0.002453740691)
(-0.0003015657969 -7.534631994e-19 -0.002446755943)
(-0.0003199659826 -8.315735173e-19 -0.002439054051)
(-0.0003373997499 -8.813056672e-19 -0.002430618593)
(-0.000353844753 -8.922872601e-19 -0.002421435603)
(-0.0003692786764 -8.69506567e-19 -0.00241149371)
(-0.0003836792463 -8.30432124e-19 -0.002400784038)
(-0.0003970236209 -7.657549459e-19 -0.002389299863)
(-0.0004092881453 -7.902110596e-19 -0.002377036557)
(-0.0004204478727 -6.952798868e-19 -0.002363991395)
(-0.0004304760507 -6.332541346e-19 -0.002350163172)
(-0.0004393435808 -5.719605436e-19 -0.002335552312)
(-0.0004470184355 -4.423420528e-19 -0.002320160447)
(-0.0004534649243 -2.25937065e-19 -0.002303990797)
(-0.0004586428972 -1.682730378e-19 -0.002287048111)
(-0.0004625071745 -3.852070725e-20 -0.002269338977)
(-0.0004650064234 4.600271681e-21 -0.002250872442)
(-0.0004660823275 1.030067787e-19 -0.002231660757)
(-0.000465668892 2.493965851e-19 -0.002211720499)
(-0.0004636914042 3.041203716e-19 -0.002191074135)
(-0.0004600657754 4.174427358e-19 -0.002169751798)
(-0.0004546980144 3.842671535e-19 -0.002147793349)
(-0.0004474839519 4.016142562e-19 -0.002125251531)
(-0.0004383099077 4.384105948e-19 -0.002102195242)
(-0.0004270538211 4.512476933e-19 -0.002078712813)
(-0.0004135875013 4.824915407e-19 -0.002054916097)
(-0.0003977808311 5.297654065e-19 -0.002030944766)
(-0.0003795078866 5.596765376e-19 -0.002006970179)
(-0.0003586553543 6.154699926e-19 -0.001983198361)
(-0.0003351341978 5.696563318e-19 -0.001959871654)
(-0.0003088944709 5.601436965e-19 -0.001937268326)
(-0.0002799424885 5.605265008e-19 -0.00191569802)
(-0.0002483592121 5.556440999e-19 -0.001895492041)
(-0.000214316838 5.48394402e-19 -0.001876988997)
(-0.0001780897877 5.621031964e-19 -0.001860515858)
(-0.0001400611324 5.687432215e-19 -0.001846368829)
(-0.0001007170382 5.706540209e-19 -0.001834794225)
(-6.057633029e-05 5.81863397e-19 -0.001825970001)
(-2.012240938e-05 5.936635278e-19 -0.001820032787)
(-1.946783643e-05 -1.182215908e-19 -0.002536605347)
(-5.026277797e-05 -4.78916405e-19 -0.002535851389)
(-7.913477691e-05 -8.462458107e-19 -0.002534811182)
(-0.0001090338927 -5.839300203e-19 -0.002533088828)
(-0.0001382241388 -5.930888707e-19 -0.002530774933)
(-0.0001666063214 -5.30653618e-19 -0.002527867152)
(-0.0001941711762 -6.796785942e-19 -0.002524342684)
(-0.0002208682547 -8.099471162e-19 -0.002520179352)
(-0.0002466589226 -1.022568695e-18 -0.002515353357)
(-0.0002715128395 -1.195936568e-18 -0.002509839774)
(-0.0002954028387 -1.164505322e-18 -0.002503613542)
(-0.0003183043945 -1.096163628e-18 -0.002496651052)
(-0.000340195551 -9.936971321e-19 -0.002488930358)
(-0.0003610556175 -1.033634731e-18 -0.00248043131)
(-0.0003808655873 -1.050020818e-18 -0.002471136464)
(-0.0003996071294 -1.047640846e-18 -0.002461030211)
(-0.0004172627053 -1.027004346e-18 -0.002450099501)
(-0.0004338147967 -1.012964361e-18 -0.002438332951)
(-0.0004492458197 -1.000022396e-18 -0.002425721111)
(-0.0004635373593 -9.512135364e-19 -0.002412255589)
(-0.0004766697715 -8.550891807e-19 -0.002397929248)
(-0.0004886215761 -7.656006864e-19 -0.002382735595)
(-0.0004993688141 -6.491348846e-19 -0.002366668335)
(-0.000508884176 -5.46468432e-19 -0.002349721343)
(-0.0005171361838 -3.730449853e-19 -0.002331888245)
(-0.0005240882761 -2.593825202e-19 -0.002313162421)
(-0.0005296974907 -1.018537872e-19 -0.002293537022)
(-0.0005339132637 -1.154545445e-20 -0.002273005182)
(-0.0005366760421 1.355849146e-19 -0.002251560405)
(-0.0005379156134 1.834334961e-19 -0.002229197554)
(-0.0005375491911 2.208387563e-19 -0.002205914091)
(-0.0005354795988 2.90885494e-19 -0.002181711493)
(-0.0005315930648 3.062229358e-19 -0.002156597526)
(-0.0005257569568 3.30431142e-19 -0.002130589455)
(-0.0005178179009 3.625823091e-19 -0.002103718043)
(-0.0005076001451 3.938978421e-19 -0.002076032448)
(-0.000494904583 4.266499525e-19 -0.002047606457)
(-0.0004795092135 4.605119761e-19 -0.002018546332)
(-0.0004611720851 4.87089858e-19 -0.001989000044)
(-0.0004396375796 5.025202343e-19 -0.001959167875)
(-0.0004146478057 4.692261235e-19 -0.001929313738)
(-0.0003859608303 5.169714544e-19 -0.001899775841)
(-0.0003533777365 5.478572023e-19 -0.001870973305)
(-0.0003167790041 5.78790649e-19 -0.001843404503)
(-0.0002761689075 6.128612181e-19 -0.00181763257)
(-0.0002317253093 5.716475404e-19 -0.001794255852)
(-0.0001838545588 5.387665425e-19 -0.001773864439)
(-0.0001332200989 5.716303072e-19 -0.001756976479)
(-8.062117594e-05 6.005126165e-19 -0.001743970689)
(-2.686867622e-05 6.159927139e-19 -0.001735127558)
(-2.183192805e-05 3.537435294e-20 -0.002588680926)
(-5.634690301e-05 -2.642896023e-20 -0.002587838257)
(-8.870839668e-05 1.222206825e-19 -0.002586658659)
(-0.0001222287019 -2.834321773e-19 -0.002584713243)
(-0.0001549402503 -3.786961537e-19 -0.002582109141)
(-0.0001867436506 -7.964950902e-19 -0.002578845)
(-0.0002176283678 -8.26615539e-19 -0.002574899449)
(-0.0002475393353 -1.027788909e-18 -0.002570252317)
(-0.0002764368153 -1.263174752e-18 -0.002564881363)
(-0.0003042905268 -1.622038214e-18 -0.002558762516)
(-0.0003310743838 -1.419630058e-18 -0.002551871531)
(-0.000356766513 -1.357775784e-18 -0.002544185546)
(-0.000381347873 -1.336602431e-18 -0.002535682674)
(-0.0004048020372 -1.274235108e-18 -0.002526343198)
(-0.0004271145692 -1.253371553e-18 -0.002516149108)
(-0.0004482726462 -1.23293269e-18 -0.002505084543)
(-0.0004682645148 -1.216511263e-18 -0.002493135146)
(-0.0004870791731 -1.200118923e-18 -0.002480288394)
(-0.0005047058138 -1.164310096e-18 -0.002466532484)
(-0.0005211332751 -1.080733903e-18 -0.002451856474)
(-0.0005363494795 -9.934798656e-19 -0.002436249393)
(-0.0005503407786 -9.1352283e-19 -0.002419700029)
(-0.0005630911967 -8.280319602e-19 -0.002402196309)
(-0.0005745817323 -6.674235102e-19 -0.002383724565)
(-0.0005847892703 -5.417177363e-19 -0.002364269225)
(-0.0005936854111 -4.210939743e-19 -0.002343812349)
(-0.0006012352502 -3.159424174e-19 -0.002322333214)
(-0.0006073959185 -1.559895288e-19 -0.002299807991)
(-0.0006121146983 -1.466321202e-20 -0.002276209582)
(-0.0006153267489 7.224931144e-20 -0.002251507921)
(-0.0006169527043 1.595535928e-19 -0.00222567041)
(-0.0006168956029 1.713348584e-19 -0.00219866234)
(-0.0006150371406 2.038306782e-19 -0.002170448372)
(-0.0006112334483 2.405877474e-19 -0.002140994752)
(-0.0006053099667 2.837072448e-19 -0.002110272271)
(-0.0005970558739 3.298048118e-19 -0.002078260849)
(-0.0005862177686 3.691058194e-19 -0.002044956168)
(-0.0005724931055 4.053943922e-19 -0.002010379103)
(-0.0005555243405 4.381154124e-19 -0.001974589031)
(-0.0005348946326 4.626520255e-19 -0.00193770189)
(-0.0005101276997 3.697867985e-19 -0.001899913898)
(-0.000480695424 4.874852976e-19 -0.001861530851)
(-0.0004460391124 5.782053326e-19 -0.001823001066)
(-0.0004056117082 5.759708319e-19 -0.001784948588)
(-0.000358949041 5.865726212e-19 -0.001748199741)
(-0.0003057799521 5.829374553e-19 -0.001713789702)
(-0.0002461892926 5.842497292e-19 -0.00168291557)
(-0.0001807845454 6.088001086e-19 -0.001656774923)
(-0.0001106213685 6.233751769e-19 -0.001636316062)
(-3.710128007e-05 6.335600439e-19 -0.001622234221)
(-2.434406698e-05 7.730270333e-20 -0.002645980091)
(-6.280811855e-05 2.079788328e-19 -0.002645038902)
(-9.887599462e-05 2.838824895e-19 -0.00264370439)
(-0.0001362423285 -2.894465489e-19 -0.002641507794)
(-0.0001726863346 3.536222702e-19 -0.002638579404)
(-0.0002081114963 -6.249471711e-19 -0.002634918678)
(-0.0002425050102 -9.011738044e-19 -0.00263050694)
(-0.0002758067158 -1.228004833e-18 -0.002625327532)
(-0.0003079752975 -1.632417833e-18 -0.002619360541)
(-0.0003389800685 -1.765544904e-18 -0.002612583847)
(-0.0003687965015 -1.617586013e-18 -0.002604975637)
(-0.0003974052217 -1.628867774e-18 -0.002596514464)
(-0.0004247906945 -1.652169019e-18 -0.002587180001)
(-0.0004509411724 -1.507649483e-18 -0.002576953753)
(-0.0004758475236 -1.468557691e-18 -0.002565818545)
(-0.0004995031676 -1.432221297e-18 -0.002553759091)
(-0.0005219032143 -1.400546119e-18 -0.002540761111)
(-0.0005430440778 -1.405391468e-18 -0.002526811517)
(-0.0005629229779 -1.446773452e-18 -0.002511897813)
(-0.0005815373855 -1.245197691e-18 -0.002496007111)
(-0.0005988843042 -1.146484529e-18 -0.002479126094)
(-0.0006149596257 -1.050798106e-18 -0.002461240003)
(-0.0006297576778 -9.543355054e-19 -0.00244233199)
(-0.0006432700837 -7.819295621e-19 -0.002422382259)
(-0.0006554849155 -6.192685653e-19 -0.00240136738)
(-0.0006663856971 -5.474556338e-19 -0.002379259413)
(-0.0006759501674 -4.519464157e-19 -0.002356025034)
(-0.0006841487051 -3.097356403e-19 -0.0023316246)
(-0.0006909425011 -1.825305153e-19 -0.00230601136)
(-0.0006962812716 -7.779791235e-20 -0.002279130661)
(-0.0007001006348 5.757184561e-21 -0.002250919117)
(-0.0007023185471 4.599318452e-20 -0.002221303709)
(-0.0007028308944 8.469745634e-20 -0.002190201201)
(-0.0007015060808 1.299747072e-19 -0.002157518064)
(-0.0006981778517 1.903025094e-19 -0.002123150532)
(-0.0006926362704 2.766896081e-19 -0.002086985623)
(-0.0006846164676 3.991954797e-19 -0.002048904037)
(-0.0006737840936 3.638210981e-19 -0.002008785619)
(-0.0006597177061 3.867343696e-19 -0.0019665198)
(-0.0006418875219 4.471653475e-19 -0.001922023112)
(-0.0006196313823 5.293841746e-19 -0.001875267617)
(-0.0005921302743 4.832713731e-19 -0.001826326964)
(-0.0005583899058 4.980906348e-19 -0.001775447154)
(-0.000517237076 5.119834814e-19 -0.001723148393)
(-0.0004673461564 5.390714505e-19 -0.001670355887)
(-0.0004073345316 5.670786227e-19 -0.001618533037)
(-0.0003360107819 6.070614091e-19 -0.001569738269)
(-0.0002527804265 6.563390355e-19 -0.001526465037)
(-0.0001579443052 6.878825076e-19 -0.001491224057)
(-5.363906488e-05 5.626050105e-19 -0.001466284165)
(-2.699308519e-05 1.121712944e-19 -0.002708675943)
(-6.96171638e-05 3.87658718e-19 -0.002707627853)
(-0.0001095927274 -5.107682139e-21 -0.00270612855)
(-0.0001510127718 -1.561572809e-19 -0.002703647768)
(-0.0001913793971 5.339786491e-19 -0.002700355136)
(-0.000230604525 -4.099336553e-19 -0.002696250696)
(-0.0002686716724 -9.335186336e-19 -0.002691319718)
(-0.0003055142842 -1.344759015e-18 -0.002685549959)
(-0.000341088386 -1.759771918e-18 -0.002678924876)
(-0.0003753627887 -1.862784655e-18 -0.00267142605)
(-0.0004083143534 -2.020604057e-18 -0.00266303503)
(-0.0004399258807 -1.894533613e-18 -0.00265373316)
(-0.0004701858786 -1.844863933e-18 -0.002643503335)
(-0.000499087212 -1.709928526e-18 -0.002632329228)
(-0.0005266267442 -1.68135787e-18 -0.002620196406)
(-0.000552804403 -1.61188599e-18 -0.002607091181)
(-0.0005776227724 -1.557279156e-18 -0.002593001164)
(-0.000601086309 -1.436986868e-18 -0.002577914197)
(-0.000623200866 -1.472050283e-18 -0.002561818335)
(-0.0006439730342 -1.454221039e-18 -0.002544700914)
(-0.0006634095863 -1.316493491e-18 -0.002526547768)
(-0.0006815168345 -1.200385241e-18 -0.002507342566)
(-0.0006982997961 -1.07286914e-18 -0.002487065835)
(-0.0007137615057 -9.236141745e-19 -0.002465694092)
(-0.0007279023181 -7.724819635e-19 -0.002443198712)
(-0.0007407189185 -6.829289768e-19 -0.002419544867)
(-0.0007522032238 -5.749353604e-19 -0.002394690162)
(-0.0007623410964 -4.528111085e-19 -0.002368583308)
(-0.0007711108468 -3.302789688e-19 -0.002341162662)
(-0.0007784813958 -2.031414361e-19 -0.0023123546)
(-0.0007844100382 -8.824012244e-20 -0.002282071418)
(-0.000788839267 -8.732741261e-20 -0.00225020888)
(-0.0007916930313 -5.275568235e-20 -0.00221664356)
(-0.0007928717404 -2.315449663e-20 -0.002181229903)
(-0.0007922453933 3.245449829e-20 -0.002143796358)
(-0.0007896446375 1.122679928e-19 -0.002104140819)
(-0.0007848478827 2.011105495e-19 -0.002062026235)
(-0.0007775642367 2.311704696e-19 -0.002017176484)
(-0.0007674091423 2.586170477e-19 -0.001969273367)
(-0.0007538705704 2.966263589e-19 -0.001917957833)
(-0.0007362616676 3.488544504e-19 -0.001862840055)
(-0.0007136549321 3.586610373e-19 -0.001803526346)
(-0.0006847912706 3.803076548e-19 -0.001739674878)
(-0.0006479568648 4.048143767e-19 -0.001671096337)
(-0.0006008236089 4.490788996e-19 -0.001597920293)
(-0.0005403040111 5.020189015e-19 -0.001520878081)
(-0.000462603607 5.801475607e-19 -0.00144179416)
(-0.0003635112592 7.118221224e-19 -0.001364325672)
(-0.0002382846525 6.451155934e-19 -0.001294912702)
(-8.430273713e-05 6.105558237e-19 -0.001243525275)
(-2.97571935e-05 -3.320634443e-19 -0.002776959198)
(-7.672734788e-05 -3.635036959e-19 -0.002775799347)
(-0.0001207900772 -3.475627715e-19 -0.002774101699)
(-0.0001664484399 -5.382829363e-19 -0.002771273619)
(-0.0002108984744 -2.04201795e-19 -0.002767538322)
(-0.0002540723562 -5.795690553e-19 -0.002762897951)
(-0.0002959472789 -1.02422994e-18 -0.002757342245)
(-0.0003364482804 -1.47570457e-18 -0.002750864815)
(-0.0003755282767 -1.854307613e-18 -0.002743454326)
(-0.0004131557946 -2.226958202e-18 -0.00273509784)
(-0.0004493084614 -2.241901654e-18 -0.002725781169)
(-0.0004839717876 -2.171243864e-18 -0.002715490405)
(-0.000517138256 -1.920448799e-18 -0.002704212237)
(-0.0005488059613 -1.86536897e-18 -0.002691934181)
(-0.0005789777425 -1.733608037e-18 -0.002678644612)
(-0.0006076604427 -1.79994618e-18 -0.002664333009)
(-0.0006348642032 -1.739235798e-18 -0.002648988789)
(-0.0006606014735 -1.652578559e-18 -0.002632601591)
(-0.000684886512 -1.594817283e-18 -0.002615160366)
(-0.0007077347139 -1.600017067e-18 -0.002596652533)
(-0.0007291618137 -1.509560947e-18 -0.002577063329)
(-0.0007491832506 -1.378867201e-18 -0.002556374837)
(-0.000767813417 -1.231668109e-18 -0.002534564843)
(-0.000785065074 -1.092422052e-18 -0.002511605929)
(-0.0008009485207 -9.682694509e-19 -0.002487464056)
(-0.000815470754 -8.611096569e-19 -0.002462097165)
(-0.000828634544 -7.29490961e-19 -0.00243545358)
(-0.0008404374177 -6.159404448e-19 -0.002407470165)
(-0.000850870382 -4.977171235e-19 -0.002378070311)
(-0.0008599166821 -3.741508622e-19 -0.002347161492)
(-0.0008675496502 -2.37481597e-19 -0.002314632135)
(-0.0008737308349 -1.307980752e-19 -0.00228034804)
(-0.0008784070534 -1.976014684e-19 -0.002244147156)
(-0.0008815064331 -2.312355259e-19 -0.002205834197)
(-0.0008829336594 -2.670303165e-19 -0.002165172576)
(-0.0008825630821 -8.313057978e-20 -0.002121874219)
(-0.000880228869 3.592645293e-20 -0.002075586392)
(-0.0008757113816 9.920019861e-20 -0.002025873931)
(-0.0008687164691 1.557952346e-19 -0.001972197216)
(-0.0008588448601 8.182424431e-20 -0.001913883117)
(-0.0008455445689 1.638260403e-19 -0.001850088664)
(-0.0008280369166 2.114488543e-19 -0.001779757918)
(-0.0008051992037 2.465141268e-19 -0.001701575068)
(-0.0007753784458 2.871827296e-19 -0.001613930607)
(-0.0007360989366 3.247932868e-19 -0.001514962711)
(-0.000683645549 3.570474477e-19 -0.001402853771)
(-0.0006125141707 3.840290728e-19 -0.001276736173)
(-0.0005139486476 3.963469533e-19 -0.001138658477)
(-0.0003703716359 3.7221326e-19 -0.0009977097596)
(-0.0001529857471 3.834254527e-19 -0.0008785747131)
(-3.236977057e-05 -2.174751429e-18 -0.002848046349)
(-8.340391633e-05 -1.258408363e-18 -0.002846862407)
(-0.0001312809895 -5.81812316e-19 -0.002844946757)
(-0.0001809032749 -6.561080282e-19 -0.002841783287)
(-0.0002291730672 -6.055939506e-19 -0.002837624609)
(-0.000276041567 -7.870929618e-19 -0.00283247653)
(-0.0003214781633 -1.104770814e-18 -0.002826334816)
(-0.000365399498 -1.545227675e-18 -0.002819200746)
(-0.0004077557113 -1.959626798e-18 -0.002811071011)
(-0.0004485145346 -2.424485976e-18 -0.002801939785)
(-0.0004876538457 -2.29085217e-18 -0.002791799486)
(-0.000525161434 -2.228175828e-18 -0.002780643066)
(-0.0005610327576 -2.214301047e-18 -0.002768462837)
(-0.0005952701947 -2.1771108e-18 -0.002755252286)
(-0.0006278814862 -2.170177778e-18 -0.002741004524)
(-0.0006588789948 -2.178774839e-18 -0.002725713513)
(-0.0006882787323 -2.183110353e-18 -0.002709372979)
(-0.0007160994821 -1.97477743e-18 -0.002691975731)
(-0.0007423618131 -1.841072273e-18 -0.002673513614)
(-0.0007670874334 -1.816869605e-18 -0.002653976557)
(-0.0007902984357 -1.598219018e-18 -0.002633351509)
(-0.0008120164142 -1.505989951e-18 -0.002611621706)
(-0.0008322617834 -1.426334819e-18 -0.00258876563)
(-0.0008510530205 -1.283919618e-18 -0.002564755786)
(-0.0008684058603 -1.08541227e-18 -0.002539557402)
(-0.000884332441 -9.253793169e-19 -0.002513127019)
(-0.000898840511 -8.883843241e-19 -0.002485410794)
(-0.0009119323942 -8.082268932e-19 -0.002456342478)
(-0.0009236038779 -7.058852275e-19 -0.002425841182)
(-0.0009338429109 -5.984169348e-19 -0.002393808971)
(-0.0009426278983 -4.884190027e-19 -0.002360127322)
(-0.0009499262909 -4.012537214e-19 -0.002324653019)
(-0.0009556917853 -4.284992771e-19 -0.002287212885)
(-0.000959861532 -3.838184161e-19 -0.00224759718)
(-0.000962352372 -3.437407035e-19 -0.002205550598)
(-0.0009630556077 -2.351997989e-19 -0.002160760609)
(-0.0009618308056 -1.278087477e-19 -0.002112841577)
(-0.0009584963332 -5.658946981e-21 -0.002061312441)
(-0.0009528161167 5.071890771e-22 -0.002005566377)
(-0.000944480217 -2.779509208e-20 -0.001944827336)
(-0.0009330744826 -2.3500512e-20 -0.001878087457)
(-0.0009180312729 1.287101743e-19 -0.001804015199)
(-0.0008985475965 1.510233208e-19 -0.001720819028)
(-0.0008734431323 1.771529475e-19 -0.00162604317)
(-0.0008409127279 2.032012783e-19 -0.00151625422)
(-0.000798086138 2.237412758e-19 -0.001386527255)
(-0.0007400928599 2.190799573e-19 -0.001229540831)
(-0.0006571474197 1.282047084e-19 -0.001033744795)
(-0.0005245120655 -1.161403061e-19 -0.0007772700427)
(-0.0002685487249 -3.637066709e-20 -0.0004010225965)
(-3.47451835e-05 7.020921733e-19 -0.002922341906)
(-8.947818106e-05 -5.951520732e-19 -0.002921148442)
(-0.0001408040623 -4.831340274e-19 -0.00291901209)
(-0.0001940019816 -2.801045772e-19 -0.002915575017)
(-0.0002457387777 -3.099546828e-19 -0.002911053033)
(-0.0002959584959 -4.759651601e-19 -0.002905472453)
(-0.0003446263894 -1.141886055e-18 -0.002898838172)
(-0.0003916524857 -1.633254282e-18 -0.00289115989)
(-0.0004369841628 -1.998033409e-18 -0.002882443733)
(-0.0004805875096 -2.233319624e-18 -0.002872692112)
(-0.0005224406162 -2.020633373e-18 -0.002861906236)
(-0.0005625324988 -2.237137831e-18 -0.002850086684)
(-0.0006008609435 -2.318545197e-18 -0.002837233531)
(-0.0006374311644 -2.20536806e-18 -0.002823346809)
(-0.0006722546155 -2.301228848e-18 -0.002808426758)
(-0.0007053477313 -2.547129511e-18 -0.002792472774)
(-0.0007367306656 -2.587764146e-18 -0.002775484178)
(-0.000766426614 -2.256783667e-18 -0.002757459171)
(-0.0007944605371 -2.188328326e-18 -0.002738394013)
(-0.0008208584222 -2.078296697e-18 -0.00271828295)
(-0.0008456462749 -1.910561097e-18 -0.002697117059)
(-0.0008688493105 -1.759326998e-18 -0.002674883511)
(-0.000890491177 -1.764477139e-18 -0.00265156456)
(-0.0009105931387 -1.704280949e-18 -0.002627136489)
(-0.0009291731137 -1.422649994e-18 -0.002601568301)
(-0.000946244801 -1.255647111e-18 -0.002574820581)
(-0.0009618168712 -1.226398248e-18 -0.002546843998)
(-0.0009758919588 -1.067176588e-18 -0.002517577367)
(-0.0009884654216 -9.565310723e-19 -0.002486945387)
(-0.0009995237545 -8.404886684e-19 -0.002454856609)
(-0.001009043216 -7.237966924e-19 -0.002421200523)
(-0.001016987737 -6.01713987e-19 -0.00238584342)
(-0.001023306049 -5.900204292e-19 -0.002348623675)
(-0.001027928195 -5.359879331e-19 -0.00230934612)
(-0.001030761021 -4.743236661e-19 -0.002267774297)
(-0.001031682021 -4.222744934e-19 -0.002223619959)
(-0.001030530878 -3.859403916e-19 -0.002176529813)
(-0.00102709784 -2.289608971e-19 -0.002126067191)
(-0.001021107632 -1.450179235e-19 -0.002071686752)
(-0.001012196298 -8.539034485e-20 -0.002012698842)
(-0.0009998775278 -1.732512836e-19 -0.00194821796)
(-0.0009834913547 -9.721519579e-20 -0.001877084886)
(-0.0009621228672 -3.301007872e-20 -0.0017977456)
(-0.0009344653701 8.791789411e-20 -0.001708055011)
(-0.0008985802385 9.514179533e-20 -0.001604937458)
(-0.0008514441264 1.396148426e-19 -0.001483752773)
(-0.0007878890657 2.066919489e-19 -0.001336944205)
(-0.0006972433433 3.29545482e-19 -0.00115034336)
(-0.0005521117241 1.456818463e-19 -0.0008904361843)
(-0.0002734205371 -4.439814964e-21 -0.0004616304385)
(-3.71474139e-05 5.607075776e-19 -0.003002796762)
(-9.566198865e-05 -6.526995071e-19 -0.003001539716)
(-0.0001505138738 -1.551787428e-18 -0.002999150202)
(-0.0002073502246 -4.536271921e-19 -0.002995373483)
(-0.0002626138232 -3.747461725e-19 -0.002990409456)
(-0.0003162340148 -7.157585301e-19 -0.002984300201)
(-0.0003681722727 -1.642040041e-18 -0.00297706109)
(-0.0004183318573 -1.796446884e-18 -0.002968712531)
(-0.0004666562966 -2.381278256e-18 -0.002959270477)
(-0.0005131093779 -2.359499358e-18 -0.002948746642)
(-0.0005576690961 -2.277505232e-18 -0.002937151815)
(-0.0006003250258 -2.259468299e-18 -0.002924494579)
(-0.0006410768684 -2.498901041e-18 -0.002910783364)
(-0.0006799323874 -2.27488697e-18 -0.002896024944)
(-0.0007169061375 -2.368918603e-18 -0.002880226082)
(-0.0007520180745 -2.665343488e-18 -0.002863392119)
(-0.0007852921148 -2.808201068e-18 -0.002845526897)
(-0.0008167549899 -2.582721976e-18 -0.002826632842)
(-0.0008464352725 -2.38089292e-18 -0.002806710061)
(-0.0008743623218 -2.23802045e-18 -0.002785755544)
(-0.0009005650313 -2.122046159e-18 -0.002763762514)
(-0.0009250710623 -1.96148115e-18 -0.002740719803)
(-0.0009479059428 -1.922222599e-18 -0.002716610833)
(-0.00096909217 -1.890823599e-18 -0.002691412535)
(-0.0009886481808 -1.817275037e-18 -0.002665094105)
(-0.00100658758 -1.739104571e-18 -0.00263761579)
(-0.001022917994 -1.639020141e-18 -0.00260892742)
(-0.00103764025 -1.495517194e-18 -0.002578966855)
(-0.001050747054 -1.265611303e-18 -0.00254765733)
(-0.001062221478 -1.10817913e-18 -0.002514905327)
(-0.001072035272 -9.854870388e-19 -0.002480597593)
(-0.001080146869 -8.928347845e-19 -0.002444597118)
(-0.001086498365 -8.516360156e-19 -0.002406737912)
(-0.001091011713 -8.136558162e-19 -0.002366818639)
(-0.001093584015 -6.854113117e-19 -0.002324594533)
(-0.001094080624 -5.957430417e-19 -0.002279765712)
(-0.001092325417 -4.985855545e-19 -0.002231961828)
(-0.001088087239 -3.167643657e-19 -0.002180721221)
(-0.001081059961 -1.968088782e-19 -0.002125461318)
(-0.001070832652 -1.425859006e-19 -0.002065436148)
(-0.001056843595 -1.921697161e-19 -0.001999674567)
(-0.001038308697 -1.740329916e-19 -0.001926886426)
(-0.001014105019 -2.579167806e-19 -0.001845314193)
(-0.0009825749305 -3.005654321e-19 -0.001752489016)
(-0.0009411780917 -1.880747144e-19 -0.001644803962)
(-0.0008858348966 -9.682182739e-20 -0.001516705627)
(-0.0008095943618 -2.107857298e-20 -0.001358925941)
(-0.0006995421409 2.844328533e-20 -0.00115397841)
(-0.0005291307125 -3.215525257e-21 -0.000864297777)
(-0.0002387050565 -3.91723347e-20 -0.0004078952423)
(-3.957228492e-05 -6.21590126e-19 -0.003089718988)
(-0.0001019203071 -2.287470519e-18 -0.003088358042)
(-0.0001603476992 -2.074242813e-18 -0.003085695352)
(-0.0002208621004 -1.547898267e-18 -0.00308153399)
(-0.0002796899566 -2.126554579e-19 -0.003076075439)
(-0.0003367392323 -6.395585403e-19 -0.00306937495)
(-0.0003919679817 -1.828819184e-18 -0.003061459101)
(-0.0004452721255 -2.46441248e-18 -0.003052359884)
(-0.0004965896708 -2.892210738e-18 -0.003042103833)
(-0.0005458816633 -2.580823548e-18 -0.003030713593)
(-0.000593124895 -2.581685781e-18 -0.003018209878)
(-0.0006383089248 -2.376441942e-18 -0.003004610738)
(-0.0006814344309 -2.453924225e-18 -0.002989933123)
(-0.0007225111518 -2.312781851e-18 -0.002974192197)
(-0.0007615560751 -2.475833043e-18 -0.00295740123)
(-0.000798591833 -2.598569069e-18 -0.002939572133)
(-0.000833645448 -2.742361841e-18 -0.002920714368)
(-0.0008667467539 -2.672234162e-18 -0.002900834718)
(-0.000897927279 -2.409289538e-18 -0.0028799371)
(-0.0009272189112 -2.187891709e-18 -0.002858021617)
(-0.0009546528718 -2.193306891e-18 -0.002835084031)
(-0.000980258739 -2.096409811e-18 -0.002811114887)
(-0.001004063421 -2.001912756e-18 -0.00278609867)
(-0.001026090002 -1.908435657e-18 -0.002760012847)
(-0.00104635705 -1.787404573e-18 -0.002732826981)
(-0.001064877802 -1.845218637e-18 -0.002704501234)
(-0.001081658903 -1.87509464e-18 -0.002674984771)
(-0.00109669935 -1.660026898e-18 -0.0026442145)
(-0.001109989601 -1.390415951e-18 -0.00261211296)
(-0.001121509973 -1.319161179e-18 -0.002578585439)
(-0.001131228905 -1.204873224e-18 -0.00254351727)
(-0.001139100716 -1.108343218e-18 -0.002506769823)
(-0.001145062686 -1.057185718e-18 -0.002468175521)
(-0.001149031258 -9.973290059e-19 -0.002427530893)
(-0.001150896549 -8.913862528e-19 -0.002384587988)
(-0.001150514863 -8.054349182e-19 -0.002339042495)
(-0.001147698149 -7.382748373e-19 -0.002290517174)
(-0.001142198575 -6.317077875e-19 -0.002238538499)
(-0.001133685396 -4.966679149e-19 -0.002182503204)
(-0.001121710088 -4.075089503e-19 -0.002121628751)
(-0.001105651202 -3.795941115e-19 -0.002054878255)
(-0.00108462661 -3.834308632e-19 -0.001980843426)
(-0.001057348488 -4.311188271e-19 -0.001897555813)
(-0.001021878167 -4.635145564e-19 -0.001802170142)
(-0.0009751943585 -4.269873622e-19 -0.001690409429)
(-0.0009124076919 -3.414590003e-19 -0.001555533438)
(-0.0008253306207 -1.981059044e-19 -0.001386279285)
(-0.0006999279493 -3.076967873e-20 -0.001162634197)
(-0.0005120767542 -3.30785084e-19 -0.0008476663931)
(-0.0002188497866 -1.627411093e-19 -0.0003764426768)
(-4.200936093e-05 -9.747110552e-19 -0.003183317603)
(-0.0001082215666 -2.362473805e-18 -0.003181833206)
(-0.0001702534403 -1.822468668e-18 -0.003178871031)
(-0.000234466986 -1.109675334e-18 -0.003174279412)
(-0.0002968787634 -8.396526118e-19 -0.003168268626)
(-0.0003573699986 -1.069536261e-18 -0.003160907747)
(-0.0004158955758 -1.804535376e-18 -0.003152236004)
(-0.0004723431675 -2.831123478e-18 -0.003142297453)
(-0.0005266443741 -2.92740297e-18 -0.003131130361)
(-0.0005787571931 -2.96896084e-18 -0.003118769592)
(-0.0006286562237 -2.788377168e-18 -0.003105246137)
(-0.0006763306542 -2.724671659e-18 -0.003090588977)
(-0.0007217816599 -2.629982347e-18 -0.003074823776)
(-0.0007650203209 -2.552806388e-18 -0.003057974615)
(-0.0008060657314 -2.567203615e-18 -0.003040062207)
(-0.0008449429621 -2.58638184e-18 -0.003021104603)
(-0.0008816815881 -2.58784867e-18 -0.003001117014)
(-0.0009163143267 -2.676860901e-18 -0.002980110987)
(-0.0009488754235 -2.687998494e-18 -0.002958093886)
(-0.0009793992526 -2.361558267e-18 -0.002935068456)
(-0.00100791929 -2.274652682e-18 -0.00291103237)
(-0.001034467032 -2.188130949e-18 -0.002885977369)
(-0.001059070862 -2.102832807e-18 -0.002859888333)
(-0.001081754987 -1.998520932e-18 -0.00283274245)
(-0.001102538721 -1.866861938e-18 -0.002804508393)
(-0.001121435373 -1.77756912e-18 -0.002775145094)
(-0.001138451612 -1.990572735e-18 -0.00274460032)
(-0.00115358598 -1.788866038e-18 -0.002712808708)
(-0.001166828186 -1.51591723e-18 -0.002679690531)
(-0.001178157384 -1.567892199e-18 -0.002645148456)
(-0.001187540618 -1.437293366e-18 -0.002609064709)
(-0.001194930043 -1.299769225e-18 -0.002571296924)
(-0.001200260144 -1.164003007e-18 -0.002531673267)
(-0.001203443486 -1.08170346e-18 -0.002489984873)
(-0.001204364437 -1.045547007e-18 -0.002445976507)
(-0.001202870749 -9.519013305e-19 -0.002399333812)
(-0.001198761516 -9.100009005e-19 -0.002349665102)
(-0.001191769146 -8.885572092e-19 -0.002296475562)
(-0.001181532758 -8.383142351e-19 -0.002239129251)
(-0.001167556942 -6.746221064e-19 -0.002176791936)
(-0.001149147177 -5.089382862e-19 -0.00210834332)
(-0.00112530588 -4.71721858e-19 -0.002032237481)
(-0.001094562831 -5.91143279e-19 -0.001946276185)
(-0.001054694191 -7.356228126e-19 -0.001847231004)
(-0.001002254181 -7.263218883e-19 -0.001730200405)
(-0.0009318005374 -7.726898761e-19 -0.001587487149)
(-0.0008346707856 -5.417375366e-19 -0.00140660981)
(-0.0006971959148 -3.244083305e-19 -0.001166912912)
(-0.0004984284309 -2.216490338e-19 -0.0008344293528)
(-0.0002059218126 -1.121668719e-19 -0.0003569913792)
(-4.444809683e-05 -1.276067194e-18 -0.00328377124)
(-0.0001145344232 -3.562369559e-18 -0.003282147216)
(-0.0001801792356 -2.950817783e-18 -0.003278853586)
(-0.0002480937691 -1.397574703e-18 -0.00327378112)
(-0.000314090058 -1.200828585e-18 -0.003267152625)
(-0.0003780188362 -1.728159439e-18 -0.00325905294)
(-0.0004398314604 -2.536530529e-18 -0.003249534733)
(-0.0004994062559 -2.953879212e-18 -0.003238654978)
(-0.0005566683292 -3.073539411e-18 -0.003226465467)
(-0.0006115718491 -2.866108073e-18 -0.003213013744)
(-0.0006640889867 -2.655530416e-18 -0.003198342508)
(-0.0007142080491 -2.606923815e-18 -0.003182491989)
(-0.0007619305496 -2.63770816e-18 -0.003165498099)
(-0.000807268624 -2.696370628e-18 -0.00314739345)
(-0.0008502430888 -2.653112077e-18 -0.00312820735)
(-0.0008908814672 -2.646068031e-18 -0.003107964593)
(-0.0009292160763 -2.642783926e-18 -0.003086685994)
(-0.0009652823758 -2.680413503e-18 -0.003064387754)
(-0.0009991173412 -2.680676864e-18 -0.00304108094)
(-0.001030758169 -2.462556902e-18 -0.003016771049)
(-0.001060241003 -2.373582519e-18 -0.00299145738)
(-0.001087599673 -2.275952814e-18 -0.002965132432)
(-0.001112864522 -2.233775357e-18 -0.002937781232)
(-0.001136061743 -2.116995152e-18 -0.002909380661)
(-0.001157212299 -2.044326301e-18 -0.002879898158)
(-0.001176330757 -1.972426295e-18 -0.002849290873)
(-0.001193424824 -2.032112418e-18 -0.002817504768)
(-0.001208493994 -1.930746442e-18 -0.002784472334)
(-0.001221528599 -1.763737124e-18 -0.002750111121)
(-0.001232508123 -1.703495045e-18 -0.002714320968)
(-0.001241399465 -1.740714445e-18 -0.002676980721)
(-0.001248154091 -1.594577169e-18 -0.002637944105)
(-0.001252704873 -1.479924999e-18 -0.002597034301)
(-0.00125496132 -1.39395246e-18 -0.002554036165)
(-0.001254802702 -1.360851784e-18 -0.002508685904)
(-0.001252068678 -1.333962573e-18 -0.002460657033)
(-0.001246545522 -1.311615138e-18 -0.002409540099)
(-0.001237945785 -1.226115635e-18 -0.002354813347)
(-0.001225877583 -1.199453563e-18 -0.002295799137)
(-0.001209796688 -1.009116576e-18 -0.002231597685)
(-0.001188931714 -8.425485106e-19 -0.002160983836)
(-0.001162163961 -7.525852728e-19 -0.002082243145)
(-0.001127836075 -7.757044654e-19 -0.001992908622)
(-0.001083449062 -6.72954464e-19 -0.001889336305)
(-0.001025194988 -7.854483274e-19 -0.001766024632)
(-0.000947274055 -8.359025721e-19 -0.001614534454)
(-0.0008409854135 -7.206024783e-19 -0.001421807134)
(-0.0006936356903 -4.475352474e-19 -0.001167716348)
(-0.0004873333959 -7.351655859e-20 -0.0008220151909)
(-0.0001965226318 -3.343661408e-19 -0.0003423554537)
(-4.687772093e-05 -1.081591238e-18 -0.003391251905)
(-0.0001208282538 -3.137926461e-18 -0.003389471894)
(-0.000190074931 -2.826348162e-18 -0.003385812068)
(-0.0002616735391 -1.993303416e-18 -0.003380205627)
(-0.0003312372122 -1.837148986e-18 -0.003372890996)
(-0.000398583237 -1.678852003e-18 -0.003363969977)
(-0.0004636584054 -2.685097597e-18 -0.003353509597)
(-0.0005263313059 -2.90367089e-18 -0.003341581048)
(-0.0005865205722 -3.122051914e-18 -0.0033282512)
(-0.0006441756876 -2.859151604e-18 -0.003313580584)
(-0.0006992665191 -2.861460678e-18 -0.003297625629)
(-0.0007517801317 -3.097300751e-18 -0.003280437695)
(-0.0008017180607 -2.912099225e-18 -0.00326206442)
(-0.0008490937506 -2.934164144e-18 -0.003242547796)
(-0.0008939297371 -2.965546375e-18 -0.003221925436)
(-0.000936255859 -2.809582961e-18 -0.003200229953)
(-0.0009761074137 -2.562654255e-18 -0.003177488327)
(-0.001013522867 -2.627492193e-18 -0.003153721496)
(-0.001048542365 -2.607601664e-18 -0.003128944304)
(-0.001081206277 -2.44270371e-18 -0.003103165011)
(-0.001111553891 -2.275186386e-18 -0.00307638473)
(-0.001139621986 -2.277652698e-18 -0.003048596717)
(-0.001165443824 -2.236094397e-18 -0.003019785988)
(-0.001189048147 -2.351912642e-18 -0.002989928683)
(-0.001210458315 -2.231567351e-18 -0.002958991264)
(-0.001229691382 -2.111496561e-18 -0.002926929159)
(-0.001246756938 -2.128884835e-18 -0.002893685936)
(-0.001261656328 -2.111084097e-18 -0.002859191854)
(-0.001274381428 -2.017203325e-18 -0.002823361521)
(-0.001284912807 -1.969085953e-18 -0.002786091501)
(-0.001293217799 -1.979862146e-18 -0.002747256799)
(-0.001299247653 -1.931273517e-18 -0.002706706553)
(-0.00130293383 -1.746939727e-18 -0.002664257992)
(-0.001304182629 -1.70366566e-18 -0.002619688304)
(-0.001302867846 -1.663511904e-18 -0.002572723477)
(-0.001298820243 -1.63314857e-18 -0.002523022549)
(-0.001291812106 -1.65889106e-18 -0.002470155131)
(-0.001281534458 -1.574808275e-18 -0.002413568211)
(-0.001267561781 -1.547294049e-18 -0.00235253642)
(-0.001249298001 -1.390759107e-18 -0.002286085692)
(-0.001225891204 -1.122985052e-18 -0.002212874072)
(-0.001196100244 -9.211696883e-19 -0.002131004378)
(-0.001158088416 -8.058158171e-19 -0.002037730406)
(-0.001109117415 -6.744219415e-19 -0.001929008369)
(-0.001045117152 -8.717975212e-19 -0.001798831715)
(-0.0009601346806 -1.187301948e-18 -0.001638278357)
(-0.0008457203061 -1.286196204e-18 -0.001434195275)
(-0.0006903137903 -1.080731441e-18 -0.00116752347)
(-0.0004785606069 -4.087598542e-19 -0.0008115448868)
(-0.0001895657667 -7.786749412e-20 -0.0003312500581)
(-4.928720071e-05 -8.816835754e-19 -0.003505909925)
(-0.0001270738166 -2.733941279e-18 -0.003503957553)
(-0.0001998939967 -3.252777948e-18 -0.003499894893)
(-0.0002751432335 -2.395873251e-18 -0.003493699951)
(-0.0003482418929 -2.048743913e-18 -0.003485628709)
(-0.0004189709845 -1.520378743e-18 -0.003475800705)
(-0.0004872719057 -2.758644711e-18 -0.00346429846)
(-0.0005530039129 -3.290079163e-18 -0.003451209528)
(-0.000616078632 -3.170937121e-18 -0.003436616405)
(-0.000676440821 -3.006729544e-18 -0.003420594065)
(-0.0007340577545 -3.193633072e-18 -0.003403213359)
(-0.0007889153726 -3.640559352e-18 -0.003384538351)
(-0.0008410152088 -3.340431478e-18 -0.003364628194)
(-0.0008903717531 -3.49017884e-18 -0.003343536134)
(-0.0009370096593 -3.405611605e-18 -0.003321308601)
(-0.0009809614586 -3.087341386e-18 -0.003297986064)
(-0.001022265268 -2.822655853e-18 -0.003273602081)
(-0.001060962876 -2.663187835e-18 -0.003248183102)
(-0.001097098044 -2.497808637e-18 -0.003221748064)
(-0.001130714773 -2.448574067e-18 -0.003194308077)
(-0.001161855834 -2.285400309e-18 -0.003165866027)
(-0.001190561368 -2.304945085e-18 -0.003136416188)
(-0.001216868111 -2.27375836e-18 -0.003105943852)
(-0.001240808036 -2.357759632e-18 -0.003074424298)
(-0.001262407339 -2.43485132e-18 -0.003041822644)
(-0.001281685877 -2.457801174e-18 -0.003008092884)
(-0.001298655739 -2.452936054e-18 -0.002973176248)
(-0.001313320559 -2.410280198e-18 -0.0029370004)
(-0.00132567393 -2.280099813e-18 -0.002899476847)
(-0.00133569763 -2.231721383e-18 -0.002860498561)
(-0.001343359527 -2.236907102e-18 -0.002819936311)
(-0.001348610552 -2.261981017e-18 -0.002777633979)
(-0.001351380482 -2.096211494e-18 -0.002733402041)
(-0.001351572094 -2.021694324e-18 -0.002687008898)
(-0.001349053249 -1.951062042e-18 -0.002638168659)
(-0.001343645098 -1.899795744e-18 -0.002586523691)
(-0.00133510505 -1.861884932e-18 -0.002531619429)
(-0.001323100938 -1.766700526e-18 -0.002472867021)
(-0.001307171647 -1.682027923e-18 -0.002409486978)
(-0.001286666538 -1.564895694e-18 -0.002340422075)
(-0.001260650709 -1.303793987e-18 -0.002264202627)
(-0.001227761345 -1.046956191e-18 -0.002178738635)
(-0.001185995806 -7.744144298e-19 -0.002081007527)
(-0.001132419757 -6.90785892e-19 -0.001966606961)
(-0.001062798591 -5.980378165e-19 -0.001829148454)
(-0.0009711864803 -8.066574531e-19 -0.001659471787)
(-0.0008495466248 -1.046279632e-18 -0.001444667201)
(-0.0006874271898 -8.805195318e-19 -0.001166960877)
(-0.0004715110093 -6.146150509e-19 -0.0008027340689)
(-0.0001841998314 -2.675824679e-19 -0.0003225098925)
(-5.166629075e-05 -1.98254903e-19 -0.00362787376)
(-0.0001332445415 -1.645083803e-18 -0.003625732179)
(-0.0002095953083 -2.409667335e-18 -0.003621229119)
(-0.0002884477016 -1.783056209e-18 -0.00361439041)
(-0.0003650358624 -1.721153513e-18 -0.00360549036)
(-0.0004391020093 -1.585124473e-18 -0.003594667504)
(-0.0005105822152 -2.179265734e-18 -0.003582021513)
(-0.0005793269373 -3.007579366e-18 -0.003567657941)
(-0.0006452400327 -2.922487986e-18 -0.003551675324)
(-0.0007082619827 -3.327836797e-18 -0.003534165364)
(-0.0007683571741 -3.286794534e-18 -0.003515213109)
(-0.0008255103656 -3.382693488e-18 -0.003494897531)
(-0.0008797235071 -3.702952439e-18 -0.003473289796)
(-0.0009310120421 -3.542494587e-18 -0.003450454447)
(-0.0009794026965 -3.756091606e-18 -0.003426448482)
(-0.001024930845 -3.532348669e-18 -0.003401320687)
(-0.001067637741 -3.219099154e-18 -0.003375111571)
(-0.001107568709 -3.010681129e-18 -0.003347853409)
(-0.001144771157 -2.615191519e-18 -0.003319569631)
(-0.001179292884 -2.547564183e-18 -0.00329027464)
(-0.001211180394 -2.524657008e-18 -0.003259973342)
(-0.001240477593 -2.412503234e-18 -0.00322866104)
(-0.001267224556 -2.371831399e-18 -0.003196323152)
(-0.001291456635 -2.396862425e-18 -0.003162934759)
(-0.001313203206 -2.547272519e-18 -0.003128459523)
(-0.001332486885 -2.728058235e-18 -0.00309284965)
(-0.001349322302 -2.798163702e-18 -0.003056044307)
(-0.001363715359 -2.600821819e-18 -0.003017968314)
(-0.001375661237 -2.507512555e-18 -0.002978529816)
(-0.001385142796 -2.479900618e-18 -0.002937617931)
(-0.001392128298 -2.413968765e-18 -0.002895098759)
(-0.001396568066 -2.412273497e-18 -0.002850810317)
(-0.001398389849 -2.4304527e-18 -0.00280455563)
(-0.001397492671 -2.347829234e-18 -0.002756093329)
(-0.001393737999 -2.333293969e-18 -0.002705124169)
(-0.001386936777 -2.29320843e-18 -0.002651271821)
(-0.001376830613 -2.196389733e-18 -0.002594054768)
(-0.001363062878 -2.056255224e-18 -0.002532844375)
(-0.00134513521 -1.847506196e-18 -0.002466801283)
(-0.001322340301 -1.679318097e-18 -0.002394777781)
(-0.0012936597 -1.442321191e-18 -0.002315168643)
(-0.001257613457 -1.142415098e-18 -0.002225687885)
(-0.001212051877 -9.813593128e-19 -0.002123051217)
(-0.001153891599 -7.737953014e-19 -0.002002553926)
(-0.001078818887 -7.37202392e-19 -0.001857548776)
(-0.0009810046704 -6.350020912e-19 -0.00167883146)
(-0.0008528928999 -4.545605998e-19 -0.001453939763)
(-0.0006850413261 -3.405318195e-19 -0.00116642375)
(-0.0004657687912 -3.895767893e-19 -0.0007953210259)
(-0.0001799234953 -3.843991302e-19 -0.0003154277059)
(-5.400640902e-05 -2.66692049e-18 -0.003757254463)
(-0.0001393182973 -1.133516981e-18 -0.003754906519)
(-0.0002191447426 -1.392769837e-18 -0.003749925504)
(-0.0003015411476 -9.698023006e-19 -0.003742387443)
(-0.000381562679 -7.277975473e-19 -0.003732586156)
(-0.0004589108698 -1.247645944e-18 -0.003720680081)
(-0.0005335172009 -2.108033744e-18 -0.003706788515)
(-0.0006052232442 -3.342268045e-18 -0.003691035474)
(-0.0006739252054 -3.250180812e-18 -0.003673537046)
(-0.0007395591997 -3.245655559e-18 -0.003654402731)
(-0.0008020869859 -3.322382892e-18 -0.003633733201)
(-0.0008614921606 -3.247572675e-18 -0.003611622502)
(-0.0009177767861 -3.650271365e-18 -0.003588155911)
(-0.0009709577621 -3.500525705e-18 -0.003563409673)
(-0.001021063829 -3.618432639e-18 -0.003537451461)
(-0.001068132879 -3.673807259e-18 -0.003510339434)
(-0.001112209467 -3.146974431e-18 -0.003482121946)
(-0.001153342444 -2.869126775e-18 -0.003452837374)
(-0.001191582847 -2.654606882e-18 -0.003422513935)
(-0.001226982133 -2.476035182e-18 -0.00339116951)
(-0.001259590319 -2.533663148e-18 -0.003358811381)
(-0.001289454942 -2.451656269e-18 -0.003325436327)
(-0.001316619519 -2.39539969e-18 -0.003291029827)
(-0.001341122363 -2.332955252e-18 -0.003255566418)
(-0.001362995871 -2.471404076e-18 -0.003219008957)
(-0.001382265208 -2.632480338e-18 -0.003181307598)
(-0.001398947369 -2.71909268e-18 -0.003142399355)
(-0.00141305019 -2.645616983e-18 -0.003102206115)
(-0.001424570221 -2.555636644e-18 -0.003060632569)
(-0.001433491235 -2.404425969e-18 -0.003017563704)
(-0.001439781691 -2.352016048e-18 -0.00297286059)
(-0.001443391033 -2.456624759e-18 -0.002926354892)
(-0.001444244803 -2.491208392e-18 -0.00287784159)
(-0.00144223803 -2.48739288e-18 -0.002827068624)
(-0.001437225387 -2.514400042e-18 -0.002773722116)
(-0.001429007131 -2.382591128e-18 -0.00271740518)
(-0.001417308137 -2.220400831e-18 -0.002657606658)
(-0.001401746224 -2.093773598e-18 -0.002593654385)
(-0.00138178416 -1.925479498e-18 -0.002524644017)
(-0.001356656706 -1.781983701e-18 -0.002449331467)
(-0.001325262764 -1.641920874e-18 -0.002365971491)
(-0.001286013056 -1.475030229e-18 -0.002272085782)
(-0.001236633391 -1.360362541e-18 -0.002164153001)
(-0.001173937411 -1.284050208e-18 -0.002037229164)
(-0.001093601587 -1.344018822e-18 -0.001884519565)
(-0.000989982669 -1.187225343e-18 -0.001696919184)
(-0.0008560187391 -8.29047858e-19 -0.001462522254)
(-0.0006831593665 -3.830081553e-19 -0.001166152313)
(-0.0004610528276 -1.343220607e-19 -0.0007891119249)
(-0.0001764365236 -1.209093156e-19 -0.000309578058)
(-5.630095994e-05 -1.550697533e-18 -0.003894148961)
(-0.0001452780523 -9.383455009e-19 -0.003891577457)
(-0.0002285160247 -6.879064749e-19 -0.003886081387)
(-0.0003143885776 -9.531058941e-20 -0.003877789242)
(-0.0003977794661 -2.348552041e-19 -0.003867015179)
(-0.0004783488776 -1.366180093e-18 -0.003853939572)
(-0.0005560243567 -2.691165539e-18 -0.00383870249)
(-0.0006306381524 -3.39586895e-18 -0.003821446912)
(-0.0007020795606 -3.449828357e-18 -0.003802308843)
(-0.0007702801189 -3.268701069e-18 -0.003781415438)
(-0.0008351990958 -3.484078708e-18 -0.003758885458)
(-0.0008968191632 -3.759191758e-18 -0.003734828035)
(-0.0009551422278 -3.705626133e-18 -0.003709343245)
(-0.00101018642 -3.883084649e-18 -0.003682520789)
(-0.001061982497 -3.748489123e-18 -0.003654439378)
(-0.001110570841 -3.4692492e-18 -0.003625166944)
(-0.001155998914 -3.091483875e-18 -0.003594760138)
(-0.001198318695 -2.728393681e-18 -0.003563263998)
(-0.001237584514 -2.712201652e-18 -0.003530711968)
(-0.001273851136 -2.499769745e-18 -0.003497125736)
(-0.001307171891 -2.382002765e-18 -0.00346251502)
(-0.001337597275 -2.246817766e-18 -0.003426877971)
(-0.001365173773 -2.227004175e-18 -0.003390200888)
(-0.001389942478 -2.330303713e-18 -0.00335245763)
(-0.001411938272 -2.534419672e-18 -0.003313610002)
(-0.001431188488 -2.548043335e-18 -0.003273606524)
(-0.001447712319 -2.602665968e-18 -0.003232381854)
(-0.001461519002 -2.628651683e-18 -0.003189854823)
(-0.001472606304 -2.557960359e-18 -0.00314592676)
(-0.001480958791 -2.423954596e-18 -0.003100478338)
(-0.001486544911 -2.477591806e-18 -0.003053365315)
(-0.001489313073 -2.553463789e-18 -0.00300441272)
(-0.001489186545 -2.618734716e-18 -0.002953406961)
(-0.00148605611 -2.495872152e-18 -0.002900084452)
(-0.001479769354 -2.515042876e-18 -0.002844115492)
(-0.001470115279 -2.42703313e-18 -0.002785080834)
(-0.0014568012 -2.292996029e-18 -0.00272243717)
(-0.001439418279 -2.135948268e-18 -0.002655465275)
(-0.001417389196 -1.931611197e-18 -0.002583191476)
(-0.001389890351 -1.686378149e-18 -0.002504270876)
(-0.001355740545 -1.550856262e-18 -0.002416817043)
(-0.001313251392 -1.545806838e-18 -0.00231816856)
(-0.001260048134 -1.495715914e-18 -0.002204598015)
(-0.001192883174 -1.414889577e-18 -0.002070985046)
(-0.001107475506 -1.297195238e-18 -0.001910481167)
(-0.0009984064675 -1.339466544e-18 -0.001714179173)
(-0.0008590932122 -1.420564745e-18 -0.001470778894)
(-0.0006817660521 -1.066074383e-18 -0.001166291266)
(-0.0004571688872 -8.04172508e-19 -0.0007839547974)
(-0.0001735471625 -3.087460574e-19 -0.000304682696)
(-5.854544662e-05 -3.336666258e-19 -0.004038643568)
(-0.000151112211 -1.689657289e-19 -0.004035831668)
(-0.0002376914949 9.158667428e-19 -0.004029784828)
(-0.0003269666136 6.438703926e-20 -0.004020685668)
(-0.0004136585958 -6.08543716e-19 -0.004008870012)
(-0.0004973860522 -1.810671605e-18 -0.003994542215)
(-0.0005780723047 -2.933999945e-18 -0.00397786327)
(-0.000655540989 -3.415838338e-18 -0.003958996631)
(-0.000729674756 -3.774048588e-18 -0.003938099431)
(-0.0008004007703 -3.763176994e-18 -0.003915317511)
(-0.0008676757039 -3.587193389e-18 -0.003890788325)
(-0.0009314810922 -3.569026117e-18 -0.003864637953)
(-0.000991818978 -3.71280628e-18 -0.003836981315)
(-0.00104870812 -4.07781696e-18 -0.003807921933)
(-0.001102180827 -3.731951269e-18 -0.003777550912)
(-0.001152279695 -3.420031981e-18 -0.003745946469)
(-0.00119905458 -3.236747121e-18 -0.003713173824)
(-0.001242560051 -3.115530747e-18 -0.003679285024)
(-0.001282853191 -2.866978377e-18 -0.003644318949)
(-0.001319991227 -2.825944723e-18 -0.003608301254)
(-0.001354030148 -2.637066161e-18 -0.003571244739)
(-0.001385023085 -2.328786761e-18 -0.003533148882)
(-0.001413018676 -2.221914561e-18 -0.003494000487)
(-0.001438060332 -2.27604576e-18 -0.003453773516)
(-0.001460184834 -2.278285719e-18 -0.003412428474)
(-0.001479421474 -2.52654972e-18 -0.003369912489)
(-0.001495791099 -2.47784353e-18 -0.003326157833)
(-0.001509304144 -2.576446798e-18 -0.003281080467)
(-0.001519959496 -2.601555116e-18 -0.003234578319)
(-0.001527742346 -2.579951254e-18 -0.003186527746)
(-0.001532621001 -2.590825219e-18 -0.003136779038)
(-0.001534542784 -2.592163501e-18 -0.003085150371)
(-0.001533428591 -2.648531771e-18 -0.003031419129)
(-0.001529164736 -2.650653939e-18 -0.002975309483)
(-0.001521591441 -2.722292629e-18 -0.002916474786)
(-0.00151048588 -2.61354669e-18 -0.002854471705)
(-0.001495537043 -2.538143303e-18 -0.002788722306)
(-0.001476308377 -2.315834678e-18 -0.002718457063)
(-0.001452181658 -2.132852704e-18 -0.002642629455)
(-0.001422275395 -1.97293379e-18 -0.0025597911)
(-0.001385332384 -1.814959649e-18 -0.002467916346)
(-0.001339577048 -1.723887652e-18 -0.002364174417)
(-0.001282557647 -1.628023049e-18 -0.002244665675)
(-0.001211000881 -1.809200245e-18 -0.002104151566)
(-0.001120705569 -1.527670378e-18 -0.001935803998)
(-0.001006495728 -1.242215e-18 -0.001730978153)
(-0.0008622393023 -1.179383745e-18 -0.001478991593)
(-0.0006808487296 -1.062315867e-18 -0.001166944433)
(-0.0004539858181 -8.344952778e-19 -0.00077974298)
(-0.0001711305153 -4.796550034e-19 -0.0003005576598)
(-6.073768931e-05 -1.508861785e-19 -0.004190819563)
(-0.0001568151417 -2.186411513e-19 -0.004187751109)
(-0.0002466626727 2.460603276e-19 -0.004181119719)
(-0.000339264692 -5.441085269e-19 -0.004171163669)
(-0.0004291889029 -1.344734074e-18 -0.004158242335)
(-0.0005160116841 -2.187963455e-18 -0.004142584515)
(-0.00059965187 -2.960880704e-18 -0.004124372694)
(-0.00067992582 -3.502264646e-18 -0.004103793097)
(-0.0007567094176 -4.179245497e-18 -0.004081023683)
(-0.0008299257636 -3.932652222e-18 -0.004056231254)
(-0.0008995289547 -3.652358613e-18 -0.004029571438)
(-0.0009654988744 -3.475450227e-18 -0.004001188632)
(-0.001027837343 -3.55159717e-18 -0.003971213763)
(-0.001086563642 -3.725260257e-18 -0.003939764365)
(-0.001141711041 -3.484321053e-18 -0.00390694414)
(-0.001193323462 -3.161297271e-18 -0.003872842138)
(-0.001241452407 -3.102050193e-18 -0.003837532591)
(-0.001286154272 -2.892488333e-18 -0.003801074896)
(-0.001327488003 -2.753174837e-18 -0.003763513667)
(-0.001365512748 -2.670645472e-18 -0.003724878686)
(-0.001400286304 -2.647907131e-18 -0.003685185673)
(-0.001431863462 -2.448058516e-18 -0.003644436119)
(-0.001460294652 -2.29043784e-18 -0.00360261746)
(-0.001485624819 -2.145267979e-18 -0.003559703518)
(-0.001507892218 -2.06004128e-18 -0.003515654196)
(-0.001527127845 -2.408554867e-18 -0.003470415137)
(-0.00154335362 -2.592772433e-18 -0.003423916417)
(-0.001556581201 -2.685163101e-18 -0.003376071554)
(-0.001566810488 -2.664038122e-18 -0.003326775063)
(-0.001574027154 -2.71937865e-18 -0.003275899018)
(-0.001578199288 -2.645950053e-18 -0.003223288295)
(-0.001579273148 -2.63014737e-18 -0.003168754041)
(-0.001577167108 -2.644908725e-18 -0.003112064179)
(-0.001571762822 -2.681865575e-18 -0.003052929975)
(-0.00156289278 -2.771987894e-18 -0.00299098671)
(-0.001550321792 -2.850987748e-18 -0.002925765363)
(-0.001533719804 -2.583436598e-18 -0.002856651062)
(-0.001512621691 -2.293230383e-18 -0.002782821151)
(-0.001486367955 -2.183720677e-18 -0.002703153501)
(-0.001454020571 -2.066437833e-18 -0.002616095301)
(-0.001414251605 -2.141414562e-18 -0.002519486572)
(-0.00136521102 -1.936691409e-18 -0.002410344032)
(-0.001304392327 -2.025505125e-18 -0.002284629864)
(-0.001228525048 -1.930203008e-18 -0.002137038198)
(-0.001133513242 -1.834470363e-18 -0.0019608183)
(-0.001014428027 -1.567107957e-18 -0.001747626727)
(-0.0008655546301 -1.094098584e-18 -0.001487388267)
(-0.0006804036681 -1.120437624e-18 -0.001168196915)
(-0.0004514160069 -1.180189644e-18 -0.0007764052936)
(-0.0001691032435 -6.126130616e-19 -0.0002970785095)
(-0.001589812874 -2.706050112e-18 -0.002999163715)
(-0.001571539754 -2.640099278e-18 -0.002926425449)
(-0.001548548791 -2.551286818e-18 -0.002848760526)
(-0.001520139335 -2.349800609e-18 -0.002764969399)
(-0.001485318975 -2.231292343e-18 -0.002673395725)
(-0.001442695399 -2.262181146e-18 -0.00257175224)
(-0.001390356624 -2.355311199e-18 -0.002456921499)
(-0.001325761401 -2.158979564e-18 -0.002324760431)
(-0.001245664609 -1.971074604e-18 -0.002169938853)
(-0.001146090691 -1.761297107e-18 -0.001985824225)
(-0.001022354463 -1.558443432e-18 -0.001764395999)
(-0.0008691244187 -1.351147229e-18 -0.001496164574)
(-0.0006804372811 -1.220728078e-18 -0.001170126437)
(-0.0004494029716 -8.569933487e-19 -0.0007738991284)
(-0.0001674091887 -4.058388118e-19 -0.0002941606821)
)
;

boundaryField
{
    front_top
    {
        type            wedge;
    }
    front_middle
    {
        type            wedge;
    }
    front_bottom
    {
        type            wedge;
    }
    back_top
    {
        type            wedge;
    }
    back_middle
    {
        type            wedge;
    }
    back_bottom
    {
        type            wedge;
    }
    axis_top
    {
        type            symmetryPlane;
    }
    axis_middle
    {
        type            symmetryPlane;
    }
    axis_bottom
    {
        type            symmetryPlane;
    }
    wall_top
    {
        type            slip;
    }
    wall_middle
    {
        type            noSlip;
    }
    wall_bottom
    {
        type            noSlip;
    }
    inlet
    {
        type            fixedValue;
        value           nonuniform 0();
    }
    outlet
    {
        type            zeroGradient;
    }
    procBoundary5to4
    {
        type            processor;
        value           nonuniform List<vector> 
51
(
(-6.287792369e-05 -3.888251293e-19 -0.004350758819)
(-0.0001623873179 -5.949873322e-19 -0.004347418506)
(-0.0002554307591 -5.549232434e-19 -0.004340171621)
(-0.0003512859606 -1.171763117e-18 -0.004329313444)
(-0.0004443762946 -2.076830622e-18 -0.004315227705)
(-0.0005342346931 -2.470641274e-18 -0.0042981681)
(-0.0006207764624 -3.52936169e-18 -0.004278340083)
(-0.000703811506 -3.851860992e-18 -0.004255953487)
(-0.000783209062 -3.804452777e-18 -0.004231207562)
(-0.0008588880067 -3.869538472e-18 -0.00420429102)
(-0.0009307998856 -3.980152797e-18 -0.004175378842)
(-0.0009989228093 -3.54057727e-18 -0.004144633184)
(-0.00106325748 -3.497806088e-18 -0.004112201974)
(-0.001123823143 -3.473524571e-18 -0.004078217652)
(-0.001180653296 -3.353285668e-18 -0.004042796561)
(-0.001233792349 -3.006897069e-18 -0.004006038791)
(-0.001283292553 -2.663317706e-18 -0.003968027862)
(-0.00132921124 -2.706076722e-18 -0.003928830669)
(-0.001371608178 -2.843922062e-18 -0.003888497651)
(-0.001410543462 -2.619000963e-18 -0.00384706325)
(-0.001446075956 -2.584747536e-18 -0.003804546235)
(-0.001478261333 -2.496327366e-18 -0.00376094994)
(-0.001507151112 -2.402860123e-18 -0.003716263127)
(-0.001532791158 -2.339657816e-18 -0.003670459648)
(-0.001555221076 -2.426724569e-18 -0.003623499096)
(-0.001574472818 -2.42322973e-18 -0.003575325786)
(-0.00159056932 -2.536562978e-18 -0.003525868192)
(-0.001603523409 -2.587948223e-18 -0.003475037548)
(-0.001613335875 -2.56787833e-18 -0.003422725246)
(-0.001619992795 -2.50654746e-18 -0.003368799192)
(-0.001623462024 -2.579548864e-18 -0.003313098917)
(-0.00162368871 -2.600462712e-18 -0.00325542842)
(-0.001620588554 -2.570098113e-18 -0.003195545818)
(-0.001614038372 -2.601704038e-18 -0.003133148815)
(-0.001603862503 -2.649265789e-18 -0.003067853525)
(-0.001603862503 -2.649265789e-18 -0.003067853525)
(-0.001629142307 -2.45518209e-18 -0.003074882884)
(-0.001609179721 -2.495511817e-18 -0.002998260605)
(-0.001584272325 -2.537666574e-18 -0.002916490345)
(-0.001553678766 -2.321567464e-18 -0.002828294078)
(-0.001516354972 -2.138970079e-18 -0.002731914341)
(-0.001470851275 -1.967316693e-18 -0.002624945762)
(-0.001415206099 -1.943130704e-18 -0.002504155733)
(-0.001346860033 -2.088807213e-18 -0.002365325082)
(-0.001262610279 -2.194423898e-18 -0.002203134695)
(-0.001158610493 -1.752368621e-18 -0.002011100019)
(-0.001030410151 -1.250405302e-18 -0.001781531521)
(-0.0008730276525 -1.13078042e-18 -0.001505495662)
(-0.0006809651129 -9.498001523e-19 -0.001172809276)
(-0.0004479125832 -6.752860774e-19 -0.0007722041699)
(-0.0001660104557 -3.139822015e-19 -0.0002917469456)
)
;
    }
    procBoundary5to6
    {
        type            processor;
        value           nonuniform List<vector> 
51
(
(-7.450532243e-06 -2.2591025e-19 -0.002297369256)
(-1.927686551e-05 -9.568606811e-19 -0.002297051914)
(-3.538639876e-05 3.947233888e-21 -0.002319338923)
(-3.538639876e-05 3.947233888e-21 -0.002319338923)
(-4.872998544e-05 6.688672315e-23 -0.002318540613)
(-6.176538931e-05 2.223383168e-19 -0.00231745323)
(-7.442052245e-05 -3.076182597e-20 -0.002316073213)
(-8.668526109e-05 -2.131663874e-19 -0.002314383449)
(-9.852963175e-05 -2.892123617e-19 -0.002312367094)
(-0.0001099253355 -3.999378656e-19 -0.002310007269)
(-0.0001208464681 -4.02955539e-19 -0.002307287571)
(-0.0001312677696 -5.314410891e-19 -0.002304192635)
(-0.0001411638798 -5.021244633e-19 -0.00230070887)
(-0.000150509586 -4.889447152e-19 -0.002296825314)
(-0.000159280116 -4.692295347e-19 -0.002292533567)
(-0.0001674506897 -4.434687535e-19 -0.002287828159)
(-0.0001749971154 -3.880644701e-19 -0.002282706909)
(-0.000181895609 -4.170761581e-19 -0.002277170639)
(-0.0001881230084 -4.389565338e-19 -0.002271223638)
(-0.0001936569204 -3.844349401e-19 -0.002264873229)
(-0.0001984757272 -3.767905222e-19 -0.002258130124)
(-0.0002025588863 -3.577432592e-19 -0.00225100808)
(-0.000205886855 -3.348452987e-19 -0.002243524086)
(-0.0002084414728 -2.947823686e-19 -0.002235698167)
(-0.0002102059291 -1.763530035e-19 -0.002227553469)
(-0.0002111651653 -1.367084939e-19 -0.002219116176)
(-0.0002113059458 -1.253882669e-19 -0.002210415563)
(-0.0002106173148 -4.906827915e-20 -0.00220148395)
(-0.000209090824 2.044059079e-20 -0.002192356776)
(-0.000206721021 1.326539598e-19 -0.00218307258)
(-0.0002035058595 1.733516467e-19 -0.002173673086)
(-0.0001994472153 2.193189052e-19 -0.002164203094)
(-0.0001945514898 2.539836085e-19 -0.002154710497)
(-0.0001888301102 2.881149726e-19 -0.002145245978)
(-0.0001823001677 3.143065446e-19 -0.002135862859)
(-0.0001749848815 3.42985344e-19 -0.002126616532)
(-0.0001669141102 3.626879212e-19 -0.002117563956)
(-0.0001581246415 3.789178462e-19 -0.002108762815)
(-0.0001486603566 3.958293754e-19 -0.002100270751)
(-0.0001385721414 4.276768417e-19 -0.002092144305)
(-0.0001279175642 4.761167067e-19 -0.002084438018)
(-0.0001167603475 5.337587914e-19 -0.002077203441)
(-0.000105169542 5.327846086e-19 -0.002070488476)
(-9.321859582e-05 5.406789909e-19 -0.002064336749)
(-8.098420121e-05 5.501042464e-19 -0.002058787337)
(-6.854524086e-05 5.647695627e-19 -0.00205387454)
(-5.598141699e-05 5.903542036e-19 -0.002049627958)
(-4.337200352e-05 5.87698928e-19 -0.002046072676)
(-3.07965837e-05 5.782781484e-19 -0.002043229803)
(-1.833824074e-05 5.771638733e-19 -0.002041115901)
(-6.070814185e-06 5.801729122e-19 -0.00203974303)
)
;
    }
}


// ************************************************************************* //
