/*--------------------------------*- C++ -*----------------------------------*\
  =========                 |
  \\      /  F ield         | OpenFOAM: The Open Source CFD Toolbox
   \\    /   O peration     | Website:  https://openfoam.org
    \\  /    A nd           | Version:  7
     \\/     M anipulation  |
\*---------------------------------------------------------------------------*/
FoamFile
{
    version     2.0;
    format      ascii;
    class       surfaceScalarField;
    location    "0.0024";
    object      phi;
}
// * * * * * * * * * * * * * * * * * * * * * * * * * * * * * * * * * * * * * //

dimensions      [1 0 -1 0 0 0 0];

internalField   nonuniform List<scalar> 
2260
(
-6.188519829e-13
6.481496683e-11
-2.42134657e-12
1.8950356e-10
-5.313180094e-12
3.067555115e-10
-9.189375793e-12
4.165870684e-10
-1.393689247e-11
5.190859107e-10
-1.943806351e-11
6.143753214e-10
-2.557317581e-11
7.026082456e-10
-3.222312184e-11
7.83967235e-10
-3.927103136e-11
8.586576682e-10
-4.660431186e-11
9.26902944e-10
-5.411563628e-11
9.88939663e-10
-6.170398115e-11
1.045013798e-09
-6.927533077e-11
1.095376782e-09
-7.674308994e-11
1.140282291e-09
-8.402814745e-11
1.179983151e-09
-9.105895385e-11
1.214729002e-09
-9.777135138e-11
1.244764064e-09
-1.041082695e-10
1.270325432e-09
-1.10019424e-10
1.291641833e-09
-1.154608981e-10
1.308932388e-09
-1.203948627e-10
1.322406185e-09
-1.247889447e-10
1.332261275e-09
-1.286161483e-10
1.338684851e-09
-1.318541753e-10
1.34185252e-09
-1.344853836e-10
1.341928464e-09
-1.364962998e-10
1.339065142e-09
-1.378771964e-10
1.333402717e-09
-1.386219796e-10
1.325068734e-09
-1.38727806e-10
1.31417739e-09
-1.381945379e-10
1.300828189e-09
-1.37024292e-10
1.285104109e-09
-1.352208366e-10
1.267069064e-09
-1.327887095e-10
1.246764235e-09
-1.297321328e-10
1.224202571e-09
1.199360949e-09
-6.217406112e-13
6.543670744e-11
-2.432755886e-12
1.913145752e-10
-5.338914187e-12
3.096616697e-10
-9.235587072e-12
4.204837412e-10
-1.401020484e-11
5.238605285e-10
-1.954553447e-11
6.199106512e-10
-2.57224534e-11
7.087851646e-10
-3.242216999e-11
7.906669516e-10
-3.952817672e-11
8.65763675e-10
-4.692777807e-11
9.343025452e-10
-5.45135187e-11
9.965254035e-10
-6.218394917e-11
1.052684228e-09
-6.984432332e-11
1.103037156e-09
-7.740698617e-11
1.147844954e-09
-8.479156889e-11
1.187367733e-09
-9.192493789e-11
1.22186237e-09
-9.874117566e-11
1.251580302e-09
-1.051812825e-10
1.276765539e-09
-1.111929322e-10
1.297653483e-09
-1.167301e-10
1.314469556e-09
-1.217526625e-10
1.327428747e-09
-1.262262705e-10
1.336734884e-09
-1.301216936e-10
1.342580275e-09
-1.334148106e-10
1.345145636e-09
-1.36086146e-10
1.344599799e-09
-1.381205104e-10
1.341099507e-09
-1.395068281e-10
1.334789035e-09
-1.402377255e-10
1.325799631e-09
-1.403092549e-10
1.31424892e-09
-1.397203247e-10
1.300239259e-09
-1.384721675e-10
1.283855952e-09
-1.365677885e-10
1.265164686e-09
-1.340109974e-10
1.244207444e-09
-1.308052858e-10
1.220996859e-09
-1.269520895e-10
1.195507752e-09
-1.224486822e-10
1.167665105e-09
-1.172851196e-10
1.137326261e-09
-1.114403924e-10
1.104255065e-09
-1.048785524e-10
1.06808616e-09
-9.754594245e-11
1.028277498e-09
-8.937326849e-11
9.840552984e-10
-8.028720082e-11
9.343596281e-10
-7.023718172e-11
8.778029733e-10
-5.923892529e-11
8.126502173e-10
-4.743402854e-11
7.368183999e-10
-3.516262959e-11
6.478872615e-10
-2.304667367e-11
5.431105677e-10
-1.208148503e-11
4.194405043e-10
-3.729967937e-12
2.736110889e-10
1.02301802e-10
-6.195037771e-13
6.605621122e-11
-2.424148683e-12
1.931192201e-10
-5.320856444e-12
3.125583775e-10
-9.206340999e-12
4.243692258e-10
-1.396956151e-11
5.286237491e-10
-1.949495122e-11
6.25436041e-10
-2.566512653e-11
7.149553401e-10
-3.236272977e-11
7.973645548e-10
-3.947269422e-11
8.728736393e-10
-4.6883424e-11
9.417132749e-10
-5.448813537e-11
1.004130115e-09
-6.218581334e-11
1.060381906e-09
-6.988173438e-11
1.110733077e-09
-7.748783944e-11
1.155451059e-09
-8.492300762e-11
1.194802901e-09
-9.211302397e-11
1.229052387e-09
-9.899056109e-11
1.258457839e-09
-1.05494985e-10
1.283269963e-09
-1.115720464e-10
1.303730544e-09
-1.171738075e-10
1.320071317e-09
-1.222581072e-10
1.332513047e-09
-1.267884968e-10
1.341265273e-09
-1.307338169e-10
1.346525595e-09
-1.340680539e-10
1.348479874e-09
-1.367699456e-10
1.347301691e-09
-1.388227464e-10
1.343152307e-09
-1.402139823e-10
1.336180271e-09
-1.409350594e-10
1.326520708e-09
-1.409808843e-10
1.314294745e-09
-1.403493574e-10
1.299607733e-09
-1.390409623e-10
1.282547557e-09
-1.370579738e-10
1.263181697e-09
-1.344034516e-10
1.241552922e-09
-1.3108018e-10
1.217673588e-09
-1.270889236e-10
1.191516496e-09
-1.224263543e-10
1.163002536e-09
-1.170822032e-10
1.13198211e-09
-1.110359411e-10
1.098208803e-09
-1.042536986e-10
1.061303918e-09
-9.668720409e-11
1.020711004e-09
-8.827826679e-11
9.756463611e-10
-7.897294495e-11
9.250543062e-10
-6.874909622e-11
8.675791245e-10
-5.765778493e-11
8.01558906e-10
-4.587662002e-11
7.250372349e-10
-3.377199071e-11
6.357826321e-10
-2.196794942e-11
5.313065263e-10
-1.141997488e-11
4.088925297e-10
-3.489102874e-12
2.656802169e-10
9.881269911e-11
-6.12586179e-13
6.666879743e-11
-2.39725892e-12
1.949038929e-10
-5.262788715e-12
3.154239073e-10
-9.108139859e-12
4.282145769e-10
-1.382481331e-11
5.333404226e-10
-1.930005143e-11
6.309112789e-10
-2.541911466e-11
7.210744031e-10
-3.206731992e-11
8.040127601e-10
-3.913185118e-11
8.799381706e-10
-4.650323073e-11
9.490846546e-10
-5.407629249e-11
1.011703177e-09
-6.175110081e-11
1.068056715e-09
-6.943360415e-11
1.11841558e-09
-7.703597959e-11
1.163053434e-09
-8.447683196e-11
1.202243754e-09
-9.16812838e-11
1.236256839e-09
-9.858090642e-11
1.265357462e-09
-1.051136168e-10
1.289802674e-09
-1.11223647e-10
1.309840574e-09
-1.168611408e-10
1.325708811e-09
-1.21982192e-10
1.337634098e-09
-1.265482884e-10
1.345831369e-09
-1.305265348e-10
1.350503841e-09
-1.338890043e-10
1.351842343e-09
-1.36612777e-10
1.350025464e-09
-1.386796566e-10
1.345219187e-09
-1.40075705e-10
1.337576319e-09
-1.407910927e-10
1.327236096e-09
-1.408196387e-10
1.314323291e-09
-1.401583383e-10
1.298946432e-09
-1.388068213e-10
1.28119604e-09
-1.367665834e-10
1.261141459e-09
-1.340400424e-10
1.23882638e-09
-1.306292982e-10
1.214262844e-09
-1.265345183e-10
1.187421716e-09
-1.21751982e-10
1.15822e-09
-1.162713603e-10
1.126501488e-09
-1.100731236e-10
1.092010566e-09
-1.031262663e-10
1.054357061e-09
-9.53888898e-11
1.012973627e-09
-8.681456152e-11
9.670720328e-10
-7.736821682e-11
9.156079616e-10
-6.705362974e-11
8.572645373e-10
-5.595195368e-11
7.904572299e-10
-4.426891141e-11
7.133541925e-10
-3.238787895e-11
6.239015997e-10
-2.092695961e-11
5.198456071e-10
-1.079872677e-11
3.987642969e-10
-3.268897618e-12
2.581503878e-10
9.554380149e-11
-6.01486192e-13
6.727028362e-11
-2.354030675e-12
1.966564374e-10
-5.168953413e-12
3.182388301e-10
-8.948277759e-12
4.319939013e-10
-1.358700773e-11
5.379791525e-10
-1.897607036e-11
6.363003416e-10
-2.500430236e-11
7.271026352e-10
-3.156064427e-11
8.105691021e-10
-3.853545593e-11
8.869129825e-10
-4.582204569e-11
9.563712444e-10
-5.331766658e-11
1.019198798e-09
-6.092421434e-11
1.075663263e-09
-6.854890313e-11
1.126040269e-09
-7.610457908e-11
1.170609111e-09
-8.351003551e-11
1.20964921e-09
-9.069005409e-11
1.243436857e-09
-9.757549685e-11
1.272242905e-09
-1.041032077e-10
1.296330384e-09
-1.10215937e-10
1.315953304e-09
-1.158623195e-10
1.331355194e-09
-1.209966102e-10
1.342768389e-09
-1.255787088e-10
1.350413468e-09
-1.295738105e-10
1.354498943e-09
-1.329523467e-10
1.355220879e-09
-1.356898748e-10
1.352762992e-09
-1.377666353e-10
1.347295948e-09
-1.391673001e-10
1.338976984e-09
-1.398809264e-10
1.327949723e-09
-1.399002279e-10
1.314342592e-09
-1.392212698e-10
1.298267474e-09
-1.378428467e-10
1.279817617e-09
-1.357655775e-10
1.25906419e-09
-1.329912599e-10
1.236052063e-09
-1.295213271e-10
1.210792911e-09
-1.253555374e-10
1.183255926e-09
-1.204898453e-10
1.153354308e-09
-1.149142776e-10
1.12092592e-09
-1.086107031e-10
1.085706992e-09
-1.015516134e-10
1.047297971e-09
-9.370209079e-11
1.005124105e-09
-8.502780651e-11
9.583977486e-10
-7.551165806e-11
9.060918131e-10
-6.518059589e-11
8.469334753e-10
-5.414087958e-11
7.794175138e-10
-4.261957381e-11
7.018328869e-10
-3.100958941e-11
6.122916153e-10
-1.991711778e-11
5.087531354e-10
-1.021015803e-11
3.890573371e-10
-3.065234898e-12
2.510054647e-10
9.24785666e-11
-5.867435325e-13
6.785702715e-11
-2.296566932e-12
1.983662608e-10
-5.043942925e-12
3.209862061e-10
-8.734684015e-12
4.356846424e-10
-1.326806392e-11
5.425125324e-10
-1.85393847e-11
6.415716625e-10
-2.444199781e-11
7.330052484e-10
-3.086906922e-11
8.169961733e-10
-3.771501027e-11
8.937589235e-10
-4.487662769e-11
9.635328618e-10
-5.225408523e-11
1.026576255e-09
-5.975176435e-11
1.083160942e-09
-6.727862689e-11
1.133567132e-09
-7.47487033e-11
1.178079187e-09
-8.208135605e-11
1.216981863e-09
-8.920143407e-11
1.250556935e-09
-9.603933263e-11
1.279080803e-09
-1.025310838e-10
1.302822135e-09
-1.086183429e-10
1.322040563e-09
-1.142483382e-10
1.336985189e-09
-1.193738402e-10
1.347893891e-09
-1.239531395e-10
1.354992768e-09
-1.279497794e-10
1.358495583e-09
-1.313327692e-10
1.358603869e-09
-1.340760317e-10
1.355506255e-09
-1.361583364e-10
1.349378253e-09
-1.375632457e-10
1.340381894e-09
-1.38278578e-10
1.328665055e-09
-1.382959666e-10
1.314359981e-09
-1.376105177e-10
1.297582025e-09
-1.362201058e-10
1.278427205e-09
-1.341246392e-10
1.256968723e-09
-1.313250993e-10
1.233252523e-09
-1.27822374e-10
1.207290185e-09
-1.236157737e-10
1.179049326e-09
-1.187012546e-10
1.148439789e-09
-1.130694472e-10
1.115294113e-09
-1.067040445e-10
1.079341589e-09
-9.958153847e-11
1.040175465e-09
-9.167445523e-11
9.972170211e-10
-8.296031961e-11
9.496836129e-10
-7.343885732e-11
8.965703508e-10
-6.315735562e-11
8.366519735e-10
-5.224265749e-11
7.685028156e-10
-4.093731758e-11
6.905275471e-10
-2.963786517e-11
6.00992163e-10
-1.893415276e-11
4.98049423e-10
-9.648958465e-12
3.797721428e-10
-2.875168649e-12
2.442316749e-10
8.960339795e-11
-5.689240081e-13
6.842595116e-11
-2.227087426e-12
2.000244241e-10
-4.892625869e-12
3.236517445e-10
-8.475712236e-12
4.392677288e-10
-1.288045061e-11
5.469172708e-10
-1.80071603e-11
6.46698372e-10
-2.375438943e-11
7.387524773e-10
-3.00201014e-11
8.232618853e-10
-3.67033075e-11
9.004421297e-10
-4.370490324e-11
9.705344576e-10
-5.092860761e-11
1.03379996e-09
-5.828161541e-11
1.09051395e-09
-6.567513507e-11
1.140960651e-09
-7.3024791e-11
1.185428843e-09
-8.025085495e-11
1.224207927e-09
-8.727860948e-11
1.25758469e-09
-9.403833119e-11
1.285840525e-09
-1.004655652e-10
1.30924937e-09
-1.065010773e-10
1.328076075e-09
-1.12091001e-10
1.342575113e-09
-1.171868271e-10
1.352989717e-09
-1.217453843e-10
1.359551325e-09
-1.257289062e-10
1.362479105e-09
-1.291048754e-10
1.361979838e-09
-1.318458223e-10
1.358247201e-09
-1.339292791e-10
1.351461709e-09
-1.353375947e-10
1.341790209e-09
-1.360573631e-10
1.329384823e-09
-1.360791855e-10
1.314381803e-09
-1.353972008e-10
1.296900041e-09
-1.340083279e-10
1.277038332e-09
-1.319117111e-10
1.254872107e-09
-1.29107622e-10
1.230448434e-09
-1.255963493e-10
1.203778913e-09
-1.213769006e-10
1.174829878e-09
-1.164452926e-10
1.143508181e-09
-1.107930394e-10
1.10964186e-09
-1.044060646e-10
1.072954614e-09
-9.726526297e-11
1.033034663e-09
-8.935071435e-11
9.893024727e-10
-8.065151266e-11
9.409844111e-10
-7.118274372e-11
8.871015817e-10
-6.100920056e-11
8.264784303e-10
-5.027420462e-11
7.577678196e-10
-3.923087382e-11
6.794842162e-10
-2.82746111e-11
5.900359001e-10
-1.797566425e-11
4.877504761e-10
-9.111521253e-12
3.709079998e-10
-2.696642037e-12
2.378167956e-10
8.690675592e-11
-5.486193834e-13
6.897457057e-11
-2.147897965e-12
2.016237028e-10
-4.720016159e-12
3.262238627e-10
-8.179923679e-12
4.427276362e-10
-1.243693851e-11
5.511742856e-10
-1.739697945e-11
6.516584131e-10
-2.296411864e-11
7.443196167e-10
-2.904176352e-11
8.293395304e-10
-3.553379016e-11
9.069341565e-10
-4.234565252e-11
9.773463201e-10
-4.938501079e-11
1.040839318e-09
-5.656232093e-11
1.09769126e-09
-6.379140108e-11
1.148189731e-09
-7.098980332e-11
1.192627245e-09
-7.807912841e-11
1.231297252e-09
-8.498537975e-11
1.264490941e-09
-9.163906457e-11
1.29249421e-09
-9.797550533e-11
1.31558581e-09
-1.039348972e-10
1.334035467e-09
-1.094625536e-10
1.348102769e-09
-1.14508889e-10
1.358036052e-09
-1.190296329e-10
1.364072068e-09
-1.229857649e-10
1.366435237e-09
-1.263434299e-10
1.365337504e-09
-1.290740186e-10
1.36097779e-09
-1.311538451e-10
1.353541536e-09
-1.325640086e-10
1.343200373e-09
-1.33290006e-10
1.33011082e-09
-1.333214108e-10
1.314413208e-09
-1.326513817e-10
1.296230012e-09
-1.31275948e-10
1.275662898e-09
-1.291934171e-10
1.252789575e-09
-1.2640335e-10
1.227658367e-09
-1.229055178e-10
1.20028108e-09
-1.186986527e-10
1.170623012e-09
-1.137790263e-10
1.138588554e-09
-1.081392549e-10
1.104002088e-09
-1.017677139e-10
1.066583073e-09
-9.46499439e-11
1.025916893e-09
-8.677362248e-11
9.814261513e-10
-7.813876029e-11
9.323495491e-10
-6.87742684e-11
8.7773709e-10
-5.875982004e-11
8.164639821e-10
-4.825147096e-11
7.472594706e-10
-3.750880828e-11
6.687415535e-10
-2.692226531e-11
5.794493572e-10
-1.704018268e-11
4.778683935e-10
-8.595222207e-12
3.624630394e-10
-2.528074755e-12
2.317496482e-10
8.437868117e-11
-5.264282397e-13
6.950099881e-11
-2.061321307e-12
2.031585959e-10
-4.531150462e-12
3.286936919e-10
-7.855873605e-12
4.460523594e-10
-1.195037638e-11
5.552687884e-10
-1.672648786e-11
6.564345247e-10
-2.20939938e-11
7.496871228e-10
-2.796205156e-11
8.35207588e-10
-3.42398427e-11
9.132119473e-10
-4.083757289e-11
9.839440503e-10
-4.766711078e-11
1.047668856e-09
-5.464250227e-11
1.104666651e-09
-6.168050923e-11
1.155227738e-09
-6.870092798e-11
1.199647664e-09
-7.562703455e-11
1.238223359e-09
-8.238579434e-11
1.271249701e-09
-8.890830207e-11
1.299016717e-09
-9.512995898e-11
1.321807467e-09
-1.009907688e-10
1.339896277e-09
-1.064354101e-10
1.35354741e-09
-1.114136517e-10
1.363014294e-09
-1.158801742e-10
1.368538591e-09
-1.197950388e-10
1.370350101e-09
-1.231233389e-10
1.368665803e-09
-1.258352377e-10
1.363689689e-09
-1.279060099e-10
1.355612308e-09
-1.293156222e-10
1.344609985e-09
-1.300485428e-10
1.330843741e-09
-1.300933868e-10
1.314458052e-09
-1.294422568e-10
1.295578881e-09
-1.280903732e-10
1.274311015e-09
-1.260351781e-10
1.25073438e-09
-1.232755069e-10
1.224898696e-09
-1.198106865e-10
1.19681626e-09
-1.156392469e-10
1.166451573e-09
-1.107578414e-10
1.133707149e-09
-1.051603607e-10
1.098404608e-09
-9.883786501e-11
1.060260578e-09
-9.178065125e-11
1.018859679e-09
-8.398377279e-11
9.736292726e-10
-7.545742207e-11
9.238231984e-10
-6.624273881e-11
8.685224068e-10
-5.643176674e-11
8.066530099e-10
-4.619005041e-11
7.370177542e-10
-3.578003677e-11
6.583315398e-10
-2.558420419e-11
5.692535246e-10
-1.612742773e-11
4.684116171e-10
-8.098343223e-12
3.544339549e-10
-2.368324088e-12
2.260196291e-10
8.201035708e-11
-5.029338039e-13
7.000393261e-11
-1.969629777e-12
2.046252918e-10
-4.330960025e-12
3.310550221e-10
-7.51202769e-12
4.492334271e-10
-1.143348154e-11
5.591902423e-10
-1.601304976e-11
6.610140927e-10
-2.116653217e-11
7.54840605e-10
-2.68087686e-11
8.408498245e-10
-3.285450677e-11
9.192576855e-10
-3.92189142e-11
9.903084576e-10
-4.581825503e-11
1.054268196e-09
-5.257039201e-11
1.111418788e-09
-5.939518055e-11
1.162052527e-09
-6.621497018e-11
1.206467453e-09
-7.295493567e-11
1.244963324e-09
-7.954345549e-11
1.277838221e-09
-8.591247677e-11
1.305385739e-09
-9.199779346e-11
1.327892784e-09
-9.773945593e-11
1.345637939e-09
-1.030819688e-10
1.358889924e-09
-1.079745245e-10
1.36790685e-09
-1.123712978e-10
1.372935364e-09
-1.162314318e-10
1.374210235e-09
-1.195191605e-10
1.371953532e-09
-1.222036975e-10
1.366374226e-09
-1.242593836e-10
1.357667994e-09
-1.256652317e-10
1.346015833e-09
-1.264047071e-10
1.331583217e-09
-1.264654057e-10
1.31451875e-09
-1.258385442e-10
1.29495202e-09
-1.245184098e-10
1.27299088e-09
-1.225016582e-10
1.248717629e-09
-1.197864956e-10
1.222183533e-09
-1.163717348e-10
1.193401499e-09
-1.12255858e-10
1.162335696e-09
-1.074359861e-10
1.128887277e-09
-1.019074219e-10
1.092876043e-09
-9.566403327e-11
1.054017189e-09
-8.870090564e-11
1.011896552e-09
-8.102011348e-11
9.659484807e-10
-7.264118274e-11
9.154442674e-10
-6.361586529e-11
8.594970891e-10
-5.40462612e-11
7.970834057e-10
-4.410457075e-11
7.270760637e-10
-3.40531873e-11
6.482801563e-10
-2.426418421e-11
5.594645215e-10
-1.523781392e-11
4.593852469e-10
-7.619875705e-12
3.468160167e-10
-2.216592744e-12
2.206163461e-10
7.979376432e-11
-4.786986853e-13
7.048263129e-11
-1.875012296e-12
2.060216055e-10
-4.124235087e-12
3.33304245e-10
-7.156647646e-12
4.522658397e-10
-1.089858594e-11
5.629321806e-10
-1.52735979e-11
6.653891048e-10
-2.020355198e-11
7.597705591e-10
-2.560901583e-11
8.462552885e-10
-3.141015212e-11
9.25058822e-10
-3.752720732e-11
9.964255128e-10
-4.38809573e-11
1.060621946e-09
-5.03931721e-11
1.117931003e-09
-5.698706055e-11
1.168646415e-09
-6.358769642e-11
1.213068089e-09
-7.01224492e-11
1.251498077e-09
-7.652131699e-11
1.284237088e-09
-8.271737703e-11
1.311581799e-09
-8.864723436e-11
1.333822641e-09
-9.425126146e-11
1.351241966e-09
-9.947403238e-11
1.364112695e-09
-1.042645955e-10
1.372697413e-09
-1.085767493e-10
1.377247518e-09
-1.123690155e-10
1.378002502e-09
-1.156050195e-10
1.375189536e-09
-1.182533384e-10
1.369022545e-09
-1.202873756e-10
1.359702032e-09
-1.216852574e-10
1.347413715e-09
-1.224295596e-10
1.332327519e-09
-1.225070081e-10
1.314596199e-09
-1.219079188e-10
1.29435293e-09
-1.206257462e-10
1.271708708e-09
-1.186563444e-10
1.246748227e-09
-1.159973066e-10
1.219524495e-09
-1.12647069e-10
1.190051261e-09
-1.086040454e-10
1.158292672e-09
-1.038659908e-10
1.124149222e-09
-9.842970585e-11
1.087439759e-09
-9.229194766e-11
1.047879431e-09
-8.545240627e-11
1.00505701e-09
-7.79198453e-11
9.584159198e-10
-6.97221309e-11
9.072465532e-10
-6.092005406e-11
8.506950125e-10
-5.162355349e-11
7.877869053e-10
-4.200907741e-11
7.174615876e-10
-3.233664154e-11
6.386077206e-10
-2.296600818e-11
5.500938883e-10
-1.437215398e-11
4.507913926e-10
-7.159274389e-12
3.396031371e-10
-2.072333423e-12
2.155294051e-10
7.77214309e-11
-4.54260973e-13
7.09368923e-11
-1.779575139e-12
2.073469196e-10
-3.915588346e-12
3.354402581e-10
-6.797619333e-12
4.551478706e-10
-1.035743807e-11
5.664919993e-10
-1.452438134e-11
6.695560482e-10
-1.922602003e-11
7.644721979e-10
-2.438866317e-11
8.514179313e-10
-2.99377807e-11
9.306079392e-10
-3.579855055e-11
1.002286283e-09
-4.189624559e-11
1.066719642e-09
-4.815664674e-11
1.124191404e-09
-5.450641488e-11
1.174996183e-09
-6.087352503e-11
1.2194352e-09
-6.718769044e-11
1.257812242e-09
-7.338079463e-11
1.290430193e-09
-7.938742823e-11
1.317588432e-09
-8.514517348e-11
1.339580386e-09
-9.059510627e-11
1.356691899e-09
-9.568222397e-11
1.369199812e-09
-1.00355644e-10
1.377370833e-09
-1.045690695e-10
1.381460944e-09
-1.082808651e-10
1.381714297e-09
-1.114540796e-10
1.37836275e-09
-1.140567885e-10
1.371625254e-09
-1.160617571e-10
1.361707e-09
-1.174463591e-10
1.348798317e-09
-1.181924513e-10
1.333073611e-09
-1.182859187e-10
1.314689667e-09
-1.177162587e-10
1.293783271e-09
-1.164761295e-10
1.270468578e-09
-1.145606912e-10
1.244832789e-09
-1.119669298e-10
1.216930734e-09
-1.086929504e-10
1.186777282e-09
-1.047372551e-10
1.154336977e-09
-1.000982459e-10
1.119510213e-09
-9.4774307e-11
1.082115819e-09
-8.87650464e-11
1.04187017e-09
-8.207459135e-11
9.983665552e-10
-7.471779174e-11
9.510591199e-10
-6.673001763e-11
8.99258779e-10
-5.817954034e-11
8.421445351e-10
-4.918225918e-11
7.787896241e-10
-3.991660278e-11
7.081959312e-10
-3.063820512e-11
6.293293229e-10
-2.169329308e-11
5.411489761e-10
-1.353125097e-11
4.426293505e-10
-6.716025471e-12
3.327879116e-10
-1.935003911e-12
2.107483836e-10
7.5786427e-11
-4.301421378e-13
7.136703444e-11
-1.685351273e-12
2.086021287e-10
-3.709432552e-12
3.374643394e-10
-6.442449094e-12
4.578808872e-10
-9.8213339e-12
5.698708841e-10
-1.378094742e-11
6.735156614e-10
-1.825421356e-11
7.689454638e-10
-2.317282767e-11
8.563365456e-10
-2.846744022e-11
9.359025519e-10
-3.406800057e-11
1.007886843e-09
-3.99041774e-11
1.072555819e-09
-4.590566566e-11
1.130192892e-09
-5.200260404e-11
1.181093122e-09
-5.812598978e-11
1.225558585e-09
-6.420808191e-11
1.263894334e-09
-7.018291646e-11
1.296405027e-09
-7.598668768e-11
1.323392204e-09
-8.155839213e-11
1.345152091e-09
-8.684006183e-11
1.361973568e-09
-9.177735467e-11
1.374137105e-09
-9.631988899e-11
1.381913368e-09
-1.004215158e-10
1.385562571e-09
-1.040405719e-10
1.385333354e-09
-1.07139955e-10
1.381462134e-09
-1.096874225e-10
1.374172722e-09
-1.116553067e-10
1.363674885e-09
-1.130204463e-10
1.350163456e-09
-1.137640322e-10
1.333817197e-09
-1.138711962e-10
1.31479683e-09
-1.1333078e-10
1.293242855e-09
-1.121347243e-10
1.269272523e-09
-1.10277518e-10
1.242975583e-09
-1.077556803e-10
1.214408896e-09
-1.045670235e-10
1.183588625e-09
-1.007101455e-10
1.150480099e-09
-9.6184232e-11
1.114984299e-09
-9.098923725e-11
1.076920824e-09
-8.512759695e-11
1.03600853e-09
-7.86075987e-11
9.91846557e-10
-7.144967989e-11
9.439012012e-10
-6.369547879e-11
8.915045778e-10
-5.541951851e-11
8.338685748e-10
-4.674190215e-11
7.701120076e-10
-3.784123439e-11
6.992952634e-10
-2.896710153e-11
6.2045519e-10
-2.045116938e-11
5.32633044e-10
-1.271728246e-11
4.348954636e-10
-6.290629533e-12
3.263612587e-10
-1.804556306e-12
2.062623104e-10
7.398187069e-11
-4.068151721e-13
7.17738496e-11
-1.594176874e-12
2.097894905e-10
-3.50975683e-12
3.393799195e-10
-6.097983677e-12
4.604691141e-10
-9.30063958e-12
5.7307354e-10
-1.305751193e-11
6.772725339e-10
-1.730668174e-11
7.731946337e-10
-2.19846901e-11
8.61014554e-10
-2.702699865e-11
9.409448606e-10
-3.236811538e-11
1.01322796e-09
-3.794189691e-11
1.0781296e-09
-4.36818632e-11
1.135932858e-09
-4.952161466e-11
1.186932873e-09
-5.539522793e-11
1.231432199e-09
-6.123757245e-11
1.269736679e-09
-6.69849557e-11
1.30215241e-09
-7.257555581e-11
1.328982804e-09
-7.794986025e-11
1.350526395e-09
-8.305125916e-11
1.367074967e-09
-8.782634458e-11
1.37891219e-09
-9.22255063e-11
1.386312529e-09
-9.620304479e-11
1.389540109e-09
-9.97175814e-11
1.388847889e-09
-1.027322001e-10
1.384476752e-09
-1.052145105e-10
1.376655032e-09
-1.071365711e-10
1.365596945e-09
-1.08474885e-10
1.35150177e-09
-1.092101662e-10
1.334552478e-09
-1.093270164e-10
1.31491368e-09
-1.088136604e-10
1.292729498e-09
-1.076614555e-10
1.268120318e-09
-1.058643537e-10
1.241178481e-09
-1.034184259e-10
1.211962968e-09
-1.003213077e-10
1.180491507e-09
-9.657183653e-11
1.146730628e-09
-9.216990354e-11
1.110582366e-09
-8.711709153e-11
1.071868012e-09
-8.141844922e-11
1.030309888e-09
-7.508620603e-11
9.855143139e-10
-6.814573416e-11
9.369607294e-10
-6.064410627e-11
8.8400295e-10
-5.266060603e-11
8.258850746e-10
-4.431799885e-11
7.617694006e-10
-3.579365984e-11
6.907709246e-10
-2.73297271e-11
6.119912573e-10
-1.924261254e-11
5.245459294e-10
-1.193089559e-11
4.275837468e-10
-5.882678807e-12
3.20313042e-10
-1.68055161e-12
2.020601832e-10
7.230131908e-11
-3.847151016e-13
7.21585647e-11
-1.507744351e-12
2.109125197e-10
-3.3202629e-12
3.41192438e-10
-5.77066361e-12
4.629195148e-10
-8.805047156e-12
5.761079236e-10
-1.236756103e-11
6.808350478e-10
-1.640088403e-11
7.772279568e-10
-2.084607249e-11
8.654597423e-10
-2.564287038e-11
9.457416581e-10
-3.07299424e-11
1.018315032e-09
-3.604509139e-11
1.083444749e-09
-4.152551519e-11
1.141413282e-09
-4.710814679e-11
1.192515505e-09
-5.273000172e-11
1.237054053e-09
-5.832873431e-11
1.275335412e-09
-6.384307263e-11
1.307666749e-09
-6.921327838e-11
1.334353009e-09
-7.438164328e-11
1.35569476e-09
-7.929309058e-11
1.371986415e-09
-8.389550837e-11
1.383514608e-09
-8.814026608e-11
1.390557286e-09
-9.198253186e-11
1.393382375e-09
-9.538143127e-11
1.392246789e-09
-9.830043275e-11
1.387395754e-09
-1.007072882e-10
1.379061887e-09
-1.025740934e-10
1.36746375e-09
-1.038772333e-10
1.35280491e-09
-1.045971485e-10
1.335272393e-09
-1.047180581e-10
1.31503459e-09
-1.042277534e-10
1.292239193e-09
-1.031170496e-10
1.267009614e-09
-1.013795351e-10
1.239440966e-09
-9.901092564e-11
1.209594358e-09
-9.600878249e-11
1.177489364e-09
-9.237217367e-11
1.143094019e-09
-8.810185726e-11
1.10631205e-09
-8.320095751e-11
1.066967113e-09
-7.767705394e-11
1.024785984e-09
-7.154580096e-11
9.793830609e-10
-6.483688173e-11
9.3025181e-10
-5.760200989e-11
8.767680782e-10
-4.992400972e-11
8.182070744e-10
-4.192690827e-11
7.537722991e-10
-3.378545796e-11
6.826294742e-10
-2.573348482e-11
6.039392842e-10
-1.807165015e-11
5.168840948e-10
-1.11737803e-11
4.206858769e-10
-5.492512068e-12
3.146317737e-10
-1.56291128e-12
1.981305824e-10
7.073840781e-11
-3.642282759e-13
7.252279301e-11
-1.427578935e-12
2.119758704e-10
-3.14433008e-12
3.429091891e-10
-5.466340271e-12
4.652415249e-10
-8.343330165e-12
5.789849134e-10
-1.172337834e-11
6.842150959e-10
-1.555295466e-11
7.810575331e-10
-1.977710518e-11
8.69683893e-10
-2.433942779e-11
9.503039809e-10
-2.918228876e-11
1.023157893e-09
-3.424702357e-11
1.088509484e-09
-3.947418729e-11
1.146640446e-09
-4.480388519e-11
1.197845203e-09
-5.017611058e-11
1.242426279e-09
-5.553126028e-11
1.280690561e-09
-6.08104612e-11
1.31294595e-09
-6.595624428e-11
1.339498793e-09
-7.091291376e-11
1.36065143e-09
-7.562714473e-11
1.376700646e-09
-8.004837918e-11
1.387935842e-09
-8.412930661e-11
1.394638214e-09
-8.782609441e-11
1.397079163e-09
-9.109881747e-11
1.395519513e-09
-9.391159914e-11
1.390208535e-09
-9.623263197e-11
1.38138292e-09
-9.80342574e-11
1.369265376e-09
-9.929295572e-11
1.354063609e-09
-9.998910355e-11
1.335968542e-09
-1.001067806e-10
1.315152268e-09
-9.963349064e-11
1.291765904e-09
-9.85597515e-11
1.265935875e-09
-9.687885498e-11
1.23776007e-09
-9.458636244e-11
1.207301866e-09
-9.167979856e-11
1.1745828e-09
-8.815859348e-11
1.139572813e-09
-8.402429072e-11
1.102177747e-09
-7.928151817e-11
1.06222434e-09
-7.394022622e-11
1.019444692e-09
-6.801920651e-11
9.734620412e-10
-6.15518127e-11
9.237844163e-10
-5.459326726e-11
8.698095327e-10
-4.72290818e-11
8.10842889e-10
-3.958335477e-11
7.46126572e-10
-3.182705327e-11
6.748731727e-10
-2.418500545e-11
5.962972363e-10
-1.694187808e-11
5.096409674e-10
-1.044737414e-11
4.14191373e-10
-5.120401001e-12
3.093048006e-10
-1.451535564e-12
1.94461717e-10
6.928687224e-11
-3.457118212e-13
7.286850484e-11
-1.355078424e-12
2.12985237e-10
-2.985018677e-12
3.445391293e-10
-5.190234407e-12
4.674467407e-10
-7.923443206e-12
5.817181223e-10
-1.113596842e-11
6.874276213e-10
-1.47774862e-11
7.846990509e-10
-1.879623114e-11
8.73702638e-10
-2.313908992e-11
9.546468397e-10
-2.775163151e-11
1.027770434e-09
-3.257831477e-11
1.093336167e-09
-3.756271086e-11
1.151624842e-09
-4.264787946e-11
1.202930371e-09
-4.777660276e-11
1.247555002e-09
-5.28918709e-11
1.285805829e-09
-5.793736744e-11
1.317991446e-09
-6.28579045e-11
1.34441933e-09
-6.75999558e-11
1.365393481e-09
-7.211214751e-11
1.381212837e-09
-7.634572164e-11
1.392169416e-09
-8.02549302e-11
1.398547423e-09
-8.379733692e-11
1.400621569e-09
-8.693413837e-11
1.398656314e-09
-8.963038804e-11
1.392904785e-09
-9.185502967e-11
1.383607561e-09
-9.358098142e-11
1.370991327e-09
-9.478508072e-11
1.355267708e-09
-9.544783502e-11
1.336631296e-09
-9.555345597e-11
1.315257888e-09
-9.508933761e-11
1.291301785e-09
-9.404597414e-11
1.264892511e-09
-9.241642614e-11
1.236130521e-09
-9.019620373e-11
1.205081643e-09
-8.738295013e-11
1.171769547e-09
-8.397657321e-11
1.136166437e-09
-7.997945007e-11
1.098180624e-09
-7.539764811e-11
1.057642538e-09
-7.024313357e-11
1.014290178e-09
-6.453752308e-11
9.677564309e-10
-5.831727982e-11
9.175641732e-10
-5.164039365e-11
8.631326466e-10
-4.459385239e-11
8.037963477e-10
-3.73009923e-11
7.38833712e-10
-2.992809593e-11
6.675002763e-10
-2.269038329e-11
5.890595238e-10
-1.58565898e-11
5.028071739e-10
-9.753022863e-12
4.08087806e-10
-4.766576839e-12
3.043183546e-10
-1.346317683e-12
1.910414579e-10
6.794055456e-11
-3.294816528e-13
7.319798648e-11
-1.291468415e-12
2.139472237e-10
-2.844996861e-12
3.460926578e-10
-4.946959364e-12
4.695487033e-10
-7.55249288e-12
5.843236558e-10
-1.061524228e-11
6.904903707e-10
-1.408748283e-11
7.881712915e-10
-1.791997676e-11
8.775351318e-10
-2.206212563e-11
9.587889884e-10
-2.646214505e-11
1.032170454e-09
-3.106712304e-11
1.097941145e-09
-3.582330106e-11
1.156381021e-09
-4.067626509e-11
1.207783336e-09
-4.557134377e-11
1.252450081e-09
-5.045415427e-11
1.29068864e-09
-5.527081131e-11
1.322808103e-09
-5.996844115e-11
1.349116959e-09
-6.44958014e-11
1.369920841e-09
-6.88036616e-11
1.385520698e-09
-7.284525323e-11
1.396211008e-09
-7.657660269e-11
1.402278772e-09
-7.995689226e-11
1.404001859e-09
-8.29488357e-11
1.401648257e-09
-8.551871195e-11
1.395474662e-09
-8.763649772e-11
1.385725348e-09
-8.927596764e-11
1.372630798e-09
-9.041450875e-11
1.356406249e-09
-9.10331676e-11
1.337249954e-09
-9.111642643e-11
1.315341147e-09
-9.065189607e-11
1.290837255e-09
-8.963010696e-11
1.263870723e-09
-8.804427062e-11
1.234544686e-09
-8.588995434e-11
1.202927328e-09
-8.316508851e-11
1.169044681e-09
-7.986996384e-11
1.132871312e-09
-7.600784153e-11
1.094318502e-09
-7.158626738e-11
1.053220964e-09
-6.661909118e-11
1.009323001e-09
-6.113019886e-11
9.622675382e-10
-5.515860778e-11
9.115925819e-10
-4.876438366e-11
8.567384225e-10
-4.203512227e-11
7.970670863e-10
-3.509248136e-11
7.31891071e-10
-2.809744126e-11
6.605052361e-10
-2.125521936e-11
5.822173019e-10
-1.481880256e-11
4.963707572e-10
-9.091929073e-12
4.023609325e-10
-4.431264209e-12
2.996576897e-10
-1.247191447e-12
1.878573851e-10
6.669336312e-11
-3.158043927e-13
7.351379087e-11
-1.237787826e-12
2.148692072e-10
-2.726552447e-12
3.475814224e-10
-4.740573506e-12
4.715627242e-10
-7.236635756e-12
5.86819718e-10
-1.016997471e-11
6.934237096e-10
-1.349457022e-11
7.914958869e-10
-1.71630197e-11
8.812035813e-10
-2.112661851e-11
9.627525873e-10
-2.533550826e-11
1.036379343e-09
-2.973885175e-11
1.102344488e-09
-3.428502144e-11
1.16092719e-09
-3.892180577e-11
1.21242012e-09
-4.359697783e-11
1.257125253e-09
-4.825832906e-11
1.295349991e-09
-5.285433598e-11
1.32740411e-09
-5.733458138e-11
1.353597205e-09
-6.165011063e-11
1.374236371e-09
-6.575387599e-11
1.389624463e-09
-6.960131222e-11
1.400058444e-09
-7.315046519e-11
1.405827925e-09
-7.636244452e-11
1.407213838e-09
-7.920163212e-11
1.404487445e-09
-8.163585315e-11
1.397908882e-09
-8.363639995e-11
1.387725894e-09
-8.517819769e-11
1.374172595e-09
-8.623964019e-11
1.357467691e-09
-8.680250225e-11
1.337812816e-09
-8.685178874e-11
1.315390433e-09
-8.637556822e-11
1.290361034e-09
-8.536468624e-11
1.26285984e-09
-8.381261949e-11
1.232992619e-09
-8.171526699e-11
1.200829975e-09
-7.907095428e-11
1.166400368e-09
-7.588057624e-11
1.129680934e-09
-7.214825459e-11
1.09058618e-09
-6.788273199e-11
1.048955442e-09
-6.309966763e-11
1.004539937e-09
-5.782499737e-11
9.569928682e-10
-5.20995727e-11
9.058671572e-10
-4.598489351e-11
8.50623743e-10
-3.956852241e-11
7.90650715e-10
-3.296959296e-11
7.252921414e-10
-2.634333252e-11
6.538789757e-10
-1.988475749e-11
5.757587268e-10
-1.383136972e-11
4.903173694e-10
-8.465331228e-12
3.96994894e-10
-4.114778829e-12
2.953071373e-10
-1.154125524e-12
1.848967318e-10
6.55392376e-11
-3.048962317e-13
7.381868714e-11
-1.194905292e-12
2.157592163e-10
-2.631647351e-12
3.490181646e-10
-4.574543098e-12
4.735056201e-10
-6.98112735e-12
5.892263023e-10
-9.807610137e-12
6.962501924e-10
-1.300878003e-11
7.946970569e-10
-1.653823276e-11
8.847330342e-10
-2.034843432e-11
9.665627889e-10
-2.439080125e-11
1.04042171e-09
-2.861593339e-11
1.106569621e-09
-3.297385241e-11
1.165285109e-09
-3.741420172e-11
1.216860469e-09
-4.188660286e-11
1.261597654e-09
-4.634091771e-11
1.299804306e-09
-5.072794284e-11
1.331791135e-09
-5.499942508e-11
1.357868687e-09
-5.910878183e-11
1.378345727e-09
-6.301132158e-11
1.393527003e-09
-6.666472872e-11
1.403711852e-09
-7.002927469e-11
1.409192471e-09
-7.306818269e-11
1.410252746e-09
-7.574781565e-11
1.407167078e-09
-7.803783836e-11
1.400198905e-09
-7.9911176e-11
1.389599232e-09
-8.134417695e-11
1.375605596e-09
-8.231648024e-11
1.358439994e-09
-8.281089905e-11
1.338307235e-09
-8.281335292e-11
1.315392887e-09
-8.231258593e-11
1.289860267e-09
-8.130007653e-11
1.261847331e-09
-7.976978508e-11
1.231462327e-09
-7.771809916e-11
1.198778289e-09
-7.514386692e-11
1.163826136e-09
-7.204866184e-11
1.126585729e-09
-6.843764586e-11
1.086975164e-09
-6.432074413e-11
1.04483854e-09
-5.971502729e-11
9.999342202e-10
-5.464817443e-11
9.519260153e-10
-4.916259632e-11
9.003815793e-10
-4.332043486e-11
8.447815819e-10
-3.720864545e-11
7.845389258e-10
-3.094326828e-11
7.190267644e-10
-2.46734065e-11
6.476091138e-10
-1.858377025e-11
5.696690905e-10
-1.289688546e-11
4.846304846e-10
-7.874282079e-12
3.919722907e-10
-3.817350929e-12
2.912502062e-10
-1.067081452e-12
1.821464623e-10
6.447215613e-11
-2.969466991e-13
7.411563384e-11
-1.163566742e-12
2.166258363e-10
-2.561936947e-12
3.504165346e-10
-4.451675749e-12
4.753953587e-10
-6.790375625e-12
5.915650021e-10
-9.534325231e-12
6.98994142e-10
-1.263843064e-11
7.978011623e-10
-1.605644068e-11
8.88151044e-10
-1.974113343e-11
9.702474815e-10
-2.364453321e-11
1.04432511e-09
-2.771807042e-11
1.110643158e-09
-3.191276686e-11
1.169479805e-09
-3.617957988e-11
1.221127282e-09
-4.046963689e-11
1.265887711e-09
-4.47347675e-11
1.304069436e-09
-4.892754778e-11
1.335983915e-09
-5.300202862e-11
1.361943168e-09
-5.691382801e-11
1.382257527e-09
-6.062060936e-11
1.397233784e-09
-6.40824639e-11
1.407173706e-09
-6.726202743e-11
1.412372035e-09
-7.012483259e-11
1.413115551e-09
-7.263947937e-11
1.409681725e-09
-7.477765678e-11
1.402337082e-09
-7.651427571e-11
1.391335851e-09
-7.782741453e-11
1.376918735e-09
-7.869824603e-11
1.359310827e-09
-7.911102004e-11
1.338720009e-09
-7.90527774e-11
1.315334645e-09
-7.851328325e-11
1.289320774e-09
-7.748485701e-11
1.260818905e-09
-7.596223771e-11
1.229939708e-09
-7.394254381e-11
1.196758595e-09
-7.142536286e-11
1.161308955e-09
-6.841307195e-11
1.123573438e-09
-6.491172004e-11
1.083473812e-09
-6.093255288e-11
1.040859372e-09
-5.64939632e-11
9.954956303e-10
-5.162491648e-11
9.470569687e-10
-4.636900065e-11
8.951256635e-10
-4.078851301e-11
8.392010941e-10
-3.496924475e-11
7.787196574e-10
-2.902376744e-11
7.130812871e-10
-2.30947665e-11
6.416801129e-10
-1.735676217e-11
5.639310861e-10
-1.201777136e-11
4.792914937e-10
-7.319793406e-12
3.872743126e-10
-3.539170671e-12
2.874695835e-10
-9.85998832e-13
1.795932905e-10
6.34861573e-11
-2.921026851e-13
7.440773652e-11
-1.144340391e-12
2.17478074e-10
-2.518650214e-12
3.517908445e-10
-4.374143062e-12
4.772508517e-10
-6.667848296e-12
5.938587075e-10
-9.355148339e-12
7.01681442e-10
-1.239028707e-11
8.008363009e-10
-1.572639491e-11
8.914871519e-10
-1.93158231e-11
9.738369102e-10
-2.311040327e-11
1.04811969e-09
-2.706163214e-11
1.114594387e-09
-3.112099998e-11
1.173539173e-09
-3.52402518e-11
1.225246534e-09
-3.937171214e-11
1.270019171e-09
-4.346850927e-11
1.308166234e-09
-4.748506581e-11
1.340000472e-09
-5.137727786e-11
1.36583538e-09
-5.510300091e-11
1.38598325e-09
-5.862227396e-11
1.400753057e-09
-6.189749884e-11
1.410448931e-09
-6.489383309e-11
1.415368369e-09
-6.757933566e-11
1.415801054e-09
-6.992503548e-11
1.412027424e-09
-7.190488917e-11
1.404316936e-09
-7.349608025e-11
1.392927042e-09
-7.467867439e-11
1.378101329e-09
-7.543571434e-11
1.360067867e-09
-7.575312871e-11
1.339037424e-09
-7.561949132e-11
1.315201008e-09
-7.502589743e-11
1.288727179e-09
-7.39657996e-11
1.259758807e-09
-7.243492454e-11
1.228408833e-09
-7.043135094e-11
1.194755022e-09
-6.795559626e-11
1.1588332e-09
-6.501111177e-11
1.120628954e-09
-6.160494202e-11
1.080067642e-09
-5.774937097e-11
1.037003802e-09
-5.346417797e-11
9.912104376e-10
-4.877936783e-11
9.423721586e-10
-4.37391905e-11
8.90085486e-10
-3.840592432e-11
8.338678279e-10
-3.286354086e-11
7.731772739e-10
-2.722099604e-11
7.074387422e-10
-2.161431039e-11
6.360734273e-10
-1.620811978e-11
5.585248957e-10
-1.119645907e-11
4.742798331e-10
-6.80291193e-12
3.828807656e-10
-3.280530655e-12
2.839472023e-10
-9.108762266e-13
1.772236361e-10
6.257528108e-11
-2.904546396e-13
-1.137581821e-12
-2.50259413e-12
-4.343489931e-12
-6.615878227e-12
-9.273623862e-12
-1.226932961e-11
-1.555474329e-11
-1.908100174e-11
-2.279897684e-11
-2.665960924e-11
-3.061423095e-11
-3.461479047e-11
-3.861415124e-11
-4.256658052e-11
-4.642777889e-11
-5.01555068e-11
-5.370951526e-11
-5.705214628e-11
1.404095688e-09
-6.014827468e-11
1.413545059e-09
-6.296555401e-11
1.418185648e-09
-6.547465138e-11
1.418310151e-09
-6.764909833e-11
1.414201871e-09
-6.946553035e-11
1.406133368e-09
-7.090351546e-11
1.394365027e-09
-7.194551189e-11
1.379143326e-09
-7.257671151e-11
1.360699066e-09
-7.278499737e-11
1.33924571e-09
-7.256073881e-11
1.314976749e-09
-7.189662982e-11
1.28806307e-09
-7.07876569e-11
1.258649834e-09
-6.923094217e-11
1.226852118e-09
-6.722568606e-11
1.192749766e-09
-6.477355096e-11
1.156381065e-09
-6.187903354e-11
1.117734436e-09
-5.855052017e-11
1.076739129e-09
-5.480138783e-11
1.033254669e-09
-5.06524547e-11
9.870615041e-10
-4.613479815e-11
9.378545017e-10
-4.129296773e-11
8.852436557e-10
-3.618879343e-11
8.287636539e-10
-3.090426577e-11
7.678927465e-10
-2.554441439e-11
7.020788909e-10
-2.023867624e-11
6.307676893e-10
-1.514204657e-11
5.534282661e-10
-1.043528878e-11
4.695730753e-10
-6.324705669e-12
3.787701824e-10
-3.04173148e-12
2.80664228e-10
-8.417132267e-13
1.750236178e-10
6.173356786e-11
-5.594125718e-11
-5.886842447e-11
-6.151325167e-11
-6.384900614e-11
-6.585203268e-11
-6.750162643e-11
-6.878001441e-11
-6.967222244e-11
-7.01659613e-11
-7.025142923e-11
-6.992105079e-11
-6.916955112e-11
-6.799359564e-11
-6.639190189e-11
-6.436526684e-11
-6.191672769e-11
-5.905209099e-11
-5.578090785e-11
-5.211793328e-11
-4.808498702e-11
-4.37139412e-11
-3.904959268e-11
-3.415295136e-11
-2.910391587e-11
-2.400343626e-11
-1.897446778e-11
-1.416281071e-11
-9.736664727e-12
-5.886246232e-12
-2.823085036e-12
-7.785314053e-13
)
;

boundaryField
{
    front_top
    {
        type            wedge;
        value           nonuniform 0();
    }
    front_middle
    {
        type            wedge;
        value           nonuniform List<scalar> 
1167
(
3.46088891e-21
-9.542397443e-22
-9.902770593e-22
-1.265382469e-20
-9.701036144e-22
3.88457769e-21
-1.086145017e-21
-1.390947154e-20
-1.066931566e-21
4.268680819e-21
-1.18670675e-21
-1.525925746e-20
-1.174049627e-21
4.679143902e-21
-1.295527122e-21
-1.671203313e-20
-1.287464611e-21
5.125058996e-21
-1.414673577e-21
-1.830946567e-20
-1.411107188e-21
5.626399049e-21
-1.549807572e-21
3.005620551e-22
3.946421326e-20
-2.025626463e-20
-1.60211675e-20
-4.695381082e-21
-1.654584408e-20
4.451727743e-20
-3.536615885e-20
-5.153353471e-21
1.342473399e-22
-2.393293162e-20
3.617082295e-20
-5.885042008e-21
-2.022386777e-20
-5.689747673e-21
1.830859578e-20
-6.397675682e-21
-8.76360001e-23
-2.904207014e-20
-2.297405873e-20
6.111321557e-20
-2.450478655e-20
-7.10637978e-21
-2.277143108e-20
6.284755913e-20
-3.867241867e-20
2.069191373e-20
-2.506180049e-20
-1.162569679e-20
2.218682657e-20
5.615394567e-21
-2.755065379e-20
2.341304876e-20
-4.785867457e-20
5.981302382e-20
-2.988233893e-20
-5.025351847e-20
2.658575778e-20
6.592386044e-21
2.807353932e-20
-5.511558814e-20
7.030529873e-21
-3.541204989e-20
9.716143643e-20
-6.051491618e-20
3.191511055e-20
-2.834026431e-20
4.028108731e-20
-4.449252856e-20
1.45527509e-20
-8.723843441e-22
-1.188613218e-21
-1.500424389e-21
1.532877007e-20
-1.607652653e-21
-1.424088421e-21
-3.455181421e-20
3.337676828e-20
-3.67127947e-20
-2.064043546e-21
-1.906657893e-21
1.831832483e-20
-2.005235687e-21
-6.247178967e-20
6.020061234e-20
-6.543994646e-20
8.592523797e-20
-6.859932483e-20
9.004955739e-20
1.971386431e-20
-2.442377238e-20
-2.230069566e-20
-8.693277732e-21
1.982735562e-20
-8.987150234e-21
5.098136954e-21
-8.673401584e-21
2.26179675e-20
-2.660502669e-20
-1.03260819e-20
5.410094613e-21
-1.012162084e-20
2.495814256e-20
-3.012606955e-20
2.6178144e-20
-3.097157474e-20
-1.15893361e-20
2.769616444e-20
-3.3956333e-20
2.908132416e-20
-3.506316627e-20
5.404819702e-20
1.248387311e-19
-8.411261685e-20
-4.169209164e-20
1.027481506e-19
-4.637778001e-20
-4.490510709e-20
9.397479296e-20
-9.544956573e-20
-4.700251548e-20
1.192440006e-19
-5.17550181e-20
-6.873863692e-20
1.268206896e-19
-5.602456309e-20
4.915711696e-22
9.725166854e-23
-5.608128165e-20
1.451094462e-21
2.201495593e-20
1.219127332e-21
-2.054407468e-20
2.293837919e-20
6.680325967e-22
9.585194419e-20
-3.739384768e-20
-8.015732357e-20
1.049131612e-19
-3.790657925e-20
-4.193660336e-20
1.119551427e-19
-8.748294017e-20
-9.2457472e-20
1.194525154e-19
-4.487116909e-20
-4.864559987e-20
1.274548331e-19
-4.862960072e-20
-4.767604081e-20
2.491866863e-20
-4.99488888e-20
4.11676824e-21
2.440317058e-20
-5.385599947e-20
5.882032578e-21
7.025603496e-20
4.975756428e-21
-2.396908508e-20
-2.195492827e-20
3.346564547e-20
-2.787810509e-20
-6.539915212e-20
1.201800806e-19
-2.910215117e-20
-6.972473652e-20
8.288534175e-20
-3.312151052e-20
-7.711302166e-20
1.358758472e-19
-8.242687806e-20
-3.083682255e-20
9.333345238e-20
-8.975738976e-20
-3.506549162e-20
1.003553814e-19
-3.811205474e-20
-9.571656919e-20
1.059975223e-19
4.809486288e-22
-4.0173508e-20
-3.760407436e-20
-4.043293769e-20
9.215755849e-20
-4.148347701e-20
-8.580743067e-20
-1.224757942e-22
-3.449750892e-20
-8.16479534e-20
1.565837765e-19
-3.881682037e-20
-8.877008427e-20
1.66114933e-19
-9.229457361e-20
-4.844974553e-20
1.765708188e-19
-9.98298366e-20
-1.281479782e-21
7.891973867e-20
-5.406716794e-20
-1.679947652e-21
8.410348737e-20
-2.595791762e-19
5.043899079e-21
-1.476035071e-20
7.207542466e-20
1.656845445e-20
-5.47277123e-20
-1.465865809e-20
-2.282859105e-20
-3.086706726e-20
-7.03006474e-20
1.738168365e-20
8.111606145e-20
-3.068160141e-20
-2.732823291e-20
-2.422638237e-20
9.078579306e-20
1.908789975e-20
-7.646610613e-20
2.651827779e-20
1.032587982e-19
-8.130495356e-20
2.843730282e-20
-7.94735554e-20
-3.084330985e-20
-3.67463949e-20
-3.94274484e-20
5.319220065e-20
-3.036827427e-20
5.35560219e-20
-8.278513018e-20
5.768631855e-20
-3.418028859e-20
-7.655948825e-20
1.000052747e-19
5.917691112e-20
-4.210213901e-20
-8.81974392e-20
-4.595173829e-20
2.284056315e-19
-4.967271465e-20
-1.466153253e-19
-5.058206358e-20
7.79134295e-20
7.751646329e-20
-5.745685103e-20
-1.133807352e-19
1.36106716e-19
-1.112999506e-19
-2.750350998e-21
-6.930237083e-21
-1.125585583e-20
1.167413611e-19
-1.666089775e-19
-1.038912853e-21
-5.398625583e-21
2.769955639e-20
1.291284999e-19
-8.669343895e-21
-1.529076739e-19
-4.370424501e-21
-8.232595168e-21
1.502224441e-19
-4.441367055e-21
-5.633029808e-20
-1.422772359e-20
-1.834191049e-19
1.690380057e-19
-4.368541994e-21
-7.508991552e-21
-1.058313856e-20
-1.366588046e-20
-9.643137867e-22
2.784194252e-21
1.190394739e-19
-3.7912563e-21
-1.6554544e-19
-6.351277939e-21
-2.533168479e-21
4.131660621e-20
1.37932642e-19
-1.330571123e-21
-1.465219682e-19
-7.265781537e-21
-4.460209608e-20
2.787945044e-21
1.551215692e-19
-2.716637275e-21
1.582885584e-22
-1.681934568e-19
-4.733647504e-21
-2.04765459e-21
1.236796212e-19
-3.849997321e-21
-1.282003002e-21
1.552157312e-20
-9.718624739e-20
1.412584673e-19
2.631382199e-20
-1.305026341e-19
2.441198941e-20
1.819076008e-20
-1.097748817e-19
1.598537024e-19
2.890540775e-20
2.310749376e-20
-1.165890459e-19
-1.7628065e-20
1.676030634e-20
2.421480286e-20
3.124234984e-20
2.656520006e-20
-1.329684618e-19
2.884067351e-20
2.474271253e-20
1.471455783e-19
-1.464885916e-19
3.056549583e-20
-3.832898422e-21
2.127076032e-20
-1.720832259e-20
2.430744393e-20
-1.254810571e-19
1.398026263e-19
-1.389379741e-20
-1.025049857e-19
1.083112561e-19
1.864379061e-20
-1.082254138e-20
-1.076144725e-19
1.231524059e-19
2.51865138e-20
-1.606565922e-19
-1.266167129e-20
1.835462762e-19
-1.73089756e-19
2.852818589e-20
-1.109434858e-20
2.031943144e-19
-1.859286555e-19
3.445448555e-20
-6.227142352e-20
1.809780352e-19
-8.182244131e-20
9.231893495e-21
-1.373194374e-19
1.654682319e-19
-2.046676346e-20
-1.075468052e-19
1.105454027e-19
2.22103751e-20
-2.202129242e-20
-8.098314926e-20
1.151709992e-19
1.908842697e-20
-1.619635559e-19
-2.33541104e-20
1.655240831e-19
-2.440704498e-20
-9.234891483e-20
-2.876763277e-20
1.776218068e-19
-2.985033247e-20
-1.505803288e-19
9.371115883e-20
1.86645797e-19
-3.258777762e-19
1.610723956e-19
-7.208811831e-20
1.724201115e-19
-1.145932572e-19
-1.413933552e-19
5.86501806e-20
5.932801489e-20
-2.392853183e-20
-2.512759673e-20
-6.167152887e-20
7.677362615e-20
-2.85813202e-20
-7.145580797e-20
7.534527184e-20
1.162619827e-19
-1.790543865e-19
7.865094294e-20
-2.690778835e-20
8.933869446e-20
-7.756816586e-20
1.249652479e-19
1.452046824e-19
-2.643899073e-19
1.231529423e-19
2.832355356e-20
1.482405419e-19
-1.058975577e-19
-4.032869251e-20
3.98894321e-20
4.447873855e-20
-4.313288593e-20
4.237479668e-20
-8.700906025e-20
1.687953506e-21
8.47064483e-20
-8.842625525e-20
4.370946769e-20
8.982012517e-20
-1.339234608e-19
5.036406635e-20
-5.707079636e-20
4.976770599e-20
1.041701329e-20
2.323821916e-19
-6.134797809e-20
-5.576370484e-20
-4.986449751e-20
-4.377916136e-20
-3.762598982e-20
6.825560266e-20
-4.21815395e-20
-3.619523825e-20
-3.043879472e-20
-2.497540857e-20
-1.985315914e-20
1.490120459e-19
8.157373049e-20
-1.48832972e-20
-1.308063178e-20
-4.75089627e-20
-6.10403503e-21
-4.621635451e-20
-6.937848076e-21
-5.624802197e-21
9.703706562e-20
-5.655126389e-20
-1.365165304e-20
3.154200194e-19
5.387724512e-20
-2.175540723e-19
6.667266801e-20
4.861836479e-20
1.245637002e-19
-1.669073157e-19
4.289512448e-20
2.521951245e-20
-2.864043243e-19
3.778192579e-20
2.141223848e-20
-1.301833582e-19
2.195625978e-19
1.781993874e-19
-2.63126914e-20
-6.49096975e-20
-3.006201265e-20
-3.001996914e-20
-3.003388617e-20
-3.010377116e-20
7.586941543e-20
-2.190113974e-20
-2.212917674e-20
-1.10969816e-19
8.665521548e-20
-1.069652922e-19
1.364041889e-19
-1.197893066e-19
1.999620737e-19
-9.856608714e-20
1.660251106e-19
-1.119220251e-19
-1.185657611e-19
6.371094544e-20
-1.157781296e-19
-1.224767226e-19
1.821394516e-19
1.616766378e-19
-2.275616958e-19
1.585601159e-19
3.992601353e-20
-1.236401671e-19
8.274881801e-21
4.182097289e-20
-1.438707335e-21
-1.38826047e-19
4.402687538e-20
4.815366352e-20
-1.538494735e-19
-3.33464547e-20
3.322682193e-19
-3.128095268e-19
-1.311326558e-19
3.421033274e-19
-2.864924737e-20
-3.710390178e-20
4.992557756e-20
-1.369033754e-19
-4.746491127e-20
-5.519685748e-20
3.842202329e-19
-1.638867531e-19
-3.775065202e-19
4.380478978e-19
-1.21629449e-19
-1.33380973e-19
1.093795796e-19
2.014236516e-20
-4.659781953e-20
-1.455166979e-20
1.928165422e-20
3.798860602e-19
-1.961781831e-19
-1.282555416e-19
1.42094157e-19
5.33315489e-20
-2.448860723e-19
1.411465468e-19
-1.161344882e-19
3.28375585e-19
-1.377871506e-19
-2.420699217e-19
1.614994297e-19
-2.376768894e-19
4.833419565e-19
-2.479242568e-19
-2.604130718e-19
3.043865987e-19
6.942400276e-20
-1.522344024e-19
-1.845703852e-20
6.229025566e-21
4.808016536e-20
4.663833263e-20
-4.179619837e-20
8.451816172e-20
8.662125105e-20
-1.624828206e-19
-1.476622793e-19
3.55422338e-19
-1.517836819e-19
2.752660158e-22
-8.66032523e-20
3.685381507e-19
-1.762030216e-19
-2.690460202e-19
2.058371475e-19
-1.981802489e-19
2.978260161e-19
-1.893065521e-19
9.618426069e-20
-1.189935244e-19
1.007933629e-20
1.3159845e-19
-2.19476576e-19
2.452277606e-19
-1.263060649e-19
2.644551064e-20
5.526638062e-20
1.10399437e-20
2.128016323e-20
-5.862657997e-20
-2.374364539e-19
1.805499356e-19
-2.067586636e-19
2.082901704e-19
2.268600346e-20
3.374017974e-20
4.454260332e-20
-3.4152726e-19
3.026803256e-19
-2.438753819e-19
2.260065069e-19
2.113886788e-20
3.108043074e-20
4.051936362e-20
-4.95109554e-19
3.550429865e-19
2.998241776e-20
3.868090337e-20
-7.616747687e-20
-1.364786662e-19
2.182521571e-19
1.50455754e-19
-1.555592774e-19
7.252991855e-20
-1.554432519e-19
6.354188115e-20
-1.886438327e-19
5.478348074e-20
8.258923703e-20
-8.547457916e-20
7.447611918e-20
-1.821039762e-19
8.2924921e-20
-1.832447182e-19
1.799797136e-19
1.015242295e-19
-1.805032222e-19
1.090980285e-19
-1.974615665e-19
9.081089621e-20
1.130005284e-19
-1.984942129e-19
1.206770542e-19
-9.508483676e-20
1.17077573e-19
1.60769011e-19
4.136364537e-21
-3.70984349e-21
5.817219492e-20
-1.528307963e-19
1.835870381e-20
8.378446843e-20
-1.460006394e-20
6.999288819e-20
-2.387001857e-19
1.018532776e-19
-1.710150837e-21
-9.552849549e-21
1.677126615e-19
-2.416678519e-20
-2.855279503e-19
9.210935931e-20
8.71011556e-20
-1.259506371e-20
7.838721438e-20
-3.219674121e-19
-8.980073794e-21
2.047715957e-19
-2.088445734e-20
1.464618527e-19
7.646119785e-20
7.069157281e-20
1.479422047e-19
-3.63692865e-19
6.834560133e-20
1.491308891e-19
7.207854531e-20
-7.543010536e-21
-1.836739092e-19
-1.012143216e-19
7.949802038e-20
7.398590112e-20
1.646593084e-19
7.797024686e-20
-4.532024401e-19
1.68996443e-19
-1.139873383e-20
8.599045755e-20
1.871081243e-19
-2.159278055e-19
-2.248881694e-19
1.939888397e-19
9.120709688e-20
1.18543567e-19
4.699292128e-20
-6.652956301e-20
8.744672294e-20
-1.395548473e-19
1.224434941e-19
-1.490184974e-19
9.704615884e-20
8.773545261e-20
7.864060489e-20
-1.682407342e-19
-9.0752747e-20
8.228256059e-20
1.662889039e-19
8.035195928e-20
-4.18150793e-19
1.75194339e-19
-1.254604324e-20
7.858693842e-20
-8.127267202e-20
1.113578393e-19
-1.816730754e-19
1.852541707e-19
8.509643445e-20
1.514534525e-19
-3.072371002e-20
-1.562420545e-19
1.542941067e-19
-1.141109776e-19
2.455330485e-19
-2.605652347e-19
-5.59681888e-20
1.700126084e-19
-3.531122323e-20
1.823211179e-19
-2.048017064e-19
-1.28188348e-19
2.761252274e-19
-3.661131081e-20
-2.825439199e-19
1.948183699e-19
-4.275787331e-20
2.076715862e-19
-2.304295662e-19
-1.464653668e-19
2.167979214e-19
4.473865084e-20
2.302722784e-19
1.443547272e-19
-1.013566457e-19
4.40338193e-21
1.565852011e-20
-1.619349663e-19
2.286875512e-19
-1.588220364e-19
9.666661086e-20
-4.969530892e-20
2.683073851e-20
1.054480305e-19
3.509739479e-20
-2.768649304e-19
1.14179468e-19
3.990601711e-20
-1.989817506e-19
2.643211209e-19
-2.115109161e-19
2.799119322e-19
-1.209887271e-19
-6.53045233e-20
1.109655303e-19
2.490384316e-20
3.337080302e-20
1.195865059e-19
-2.223812619e-19
1.592551138e-19
-3.950995087e-20
-6.171383034e-20
1.265026774e-19
-3.129655564e-19
2.29177816e-19
-4.387340182e-20
7.795561947e-20
1.623475701e-20
-4.473179892e-20
-1.083658683e-19
1.89465619e-20
1.5307086e-19
-1.486848207e-19
2.290290527e-19
-2.923858021e-19
9.466700539e-20
2.396908775e-20
1.745203736e-19
-6.773283505e-20
-5.589638828e-20
-5.416284186e-20
-2.053910536e-20
-9.331994459e-20
-4.529080413e-20
1.457639633e-19
-8.88005177e-20
1.631463232e-19
-2.820164071e-19
2.005137829e-19
-4.59563171e-20
8.546295721e-20
1.427612683e-19
-2.56187414e-19
6.06855234e-20
-6.392032059e-20
1.547419445e-19
-1.20385552e-19
1.715261406e-19
-2.647088816e-19
8.564539013e-20
-5.34806006e-20
1.841165015e-19
-1.219748883e-19
-5.048376192e-20
-5.533458626e-20
-6.433917866e-20
9.233314819e-20
-2.881633027e-19
1.249352746e-19
-1.099508546e-19
1.214947873e-19
-1.19079032e-19
1.872227159e-19
-5.849384654e-20
5.741552303e-20
1.380421468e-19
-1.182699136e-19
1.353965579e-19
-1.278131971e-19
1.33554595e-19
-7.26106285e-20
-1.317513315e-19
-4.977556818e-20
8.28259532e-20
-5.758565176e-20
1.510962103e-19
-1.464905398e-19
1.520408446e-19
-1.560105176e-19
1.11835156e-19
1.07617531e-19
-2.829654643e-19
3.529619459e-20
2.994036971e-20
-7.280617148e-20
4.225345404e-20
9.076296758e-20
-6.958944514e-20
4.925979677e-20
-6.049016699e-20
6.083021224e-20
1.139744128e-19
-1.290185731e-19
1.266764829e-19
1.231202118e-19
-4.009513816e-19
1.171223601e-19
4.053574721e-20
-8.575545029e-20
1.271347288e-19
4.802399704e-20
-8.557226837e-20
5.762153155e-20
1.234221995e-19
-4.31879182e-20
3.907267723e-20
-4.924541945e-20
-4.653869034e-20
1.010682776e-19
-4.131151e-20
-3.886445587e-20
1.145014114e-19
-2.192116749e-19
1.232132768e-19
1.827052014e-19
-6.880625802e-20
-6.644333868e-20
1.298293386e-19
-1.308214338e-19
-6.953274765e-20
1.331313559e-19
-6.604350536e-20
1.18182822e-19
-6.341520454e-20
-6.239863488e-20
1.323906346e-19
8.627069036e-20
-4.890241382e-20
1.118428548e-19
-5.699909344e-20
-6.102653586e-20
5.597208902e-20
-1.98106903e-19
1.101562975e-19
1.078829457e-19
-2.150985646e-19
1.038842633e-19
1.644339319e-19
-4.232575961e-20
-4.625591321e-20
-5.003528904e-20
1.31501583e-19
-5.711339196e-20
-6.041116146e-20
1.279263896e-19
1.272974432e-19
-2.452592522e-19
1.268439421e-19
-1.19544447e-19
1.428314104e-20
-3.823174187e-20
7.544371351e-21
2.81011844e-20
1.965703504e-20
-9.067099301e-20
3.050011022e-21
-4.926776731e-21
-3.263541299e-20
1.664192812e-20
8.983604195e-21
1.696917094e-19
-1.998204907e-19
2.133482384e-20
1.444660999e-20
-4.481745905e-20
1.855344922e-19
-1.525453278e-19
1.906406369e-20
1.385878172e-19
-1.50293458e-19
1.964439444e-19
-2.920185527e-19
2.712748145e-21
8.279659573e-20
-1.325859639e-19
4.261221425e-20
1.251712284e-19
-1.916911468e-19
1.401208802e-19
-1.406995339e-21
-1.992360404e-19
1.410385803e-19
4.21214495e-20
-2.55861215e-21
-4.860068782e-20
-1.407296072e-20
-4.886296627e-21
-5.31655698e-20
1.492312897e-19
-1.023368242e-19
-5.40715071e-21
-5.725951439e-20
2.818909087e-21
1.667579512e-19
-2.221504191e-19
5.722032778e-20
1.016800082e-19
-4.148936534e-20
-3.751805177e-20
1.076248816e-19
-7.926673781e-20
-3.416813456e-20
1.050613073e-19
-8.521003713e-20
-3.89842439e-20
1.106843624e-19
-3.207686043e-20
-3.609774446e-20
6.39684802e-20
-3.682599282e-20
-8.685706145e-20
1.149777801e-19
1.277510202e-20
-8.714501672e-20
-3.626834704e-20
5.422682071e-20
-3.752437911e-20
-4.058274903e-20
7.80853497e-20
4.712486231e-21
2.312835649e-20
-2.630827413e-20
8.321806705e-21
5.227634911e-20
-1.103214185e-19
1.906195727e-20
1.029102614e-19
-1.095944386e-19
9.064613637e-20
1.190890194e-20
-3.249461968e-20
-3.567000793e-20
2.06108837e-20
-3.099686025e-20
9.724843164e-21
1.49337625e-19
-1.733831305e-19
9.782134029e-20
-3.586184832e-20
-1.264427706e-19
1.566795383e-19
5.785853578e-21
1.085684401e-20
-3.594308427e-21
1.443338486e-21
6.375643512e-21
7.1968486e-20
-1.133703184e-19
-4.259749182e-21
1.062411252e-19
-1.189990679e-19
7.908993368e-20
2.426054865e-21
-3.741264602e-20
4.785770976e-21
-6.009900447e-21
-2.19796889e-21
1.305334866e-21
1.212173424e-19
-1.229199945e-19
8.417859662e-20
-2.307591148e-21
-1.336936521e-19
8.491651767e-20
-5.732057134e-20
4.172354859e-20
4.69838597e-20
-5.921241542e-20
4.077901942e-20
1.249076348e-20
-5.55309445e-20
4.550610461e-20
5.021676225e-20
-5.770197098e-20
5.550654504e-21
4.45693705e-20
-9.950975966e-20
4.475684834e-20
4.881623006e-20
-6.226554471e-20
4.519527562e-20
4.892965292e-20
-6.47543502e-20
8.254754707e-21
5.277592811e-20
-6.453684937e-20
8.144205233e-21
-8.465987281e-21
2.418992935e-20
2.182801363e-20
-9.722551916e-20
3.568631751e-20
-1.75355774e-21
-4.059304983e-21
2.874361577e-20
2.669020643e-20
-6.111357296e-21
2.701842197e-20
-5.978693508e-21
-9.79738297e-20
3.24263031e-20
-1.242514625e-21
3.252390368e-20
3.109364451e-20
-3.181630397e-21
3.149493939e-20
-5.956377023e-21
-7.138387053e-21
-7.0634897e-20
-7.127755714e-22
-1.786846919e-20
4.063782058e-20
4.086513864e-20
-7.831177898e-20
-5.071816779e-20
3.780042644e-20
7.410008632e-21
3.491236259e-20
3.529225562e-20
-7.310124457e-20
4.176258119e-20
1.141409705e-20
-4.813763468e-20
3.188657057e-20
1.92107807e-21
-5.025946427e-20
9.601909229e-21
9.779017647e-21
3.907515649e-20
3.955498588e-20
-7.693218334e-20
-4.758299529e-20
7.328400647e-21
-2.618393085e-20
6.900178289e-20
-3.586588966e-21
-1.309949437e-23
-7.176831143e-20
6.590474476e-20
-5.410066087e-21
-2.185970134e-21
8.046333828e-22
-7.010965867e-20
6.694361267e-20
-3.727337529e-21
-1.14777827e-21
1.180056262e-21
3.256839981e-21
2.403318956e-22
-2.821284836e-20
-2.029009292e-21
-2.5728123e-22
7.240711538e-20
-7.626071338e-20
-2.758224301e-21
-1.358866514e-21
-6.874362668e-22
7.885611509e-20
-5.798644984e-20
2.080884101e-20
-2.878862295e-21
1.942685303e-20
1.17284311e-21
-3.666808436e-20
8.45872657e-23
1.733472585e-20
-8.330884481e-22
2.049287911e-20
-5.643756301e-20
1.962951619e-20
-2.147646611e-21
1.901876973e-20
2.399432834e-22
1.865854102e-20
-5.937905435e-20
7.781300483e-20
-5.851465687e-20
2.049450704e-20
-1.238079628e-21
-2.572173273e-20
5.277209406e-20
-2.533813259e-20
-9.191702767e-21
3.605325277e-20
-9.190707165e-21
-2.375792011e-20
6.187622126e-21
-2.360341486e-20
4.93822616e-20
-2.350488957e-20
-8.478526761e-21
-8.522719905e-21
3.242789793e-20
-2.295452603e-20
6.218795706e-21
1.820689991e-20
-8.355315127e-21
-8.452255164e-21
-8.550626386e-21
-2.349248837e-20
4.936441915e-20
-2.39996092e-20
-3.119993003e-20
1.835715365e-20
-1.140834243e-21
-1.957113701e-20
8.42746395e-21
8.817602253e-21
-2.803169162e-20
1.785107906e-20
-1.263206431e-21
1.691992941e-20
-1.210752706e-21
-1.828315124e-20
1.686890113e-20
-1.126167696e-21
-1.80479855e-20
7.874067076e-21
7.909952167e-21
-2.720711179e-20
4.312570736e-20
-2.734575432e-20
8.157631181e-21
8.09127754e-21
-1.863610045e-20
7.294023901e-21
2.848993714e-22
-3.305324679e-21
2.767894182e-22
-3.186668842e-21
2.819772064e-22
-3.074837999e-21
3.00641629e-22
6.408522439e-21
2.607065718e-22
-2.959267251e-21
2.674110488e-22
2.525668538e-22
-2.901322538e-21
2.733985445e-22
-2.85590279e-21
3.094690861e-22
-2.812456527e-21
9.254067883e-21
-3.066215567e-21
1.092434668e-22
-3.074088132e-21
1.444538982e-22
)
;
    }
    front_bottom
    {
        type            wedge;
        value           nonuniform 0();
    }
    back_top
    {
        type            wedge;
        value           nonuniform 0();
    }
    back_middle
    {
        type            wedge;
        value           nonuniform List<scalar> 
1167
(
3.460715873e-21
-9.544937969e-22
-9.906748884e-22
-1.265440433e-20
-9.70698078e-22
3.885453242e-21
-1.083675918e-21
-1.390872906e-20
-1.068945406e-21
4.268090926e-21
-1.185486614e-21
-1.525901608e-20
-1.173975402e-21
4.679069634e-21
-1.294417957e-21
-1.671210961e-20
-1.288403066e-21
5.125101139e-21
-1.414498695e-21
-1.830778968e-20
-1.411487281e-21
5.623325493e-21
-1.550884792e-21
3.001371334e-22
3.946357971e-20
-2.025732057e-20
-1.602243566e-20
-4.696320627e-21
-1.654426034e-20
4.451997981e-20
-3.536523478e-20
-5.153353915e-21
1.361908872e-22
-2.393162254e-20
3.617117758e-20
-5.88491237e-21
-2.022451967e-20
-5.689350351e-21
1.830873857e-20
-6.397703958e-21
-8.718993811e-23
-2.904218351e-20
-2.297345934e-20
6.111306659e-20
-2.450644303e-20
-7.109038254e-21
-2.277190445e-20
6.284683558e-20
-3.86737408e-20
2.069025207e-20
-2.506300834e-20
-1.162554092e-20
2.218864347e-20
5.617052645e-21
-2.754938524e-20
2.341580534e-20
-4.785565615e-20
5.981504361e-20
-2.988135364e-20
-5.025378362e-20
2.658571126e-20
6.592865155e-21
2.807336512e-20
-5.511660126e-20
7.029726782e-21
-3.541157654e-20
9.716175445e-20
-6.051533081e-20
3.191491112e-20
-2.834111868e-20
4.027991938e-20
-4.44941543e-20
1.455118431e-20
-8.737311906e-22
-1.189369131e-21
-1.499951415e-21
1.532999812e-20
-1.606370391e-21
-1.422119841e-21
-3.455009249e-20
3.337880201e-20
-3.671143588e-20
-2.064815552e-21
-1.907658409e-21
1.831837191e-20
-2.005301051e-21
-6.247260198e-20
6.019960493e-20
-6.543958274e-20
8.592565873e-20
-6.859926531e-20
9.004908543e-20
1.971256549e-20
-2.442535846e-20
-2.230268502e-20
-8.695208908e-21
1.982593101e-20
-8.988480539e-21
5.097814297e-21
-8.673542513e-21
2.261821412e-20
-2.660347513e-20
-1.032464151e-20
5.411089017e-21
-1.012085249e-20
2.495812776e-20
-3.012649242e-20
2.617818125e-20
-3.097198023e-20
-1.159048233e-20
2.769483888e-20
-3.395642243e-20
2.908171145e-20
-3.506320303e-20
5.404696306e-20
1.248370591e-19
-8.411460606e-20
-4.169444556e-20
1.027459395e-19
-4.637974029e-20
-4.490667067e-20
9.397358725e-20
-9.545025539e-20
-4.700253535e-20
1.192442724e-19
-5.17544149e-20
-6.873772235e-20
1.268212796e-19
-5.602377588e-20
4.923657935e-22
9.781211016e-23
-5.608136701e-20
1.449865357e-21
2.201340492e-20
1.218431135e-21
-2.054424493e-20
2.293804477e-20
6.67039079e-22
9.584985957e-20
-3.739608967e-20
-8.01595011e-20
1.049106988e-19
-3.790881287e-20
-4.193837699e-20
1.119535998e-19
-8.748423896e-20
-9.24582387e-20
1.194521984e-19
-4.487129555e-20
-4.864565569e-20
1.27455089e-19
-4.862880068e-20
-4.767540416e-20
2.491929996e-20
-4.994873132e-20
4.11623511e-21
2.440209491e-20
-5.385697555e-20
5.881823545e-21
7.025582673e-20
4.974932269e-21
-2.397121035e-20
-2.195719781e-20
3.346365363e-20
-2.788012801e-20
-6.540115784e-20
1.201781324e-19
-2.910418005e-20
-6.972625762e-20
8.288413401e-20
-3.312250491e-20
-7.711360269e-20
1.358751781e-19
-8.242740625e-20
-3.083677952e-20
9.333316694e-20
-8.97576475e-20
-3.506560104e-20
1.003550275e-19
-3.811271688e-20
-9.571726844e-20
1.059975406e-19
4.81163003e-22
-4.017401744e-20
-3.760617617e-20
-4.04348425e-20
9.215566474e-20
-4.148543418e-20
-8.580926563e-20
-1.244752559e-22
-3.449968443e-20
-8.164969884e-20
1.565824404e-19
-3.88178636e-20
-8.87708965e-20
1.661138963e-19
-9.229541169e-20
-4.845034056e-20
1.765699321e-19
-9.983062842e-20
-1.282206588e-21
7.891927683e-20
-5.406746921e-20
-1.680456342e-21
8.410341387e-20
-2.595788874e-19
5.043825225e-21
-1.476229197e-20
7.207360071e-20
1.656658868e-20
-5.472961785e-20
-1.466045903e-20
-2.283040215e-20
-3.08688253e-20
-7.030236654e-20
1.738011388e-20
8.111454127e-20
-3.068273004e-20
-2.732918146e-20
-2.42272248e-20
9.078476675e-20
1.90864571e-20
-7.646758332e-20
2.651726748e-20
1.032580881e-19
-8.130538847e-20
2.843694183e-20
-7.947377755e-20
-3.084340557e-20
-3.674680467e-20
-3.942928033e-20
5.319035761e-20
-3.037002703e-20
5.355426697e-20
-8.278685985e-20
5.768456921e-20
-3.41820637e-20
-7.656103264e-20
1.00003648e-19
5.917518468e-20
-4.210346564e-20
-8.819870692e-20
-4.595308045e-20
2.284042751e-19
-4.967427841e-20
-1.466170394e-19
-5.058338137e-20
7.791261005e-20
7.751592573e-20
-5.745741798e-20
-1.13381317e-19
1.361062548e-19
-1.113005816e-19
-2.752097451e-21
-6.931958429e-21
-1.125747092e-20
1.167397779e-19
-1.666106645e-19
-1.040592699e-21
-5.400250942e-21
2.769791585e-20
1.291268646e-19
-8.670998285e-21
-1.529091338e-19
-4.371806638e-21
-8.233957861e-21
1.502210575e-19
-4.443027004e-21
-5.633214113e-20
-1.422906858e-20
-1.834201275e-19
1.690373128e-19
-4.369231913e-21
-7.509865029e-21
-1.058388401e-20
-1.366680757e-20
-9.660557557e-22
2.782554515e-21
1.190380109e-19
-3.792768488e-21
-1.65547044e-19
-6.352852795e-21
-2.534781248e-21
4.131484368e-20
1.379310101e-19
-1.332124827e-21
-1.465235716e-19
-7.267195571e-21
-4.46034783e-20
2.786564572e-21
1.551199236e-19
-2.718368373e-21
1.568347153e-22
-1.681947079e-19
-4.73453955e-21
-2.048486421e-21
1.236785805e-19
-3.850984267e-21
-1.283308645e-21
1.551986972e-20
-9.718782698e-20
1.412570291e-19
2.63124086e-20
-1.305041346e-19
2.441039556e-20
1.818920129e-20
-1.097764492e-19
1.598520643e-19
2.890381658e-20
2.310597753e-20
-1.165904445e-19
-1.76294928e-20
1.67588355e-20
2.421312767e-20
3.124060514e-20
2.656377292e-20
-1.329696137e-19
2.883946645e-20
2.474148201e-20
1.471443049e-19
-1.464898316e-19
3.056393951e-20
-3.834546117e-21
2.126920397e-20
-1.720972592e-20
2.430617664e-20
-1.254823673e-19
1.398011375e-19
-1.389531732e-20
-1.025064988e-19
1.08309629e-19
1.864222293e-20
-1.082396616e-20
-1.076158277e-19
1.231509782e-19
2.518488696e-20
-1.606583321e-19
-1.266348082e-20
1.835446201e-19
-1.730911064e-19
2.852678802e-20
-1.109582142e-20
2.031928052e-19
-1.859302183e-19
3.445272778e-20
-6.227292729e-20
1.809765646e-19
-8.182388759e-20
9.230627663e-21
-1.373205758e-19
1.654669016e-19
-2.046819521e-20
-1.075482672e-19
1.105438572e-19
2.220887338e-20
-2.202264744e-20
-8.098440746e-20
1.151696258e-19
1.908668699e-20
-1.619654353e-19
-2.335599238e-20
1.655222048e-19
-2.440866649e-20
-9.235054806e-20
-2.876928885e-20
1.776201469e-19
-2.985212057e-20
-1.505822459e-19
9.370972846e-20
1.866444233e-19
-3.258791802e-19
1.610710721e-19
-7.208922919e-20
1.724189651e-19
-1.145945598e-19
-1.413947749e-19
5.86487348e-20
5.932668239e-20
-2.392983816e-20
-2.512895881e-20
-6.16730721e-20
7.677180923e-20
-2.858329921e-20
-7.145784316e-20
7.534332432e-20
1.162602056e-19
-1.790562512e-19
7.864911901e-20
-2.690951472e-20
8.933681143e-20
-7.757024769e-20
1.249639009e-19
1.45203347e-19
-2.643912375e-19
1.231516558e-19
2.832245853e-20
1.482394842e-19
-1.058987899e-19
-4.033002541e-20
3.988816435e-20
4.447750341e-20
-4.313415637e-20
4.237336894e-20
-8.701062752e-20
1.686033391e-21
8.470428077e-20
-8.842836466e-20
4.370746168e-20
8.981821029e-20
-1.339254241e-19
5.03622017e-20
-5.707258088e-20
4.976583683e-20
1.041485777e-20
2.323808723e-19
-6.134930784e-20
-5.576488841e-20
-4.986561092e-20
-4.378022657e-20
-3.762704236e-20
6.825447975e-20
-4.21827483e-20
-3.619644257e-20
-3.044002201e-20
-2.497665021e-20
-1.985462558e-20
1.490103725e-19
8.157184736e-20
-1.488537612e-20
-1.30827567e-20
-4.751098213e-20
-6.105908697e-21
-4.621823743e-20
-6.939713463e-21
-5.626615059e-21
9.70352151e-20
-5.655344166e-20
-1.36543266e-20
3.154188117e-19
5.387601421e-20
-2.175551914e-19
6.667159984e-20
4.861733701e-20
1.245626724e-19
-1.669083807e-19
4.289398705e-20
2.521832183e-20
-2.86405566e-19
3.77807016e-20
2.141080884e-20
-1.301849779e-19
2.195607401e-19
1.781973984e-19
-2.631472744e-20
-6.491170405e-20
-3.006382723e-20
-3.002182037e-20
-3.003585156e-20
-3.010574471e-20
7.586755206e-20
-2.190333329e-20
-2.213180276e-20
-1.109709686e-19
8.665407053e-20
-1.069663838e-19
1.364030996e-19
-1.197903379e-19
1.999611088e-19
-9.856712288e-20
1.66023976e-19
-1.119231882e-19
-1.185669648e-19
6.370977155e-20
-1.157794759e-19
-1.224782474e-19
1.821376441e-19
1.616747118e-19
-2.275636631e-19
1.585581402e-19
3.992415415e-20
-1.236419969e-19
8.272934279e-21
4.181892911e-20
-1.440797423e-21
-1.388283169e-19
4.402431234e-20
4.815256942e-20
-1.538505726e-19
-3.334750872e-20
3.322671641e-19
-3.128105029e-19
-1.311336111e-19
3.421022684e-19
-2.865034367e-20
-3.71049852e-20
4.992441e-20
-1.369045261e-19
-4.746615396e-20
-5.519823583e-20
3.84218494e-19
-1.638886185e-19
-3.775084122e-19
4.380459233e-19
-1.216313846e-19
-1.333828284e-19
1.093776535e-19
2.014032467e-20
-4.660004604e-20
-1.455397975e-20
1.927919845e-20
3.798850386e-19
-1.96179249e-19
-1.282565742e-19
1.42093138e-19
5.333056727e-20
-2.448870147e-19
1.411455044e-19
-1.16135554e-19
3.283745901e-19
-1.377882437e-19
-2.420710297e-19
1.614982524e-19
-2.376782206e-19
4.833403164e-19
-2.479260332e-19
-2.604149119e-19
3.043846631e-19
6.942201479e-20
-1.522363206e-19
-1.845895441e-20
6.227051037e-21
4.80779345e-20
4.663600374e-20
-4.179863617e-20
8.451718576e-20
8.662020881e-20
-1.624838671e-19
-1.476632904e-19
3.554213475e-19
-1.517846313e-19
2.742919669e-22
-8.660421452e-20
3.685371856e-19
-1.762040912e-19
-2.690471574e-19
2.058359581e-19
-1.981815192e-19
2.978244588e-19
-1.89308238e-19
9.618243002e-20
-1.189954965e-19
1.007736677e-20
1.315965187e-19
-2.194784985e-19
2.452258459e-19
-1.263081414e-19
2.644332902e-20
5.52640048e-20
1.103895761e-20
2.127905333e-20
-5.862767214e-20
-2.374374695e-19
1.805489705e-19
-2.067595546e-19
2.082892671e-19
2.268503486e-20
3.373921552e-20
4.454154798e-20
-3.415284279e-19
3.026791209e-19
-2.438766716e-19
2.260049628e-19
2.113716816e-20
3.107859083e-20
4.051741489e-20
-4.951115167e-19
3.550410699e-19
2.998046815e-20
3.867899858e-20
-7.616944185e-20
-1.36480749e-19
2.182498949e-19
1.504547161e-19
-1.555604141e-19
7.252876892e-20
-1.554443265e-19
6.354089316e-20
-1.886446894e-19
5.478263283e-20
8.258831746e-20
-8.547552398e-20
7.447503907e-20
-1.821051829e-19
8.292365709e-20
-1.832460111e-19
1.799781963e-19
1.015225129e-19
-1.805050415e-19
1.090961035e-19
-1.974635691e-19
9.080902457e-20
1.129985936e-19
-1.984960836e-19
1.206751444e-19
-9.508690154e-20
1.170754054e-19
1.607679375e-19
4.135241821e-21
-3.710995482e-21
5.817109122e-20
-1.528318237e-19
1.835780839e-20
8.378363482e-20
-1.460091325e-20
6.999197613e-20
-2.387012475e-19
1.018520778e-19
-1.711460045e-21
-9.554181374e-21
1.677111612e-19
-2.416845226e-20
-2.855297395e-19
9.21074777e-20
8.709916909e-20
-1.259697326e-20
7.838530699e-20
-3.219692133e-19
-8.981968214e-21
2.047695824e-19
-2.088655686e-20
1.464607774e-19
7.646014635e-20
7.069046141e-20
1.479411005e-19
-3.636939079e-19
6.83446966e-20
1.491300691e-19
7.207774581e-20
-7.543834066e-21
-1.836748747e-19
-1.012154786e-19
7.949671249e-20
7.398453267e-20
1.646577906e-19
7.796858478e-20
-4.532042101e-19
1.689945952e-19
-1.140068986e-20
8.598852122e-20
1.871062591e-19
-2.1592956e-19
-2.248900453e-19
1.939868709e-19
9.120507929e-20
1.185425222e-19
4.699192088e-20
-6.653060175e-20
8.744566533e-20
-1.395558722e-19
1.224426086e-19
-1.490192839e-19
9.704541288e-20
8.773467169e-20
7.863971551e-20
-1.682418313e-19
-9.075398244e-20
8.22812049e-20
1.662873801e-19
8.035030534e-20
-4.181525571e-19
1.751925177e-19
-1.254797242e-20
7.858502965e-20
-8.127449089e-20
1.113560967e-19
-1.81674923e-19
1.852522485e-19
8.509446607e-20
1.514524511e-19
-3.072465053e-20
-1.562430147e-19
1.542931087e-19
-1.141119646e-19
2.455321755e-19
-2.605659971e-19
-5.596890562e-20
1.700118863e-19
-3.531205914e-20
1.82320086e-19
-2.048028232e-19
-1.281896391e-19
2.761237541e-19
-3.661293088e-20
-2.825456517e-19
1.948165666e-19
-4.275976944e-20
2.076696989e-19
-2.30431354e-19
-1.464670872e-19
2.16796113e-19
4.473676454e-20
2.302703734e-19
1.443537663e-19
-1.013575291e-19
4.402484496e-21
1.565756433e-20
-1.619358977e-19
2.286867004e-19
-1.588227769e-19
9.666593603e-20
-4.969601935e-20
2.682998935e-20
1.054470951e-19
3.509631406e-20
-2.768661895e-19
1.141780873e-19
3.990445235e-20
-1.989833997e-19
2.643193988e-19
-2.115127949e-19
2.799100625e-19
-1.209904663e-19
-6.530622692e-20
1.109637909e-19
2.490197665e-20
3.336894086e-20
1.195855811e-19
-2.223821125e-19
1.592542878e-19
-3.951083454e-20
-6.171474054e-20
1.265018457e-19
-3.129662601e-19
2.291771602e-19
-4.387405776e-20
7.795492147e-20
1.623387631e-20
-4.473282922e-20
-1.08367091e-19
1.894522382e-20
1.530693609e-19
-1.486863713e-19
2.290274343e-19
-2.923876245e-19
9.466517265e-20
2.396739208e-20
1.745187096e-19
-6.773452609e-20
-5.589818963e-20
-5.416463646e-20
-2.053998811e-20
-9.332076325e-20
-4.529159998e-20
1.457631199e-19
-8.880139527e-20
1.631455104e-19
-2.820171209e-19
2.005131425e-19
-4.595696205e-20
8.546229985e-20
1.427604448e-19
-2.561884354e-19
6.068435708e-20
-6.392159971e-20
1.547405097e-19
-1.203870193e-19
1.715246524e-19
-2.647106177e-19
8.564357584e-20
-5.348227955e-20
1.841148788e-19
-1.219765491e-19
-5.048550751e-20
-5.533632949e-20
-6.434004613e-20
9.23323518e-20
-2.881640452e-19
1.249344756e-19
-1.099517129e-19
1.214939726e-19
-1.190797583e-19
1.872220263e-19
-5.849448316e-20
5.741488008e-20
1.380413647e-19
-1.182708876e-19
1.353954716e-19
-1.278144154e-19
1.335532656e-19
-7.261202391e-20
-1.31752724e-19
-4.977721688e-20
8.282419257e-20
-5.75873133e-20
1.510945826e-19
-1.464921912e-19
1.520391722e-19
-1.560121997e-19
1.118343015e-19
1.076167554e-19
-2.829661794e-19
3.529544189e-20
2.993953601e-20
-7.280700339e-20
4.225273371e-20
9.076227287e-20
-6.959009237e-20
4.9259164e-20
-6.049089642e-20
6.082928528e-20
1.139733887e-19
-1.290196831e-19
1.266752736e-19
1.231188896e-19
-4.00952704e-19
1.171208143e-19
4.053403099e-20
-8.575708235e-20
1.271330946e-19
4.802240341e-20
-8.557385948e-20
5.761987749e-20
1.23421438e-19
-4.318859657e-20
3.907195385e-20
-4.924621635e-20
-4.653948886e-20
1.010675989e-19
-4.131216376e-20
-3.886508044e-20
1.145007818e-19
-2.192123783e-19
1.232124275e-19
1.827042587e-19
-6.880729539e-20
-6.644443453e-20
1.29828117e-19
-1.308227047e-19
-6.953418769e-20
1.3312973e-19
-6.604509265e-20
1.181812415e-19
-6.341674395e-20
-6.240013442e-20
1.323890188e-19
8.626994124e-20
-4.890306389e-20
1.118421593e-19
-5.699983636e-20
-6.102729388e-20
5.597144263e-20
-1.981074813e-19
1.101557539e-19
1.078823533e-19
-2.150992226e-19
1.038834959e-19
1.644330723e-19
-4.23267146e-20
-4.625691511e-20
-5.003643071e-20
1.315003829e-19
-5.711471072e-20
-6.041268771e-20
1.279248451e-19
1.272959284e-19
-2.452607528e-19
1.268424917e-19
-1.195460309e-19
1.428243272e-20
-3.823235537e-20
7.543719823e-21
2.810048803e-20
1.965633153e-20
-9.067162224e-20
3.049504657e-21
-4.927238769e-21
-3.26359358e-20
1.664134462e-20
8.982932006e-21
1.696909481e-19
-1.998213812e-19
2.13338967e-20
1.444557854e-20
-4.481861508e-20
1.855332828e-19
-1.525467221e-19
1.906258225e-20
1.385863416e-19
-1.502949408e-19
1.964424834e-19
-2.920200868e-19
2.712110481e-21
8.279603476e-20
-1.325865762e-19
4.261157138e-20
1.251705608e-19
-1.916917457e-19
1.401204226e-19
-1.407398881e-21
-1.99236515e-19
1.410380696e-19
4.212084078e-20
-2.55929081e-21
-4.860152455e-20
-1.407382688e-20
-4.887250584e-21
-5.316665008e-20
1.492301692e-19
-1.023381133e-19
-5.408564108e-21
-5.726096102e-20
2.817440551e-21
1.66756489e-19
-2.221519012e-19
5.721977814e-20
1.016795053e-19
-4.148993785e-20
-3.751865776e-20
1.076242211e-19
-7.926731277e-20
-3.416857323e-20
1.050609203e-19
-8.521047195e-20
-3.898467679e-20
1.106838253e-19
-3.20774852e-20
-3.609853603e-20
6.396764739e-20
-3.682686929e-20
-8.685810732e-20
1.149767139e-19
1.277391613e-20
-8.714638102e-20
-3.626973911e-20
5.422537132e-20
-3.752579391e-20
-4.058417823e-20
7.808485313e-20
4.712035986e-21
2.312785563e-20
-2.630885872e-20
8.321127809e-21
5.227577036e-20
-1.10321852e-19
1.906158594e-20
1.029098737e-19
-1.095948012e-19
9.06456536e-20
1.190834732e-20
-3.24953559e-20
-3.56708065e-20
2.061002286e-20
-3.099787969e-20
9.723814816e-21
1.49336497e-19
-1.733844685e-19
9.782000655e-20
-3.586324978e-20
-1.264440781e-19
1.566781829e-19
5.785371496e-21
1.08564282e-20
-3.594739369e-21
1.442806771e-21
6.374963354e-21
7.196789956e-20
-1.133707934e-19
-4.260117397e-21
1.062407794e-19
-1.189994048e-19
7.90895121e-20
2.425561669e-21
-3.741328292e-20
4.78498316e-21
-6.010780331e-21
-2.198968451e-21
1.304332724e-21
1.212162811e-19
-1.229213218e-19
8.417731883e-20
-2.308920085e-21
-1.336948294e-19
8.491527607e-20
-5.732103866e-20
4.172314703e-20
4.698348726e-20
-5.921286e-20
4.077837598e-20
1.24901815e-20
-5.553143196e-20
4.550574508e-20
5.021644237e-20
-5.77022728e-20
5.55026078e-21
4.456892357e-20
-9.951034876e-20
4.475610937e-20
4.881531892e-20
-6.226653687e-20
4.519432712e-20
4.892866532e-20
-6.475563076e-20
8.253529512e-21
5.277471465e-20
-6.453788846e-20
8.143090777e-21
-8.466427321e-21
2.418953732e-20
2.1827698e-20
-9.722588645e-20
3.568577521e-20
-1.754117638e-21
-4.059810777e-21
2.874326929e-20
2.668988007e-20
-6.11164229e-21
2.701806509e-20
-5.979122556e-21
-9.797435574e-20
3.242559145e-20
-1.243400202e-21
3.252291335e-20
3.109277334e-20
-3.182509615e-21
3.149376517e-20
-5.957520978e-21
-7.139473733e-21
-7.063583688e-20
-7.137594755e-22
-1.786885761e-20
4.063746561e-20
4.086483952e-20
-7.83120508e-20
-5.071859585e-20
3.779992915e-20
7.409553465e-21
3.491205651e-20
3.529193741e-20
-7.310151014e-20
4.176226444e-20
1.141368475e-20
-4.813813534e-20
3.188595171e-20
1.920287938e-21
-5.026039037e-20
9.601102852e-21
9.778240235e-21
3.907417604e-20
3.955395844e-20
-7.693315455e-20
-4.758381464e-20
7.327539136e-21
-2.618425474e-20
6.900147416e-20
-3.586849119e-21
-1.331595789e-23
-7.17685982e-20
6.590433291e-20
-5.410443916e-21
-2.186230744e-21
8.043509312e-22
-7.010986846e-20
6.694333745e-20
-3.727739158e-21
-1.148230042e-21
1.179513585e-21
3.256182079e-21
2.395036319e-22
-2.821357873e-20
-2.02967902e-21
-2.580833946e-22
7.240624974e-20
-7.626154412e-20
-2.758912348e-21
-1.359606083e-21
-6.877037134e-22
7.885586037e-20
-5.798669489e-20
2.080868511e-20
-2.87900009e-21
1.942652221e-20
1.172563879e-21
-3.666827596e-20
8.4366635e-23
1.733460252e-20
-8.33294442e-22
2.049254401e-20
-5.643800628e-20
1.96290585e-20
-2.148170582e-21
1.901810674e-20
2.393173742e-22
1.865797787e-20
-5.937963206e-20
7.781232768e-20
-5.85153307e-20
2.049396326e-20
-1.238648588e-21
-2.572195429e-20
5.277189801e-20
-2.533831574e-20
-9.191806859e-21
3.60532491e-20
-9.190917944e-21
-2.375812528e-20
6.187492668e-21
-2.360357587e-20
4.938221237e-20
-2.35050043e-20
-8.478748298e-21
-8.523088496e-21
3.24275304e-20
-2.295491694e-20
6.218280321e-21
1.820640564e-20
-8.35572851e-21
-8.452653331e-21
-8.551092351e-21
-2.349296228e-20
4.936401669e-20
-2.399996669e-20
-3.120008791e-20
1.835702722e-20
-1.140940592e-21
-1.957120552e-20
8.427543275e-21
8.817486409e-21
-2.803183599e-20
1.785100163e-20
-1.263317598e-21
1.691994676e-20
-1.210802946e-21
-1.82832475e-20
1.686863954e-20
-1.126405322e-21
-1.804823427e-20
7.873718883e-21
7.909617256e-21
-2.720737669e-20
4.312549844e-20
-2.734601701e-20
8.157337107e-21
8.091017035e-21
-1.863628007e-20
7.293958792e-21
2.848494616e-22
-3.305354784e-21
2.767608235e-22
-3.186615486e-21
2.819647044e-22
-3.074895515e-21
3.006168801e-22
6.408481434e-21
2.607183185e-22
-2.959277562e-21
2.67404738e-22
2.524794541e-22
-2.901409827e-21
2.733137847e-22
-2.856039101e-21
3.093386176e-22
-2.812556239e-21
9.253999037e-21
-3.066291183e-21
1.09149903e-22
-3.074196382e-21
1.44416633e-22
)
;
    }
    back_bottom
    {
        type            wedge;
        value           nonuniform 0();
    }
    axis_top
    {
        type            symmetryPlane;
        value           nonuniform 0();
    }
    axis_middle
    {
        type            symmetryPlane;
        value           nonuniform 0();
    }
    axis_bottom
    {
        type            symmetryPlane;
        value           nonuniform 0();
    }
    wall_top
    {
        type            calculated;
        value           nonuniform 0();
    }
    wall_middle
    {
        type            calculated;
        value           uniform 0;
    }
    wall_bottom
    {
        type            calculated;
        value           nonuniform 0();
    }
    inlet
    {
        type            calculated;
        value           nonuniform 0();
    }
    outlet
    {
        type            calculated;
        value           nonuniform 0();
    }
    procBoundary4to3
    {
        type            processor;
        value           nonuniform List<scalar> 
51
(
7.469819116e-11
2.183252012e-10
3.531558568e-10
4.790917474e-10
5.961310956e-10
7.043391876e-10
8.038320067e-10
8.947725656e-10
9.773631686e-10
1.051837666e-09
1.118455019e-09
1.177493795e-09
1.229247093e-09
1.274018532e-09
1.312118663e-09
1.343861671e-09
1.369563108e-09
1.389537258e-09
5.276147989e-11
1.407275465e-09
1.416472227e-09
1.420830476e-09
1.420645906e-09
1.416204898e-09
1.407782962e-09
1.395643415e-09
1.380035533e-09
1.361192805e-09
1.339331177e-09
1.31464637e-09
1.28731157e-09
1.257473878e-09
1.225250424e-09
1.190723131e-09
1.153932526e-09
1.1148698e-09
1.073467946e-09
1.029591695e-09
9.830285584e-10
9.334834563e-10
8.805793073e-10
8.238670123e-10
7.628437109e-10
6.969784113e-10
6.257387208e-10
5.48616609e-10
4.651469294e-10
3.74919764e-10
2.776010669e-10
1.729790643e-10
6.095503645e-11
)
;
    }
    procBoundary4to5
    {
        type            processor;
        value           nonuniform List<scalar> 
51
(
-6.419611486e-11
-1.877010654e-10
-3.03863678e-10
-4.127108726e-10
-5.143383941e-10
-6.088741506e-10
-6.964731335e-10
-7.773172889e-10
-8.516097586e-10
-9.195696635e-10
-9.814283385e-10
-1.037425453e-09
-1.087805432e-09
-1.132814532e-09
-1.172698093e-09
-1.207698195e-09
-1.238051667e-09
-1.263988515e-09
-1.285730679e-09
-1.303490915e-09
-1.31747222e-09
-1.327867194e-09
-1.334857648e-09
-1.338614493e-09
-1.339297256e-09
-1.337054226e-09
-1.332021821e-09
-1.324323951e-09
-1.314071564e-09
-1.301361458e-09
-1.286274355e-09
-1.26887252e-09
-1.249196362e-09
-1.227259147e-09
-1.203039731e-09
-1.260533506e-10
-1.172168513e-09
-1.142489823e-09
-1.110099792e-09
-1.074648e-09
-1.035610108e-09
-9.922279726e-10
-9.434456958e-10
-8.878529923e-10
-8.236484738e-10
-7.486232966e-10
-6.601586604e-10
-5.552265237e-10
-4.304056929e-10
-2.819626059e-10
-1.060317699e-10
)
;
    }
}


// ************************************************************************* //
