/*--------------------------------*- C++ -*----------------------------------*\
  =========                 |
  \\      /  F ield         | OpenFOAM: The Open Source CFD Toolbox
   \\    /   O peration     | Website:  https://openfoam.org
    \\  /    A nd           | Version:  7
     \\/     M anipulation  |
\*---------------------------------------------------------------------------*/
FoamFile
{
    version     2.0;
    format      ascii;
    class       volVectorField;
    location    "0.0024";
    object      U;
}
// * * * * * * * * * * * * * * * * * * * * * * * * * * * * * * * * * * * * * //

dimensions      [0 1 -1 0 0 0 0];

internalField   nonuniform List<vector> 
1167
(
(-6.287792358e-05 -2.566152225e-19 -0.004350758818)
(-0.0001623873176 -6.417642853e-19 -0.004347418505)
(-0.0002554307586 -7.327468379e-19 -0.00434017162)
(-0.00035128596 -1.343888046e-18 -0.004329313443)
(-0.0004443762939 -2.078322737e-18 -0.004315227703)
(-0.0005342346923 -2.723415109e-18 -0.004298168099)
(-0.0006207764614 -2.917134782e-18 -0.004278340082)
(-0.000703811505 -3.76221037e-18 -0.004255953486)
(-0.0007832090608 -4.064291755e-18 -0.004231207561)
(-0.0008588880055 -3.416723408e-18 -0.004204291019)
(-0.0009307998843 -4.021903788e-18 -0.004175378841)
(-0.000998922808 -3.1933403e-18 -0.004144633184)
(-0.001063257479 -3.243385952e-18 -0.004112201974)
(-0.001123823141 -3.235580969e-18 -0.004078217652)
(-0.001180653295 -3.201271333e-18 -0.004042796561)
(-0.001233792348 -2.967700331e-18 -0.004006038791)
(-0.001283292552 -2.797002943e-18 -0.003968027862)
(-0.001329211238 -2.767964301e-18 -0.003928830669)
(-0.001371608177 -2.828975227e-18 -0.003888497651)
(-0.001410543461 -2.57152528e-18 -0.00384706325)
(-0.001446075955 -2.517156205e-18 -0.003804546235)
(-0.001478261332 -2.424868401e-18 -0.003760949941)
(-0.001507151111 -2.314216992e-18 -0.003716263128)
(-0.001532791157 -2.19107414e-18 -0.003670459649)
(-0.001555221076 -2.391819708e-18 -0.003623499096)
(-0.001574472818 -2.487970854e-18 -0.003575325787)
(-0.00159056932 -2.701576209e-18 -0.003525868192)
(-0.001603523408 -2.693327868e-18 -0.003475037548)
(-0.001613335875 -2.657620012e-18 -0.003422725246)
(-0.001619992795 -2.287499927e-18 -0.003368799192)
(-0.001623462023 -2.556927974e-18 -0.003313098917)
(-0.00162368871 -2.508007986e-18 -0.00325542842)
(-0.001620588554 -2.448240073e-18 -0.003195545818)
(-0.001614038372 -2.450518218e-18 -0.003133148816)
(-0.001603862503 -2.482709113e-18 -0.003067853525)
(-6.49687549e-05 -3.877016075e-19 -0.004518550072)
(-0.0001678356123 -9.768705019e-19 -0.004514924154)
(-0.0002640073721 -1.130852739e-18 -0.004507034742)
(-0.0003630475084 -1.856391819e-18 -0.004495234443)
(-0.0004592433668 -9.819698236e-19 -0.004479931771)
(-0.0005520838474 -3.520645839e-18 -0.004461405853)
(-0.0006414820221 -3.780171004e-18 -0.004439887237)
(-0.0007272414111 -3.906992553e-18 -0.004415608603)
(-0.0008092252099 -3.333733919e-18 -0.004388792326)
(-0.0008873479426 -3.252988199e-18 -0.004359647892)
(-0.0009615578485 -3.346763562e-18 -0.004328371464)
(-0.001031831152 -3.19482373e-18 -0.004295143286)
(-0.001098167131 -2.981886719e-18 -0.004260127958)
(-0.001160583781 -3.038332862e-18 -0.004223472893)
(-0.001219113865 -3.055867996e-18 -0.004185307616)
(-0.001273801366 -2.947118312e-18 -0.004145743405)
(-0.001324698238 -2.804233248e-18 -0.00410487321)
(-0.001371861618 -2.506545428e-18 -0.004062771624)
(-0.001415351239 -2.814614436e-18 -0.004019495177)
(-0.001455227377 -2.657945453e-18 -0.003975082838)
(-0.001491548747 -2.530376976e-18 -0.003929556712)
(-0.001524371418 -2.459023563e-18 -0.00388292271)
(-0.001553747171 -2.446154963e-18 -0.003835170662)
(-0.001579722562 -2.452901858e-18 -0.00378627539)
(-0.001602337928 -2.660871625e-18 -0.00373619618)
(-0.001621625899 -2.55566205e-18 -0.003684876698)
(-0.001637610496 -2.869517195e-18 -0.003632244277)
(-0.00165030551 -2.607088701e-18 -0.003578208144)
(-0.001659712522 -2.873235516e-18 -0.003522656888)
(-0.001665817949 -2.202602579e-18 -0.003465454565)
(-0.001668589462 -2.314067081e-18 -0.003406435468)
(-0.001667970991 -2.258364027e-18 -0.003345396305)
(-0.001663875395 -2.35394402e-18 -0.00328208509)
(-0.001656174434 -2.213210378e-18 -0.003216185308)
(-0.001644683893 -2.266267947e-18 -0.003147292876)
(-0.001629142306 -1.911089542e-18 -0.003074882884)
(-0.001609179721 -2.276080365e-18 -0.002998260605)
(-0.001584272325 -2.261311183e-18 -0.002916490345)
(-0.001553678766 -2.013437593e-18 -0.002828294078)
(-0.001516354972 -1.777709979e-18 -0.002731914341)
(-0.001470851274 -1.349649399e-18 -0.002624945762)
(-0.001415206098 -1.299037617e-18 -0.002504155734)
(-0.001346860032 -1.605953422e-18 -0.002365325082)
(-0.001262610279 -2.001937486e-18 -0.002203134695)
(-0.001158610493 -1.38596413e-18 -0.002011100019)
(-0.001030410151 -6.59929246e-19 -0.001781531521)
(-0.0008730276523 -9.941951284e-19 -0.001505495663)
(-0.0006809651126 -8.404832719e-19 -0.001172809276)
(-0.0004479125829 -6.08369217e-19 -0.0007722041701)
(-0.0001660104556 -2.940305193e-19 -0.0002917469456)
(-6.701553714e-05 -6.099472682e-19 -0.004694296875)
(-0.0001731737943 -1.639810665e-18 -0.004690373501)
(-0.0002724144653 -4.689030428e-18 -0.004681818618)
(-0.000374579979 -2.619392312e-18 -0.004669041539)
(-0.0004738290954 -3.863047018e-18 -0.004652476009)
(-0.000569607349 -3.950693377e-18 -0.004632428238)
(-0.0006618261308 -3.935373965e-18 -0.004609153867)
(-0.0007502827781 -3.09954289e-18 -0.004582908402)
(-0.0008348344611 -3.361551038e-18 -0.004553938315)
(-0.0009153916058 -4.266026139e-18 -0.004522474063)
(-0.0009918987822 -3.237025246e-18 -0.004488731974)
(-0.001064329292 -3.42347398e-18 -0.004452911789)
(-0.001132680286 -2.799526481e-18 -0.004415194669)
(-0.001196967752 -2.804067507e-18 -0.004375742816)
(-0.001257222743 -2.683660782e-18 -0.004334698899)
(-0.001313487685 -2.942052294e-18 -0.004292185442)
(-0.001365813239 -3.000231772e-18 -0.004248304937)
(-0.001414255326 -2.906261429e-18 -0.004203139657)
(-0.001458872503 -2.377332276e-18 -0.004156752406)
(-0.001499724118 -2.381567578e-18 -0.004109187179)
(-0.001536868351 -2.440483233e-18 -0.004060469545)
(-0.001570360712 -2.411066902e-18 -0.004010608118)
(-0.001600252809 -2.734917342e-18 -0.003959594752)
(-0.001626591498 -2.478588807e-18 -0.003907405278)
(-0.001649417289 -2.650835809e-18 -0.003853999432)
(-0.001668763598 -2.840773855e-18 -0.003799320899)
(-0.0016846553 -2.909429685e-18 -0.003743296212)
(-0.001697107067 -2.922200233e-18 -0.003685833066)
(-0.001706121094 -2.798468287e-18 -0.003626817617)
(-0.00171168414 -2.220699028e-18 -0.003566110528)
(-0.00171376374 -2.447375264e-18 -0.003503541045)
(-0.001712302514 -2.305655682e-18 -0.0034388985)
(-0.001707210377 -2.1913225e-18 -0.003371920406)
(-0.001698353624 -2.155028407e-18 -0.003302275325)
(-0.001685539097 -2.043684489e-18 -0.003229538104)
(-0.001668491486 -2.058856589e-18 -0.00315315379)
(-0.001646820154 -1.623669311e-18 -0.003072385343)
(-0.001619971905 -2.263377604e-18 -0.002986238406)
(-0.00158716578 -2.158635576e-18 -0.002893356463)
(-0.001547309251 -1.695785948e-18 -0.002791884258)
(-0.001498902136 -1.404524427e-18 -0.002679308488)
(-0.00143994488 -1.358746142e-18 -0.002552300333)
(-0.001367874151 -1.768216156e-18 -0.002406590894)
(-0.001279541307 -1.390040907e-18 -0.00223689953)
(-0.001171232251 -1.284534374e-18 -0.002036908796)
(-0.001038719604 -1.138360012e-18 -0.001799259983)
(-0.0008773408458 -9.611989244e-19 -0.001515544045)
(-0.0006820112422 -7.540812843e-19 -0.001176323532)
(-0.0004469273655 -4.963241526e-19 -0.0007713175674)
(-0.0001648819397 -2.375390356e-19 -0.0002897993868)
(-6.902608509e-05 -8.948209907e-19 -0.004878125079)
(-0.0001784218965 -2.000473478e-18 -0.004873894071)
(-0.0002806835407 -2.669684942e-18 -0.00486465474)
(-0.0003859264666 -2.570905696e-18 -0.004850871763)
(-0.0004881884413 -2.913939588e-18 -0.004833004993)
(-0.000586872253 -3.759128742e-18 -0.004811388959)
(-0.0006818870771 -4.491084068e-18 -0.004786303116)
(-0.0007730251239 -3.000105902e-18 -0.004758027165)
(-0.000860137441 -3.517836183e-18 -0.004726830222)
(-0.0009431296908 -3.496872232e-18 -0.00469296538)
(-0.001021942983 -3.282240632e-18 -0.004656668318)
(-0.00109654689 -3.016318021e-18 -0.00461815722)
(-0.001166935138 -2.942816095e-18 -0.004577630345)
(-0.001233120951 -2.808391173e-18 -0.004535264865)
(-0.0012951327 -2.553237885e-18 -0.004491216355)
(-0.001353010315 -2.496322554e-18 -0.004445618432)
(-0.001406801925 -2.782230385e-18 -0.004398582889)
(-0.001456561008 -2.75926861e-18 -0.004350199911)
(-0.001502344316 -2.438171578e-18 -0.004300538805)
(-0.001544209361 -2.381858284e-18 -0.004249648544)
(-0.001582212959 -2.205219568e-18 -0.004197559127)
(-0.001616409506 -2.025501997e-18 -0.004144281975)
(-0.001646850211 -2.417708829e-18 -0.004089811609)
(-0.001673581421 -2.43524854e-18 -0.00403412532)
(-0.001696643923 -2.106960882e-18 -0.003977184209)
(-0.001716071724 -2.692285652e-18 -0.003918932374)
(-0.001731890265 -2.832270417e-18 -0.003859296097)
(-0.001744114984 -2.961459891e-18 -0.003798182243)
(-0.001752748756 -2.830956448e-18 -0.003735475088)
(-0.001757778745 -2.783074231e-18 -0.003671032167)
(-0.001759172193 -2.959419749e-18 -0.003604677817)
(-0.001756870263 -2.584197699e-18 -0.003536194048)
(-0.00175077978 -2.44107907e-18 -0.003465307653)
(-0.001740761323 -2.359058366e-18 -0.003391671638)
(-0.001726612444 -2.273233062e-18 -0.003314838713)
(-0.001708043476 -2.223327082e-18 -0.003234222711)
(-0.0016846428 -2.18122223e-18 -0.00314904311)
(-0.001655828026 -1.735827641e-18 -0.003058246156)
(-0.00162078014 -1.995740582e-18 -0.002960397931)
(-0.001578361939 -1.901512083e-18 -0.002853550079)
(-0.001527029609 -1.754492685e-18 -0.002735091845)
(-0.001464755635 -1.432141813e-18 -0.002601615664)
(-0.001388984057 -1.254946476e-18 -0.002448825388)
(-0.001296628588 -1.215267578e-18 -0.002271500345)
(-0.001184107053 -9.392304935e-19 -0.002063502199)
(-0.001047401939 -1.068597366e-18 -0.001817796623)
(-0.000882141134 -9.391197055e-19 -0.001526466069)
(-0.0006836076786 -1.437431602e-18 -0.001180751342)
(-0.0004464425005 -4.226748559e-19 -0.0007712506113)
(-0.0001640075665 -1.075315829e-19 -0.0002882939109)
(-7.101038701e-05 -9.370051639e-19 -0.005070189944)
(-0.0001836056364 -6.765348393e-19 -0.005065642872)
(-0.0002888548261 -1.969789129e-18 -0.005055703952)
(-0.0003971422143 -2.237336383e-18 -0.005040891736)
(-0.0005023917696 -1.529903473e-18 -0.005021693529)
(-0.0006039629661 -3.38651964e-18 -0.004998471237)
(-0.0007017628314 -3.931338114e-18 -0.004971527913)
(-0.0007955790425 -3.385205994e-18 -0.004941168107)
(-0.0008852567036 -3.348491245e-18 -0.004907682655)
(-0.0009706962319 -3.360347615e-18 -0.004871346421)
(-0.001051834298 -3.27779062e-18 -0.004832415401)
(-0.001128636509 -3.270237531e-18 -0.00479112534)
(-0.001201092519 -3.160415769e-18 -0.00474769084)
(-0.001269211522 -3.012018398e-18 -0.004702303713)
(-0.001333018082 -2.678608891e-18 -0.004655132317)
(-0.001392548503 -2.37182395e-18 -0.0046063213)
(-0.00144784751 -1.728545071e-18 -0.004555991784)
(-0.001498965578 -2.288163675e-18 -0.004504241842)
(-0.001545956366 -2.373963651e-18 -0.004451147371)
(-0.001588874952 -2.333559014e-18 -0.004396762979)
(-0.001627776055 -2.760994185e-18 -0.004341122981)
(-0.001662712748 -2.660901193e-18 -0.00428424287)
(-0.001693734981 -2.360941451e-18 -0.004226119786)
(-0.001720888634 -2.513357519e-18 -0.004166733765)
(-0.001744214674 -2.829479533e-18 -0.004106047596)
(-0.001763747151 -2.437654882e-18 -0.004044006473)
(-0.001779512133 -2.754086561e-18 -0.003980537357)
(-0.001791525871 -2.842108048e-18 -0.003915546794)
(-0.001799791885 -2.762380356e-18 -0.003848917756)
(-0.001804297688 -2.719247334e-18 -0.003780504965)
(-0.001805010071 -2.621916013e-18 -0.003710127976)
(-0.001801868559 -2.701614068e-18 -0.003637561452)
(-0.001794776619 -2.189678008e-18 -0.003562521239)
(-0.001783588895 -2.57746124e-18 -0.0034846444)
(-0.001768093372 -2.201955496e-18 -0.003403460748)
(-0.001747985751 -2.490777673e-18 -0.003318351853)
(-0.001722833298 -2.018658182e-18 -0.003228492633)
(-0.001692024814 -2.264035971e-18 -0.003132769763)
(-0.001654704898 -1.839209679e-18 -0.003029673702)
(-0.001609695573 -1.750181282e-18 -0.00291716847)
(-0.001555416109 -2.013319715e-18 -0.002792556716)
(-0.001489819972 -1.874219259e-18 -0.002652368348)
(-0.001410367339 -1.661143954e-18 -0.002492298675)
(-0.001314039021 -1.573113335e-18 -0.002307202569)
(-0.001197381633 -1.012840447e-18 -0.002091126617)
(-0.001056573559 -8.239725962e-19 -0.001837350373)
(-0.0008875065802 -6.021046785e-19 -0.001538414844)
(-0.0006857919713 -4.124854247e-19 -0.001186178318)
(-0.0004464620266 -2.75391375e-19 -0.0007720251722)
(-0.0001633776451 -1.570025795e-19 -0.0002872165558)
(-7.298050275e-05 2.89526457e-18 -0.005270684069)
(-0.0001887559483 3.452630231e-18 -0.005265813935)
(-0.0002969767893 3.283396728e-18 -0.005255164085)
(-0.0004082941657 -1.275009178e-18 -0.00523930554)
(-0.0005165236292 -2.293117264e-18 -0.005218752819)
(-0.0006209800533 -2.734293081e-18 -0.005193894063)
(-0.0007215693819 -2.921423728e-18 -0.005165056966)
(-0.000818074778 -3.764934687e-18 -0.005132569021)
(-0.0009103351819 -3.134849223e-18 -0.005096743767)
(-0.0009982458675 -3.943384467e-18 -0.005057875901)
(-0.001081738133 -2.871336507e-18 -0.005016241005)
(-0.001160772772 -3.148020955e-18 -0.004972092814)
(-0.001235334664 -3.159539327e-18 -0.004925661381)
(-0.001305428125 -3.24655009e-18 -0.004877152515)
(-0.001371072982 -3.212705283e-18 -0.004826747042)
(-0.001432301051 -2.834592219e-18 -0.004774600383)
(-0.00148915265 -2.48948266e-18 -0.004720842895)
(-0.001541674139 -2.339005187e-18 -0.004665580767)
(-0.00158991578 -2.377958967e-18 -0.004608896599)
(-0.001633929435 -2.365596329e-18 -0.004550850891)
(-0.001673767346 -2.160087228e-18 -0.004491483155)
(-0.001709480521 -2.283201832e-18 -0.004430813026)
(-0.001741117506 -2.303438112e-18 -0.004368841559)
(-0.001768723761 -2.366053579e-18 -0.004305551964)
(-0.001792339694 -2.178574406e-18 -0.00424090941)
(-0.001811999529 -2.138940319e-18 -0.004174861248)
(-0.001827730111 -2.367959135e-18 -0.00410733581)
(-0.00183954833 -2.432692913e-18 -0.004038239895)
(-0.001847458237 -2.023260551e-18 -0.00396745561)
(-0.001851447576 -2.445506608e-18 -0.003894835297)
(-0.001851482556 -2.850210539e-18 -0.003820193995)
(-0.001847500956 -2.428534606e-18 -0.003743299021)
(-0.001839402604 -2.768753523e-18 -0.003663854986)
(-0.001827035895 -2.481523251e-18 -0.003581482552)
(-0.001810178935 -2.223964353e-18 -0.003495688017)
(-0.001788512668 -2.617381416e-18 -0.003405820022)
(-0.001761583366 -2.438131708e-18 -0.003311008406)
(-0.001728751736 -2.315723811e-18 -0.003210080535)
(-0.001689127929 -2.244266211e-18 -0.003101453546)
(-0.001641497043 -2.277996191e-18 -0.002983009754)
(-0.001584247512 -2.48900024e-18 -0.002851975708)
(-0.001515321216 -2.224870345e-18 -0.002704833151)
(-0.001432200982 -2.412849104e-18 -0.002537284059)
(-0.001331937045 -2.174754816e-18 -0.002344269923)
(-0.001211199876 -1.621860645e-18 -0.002120023634)
(-0.001066349529 -1.110992828e-18 -0.001858125313)
(-0.0008935172343 -5.402079986e-19 -0.001551542134)
(-0.0006886074681 2.393134706e-19 -0.001192694733)
(-0.0004469978368 -9.487096209e-20 -0.0007736727654)
(-0.000162987703 4.088273119e-19 -0.0002865616217)
(-7.495022255e-05 4.006177794e-18 -0.005479844818)
(-0.0001939086319 4.47142803e-18 -0.005474646485)
(-0.0003051061251 3.668966432e-18 -0.005463278478)
(-0.000419460226 1.273147846e-18 -0.005446361816)
(-0.0005306811764 -5.590902194e-19 -0.005424437348)
(-0.000638039068 -2.142164677e-18 -0.005397919419)
(-0.0007414392825 -3.058163899e-18 -0.005367160342)
(-0.0008406605434 -3.756915082e-18 -0.005332508682)
(-0.0009355351379 -4.101349389e-18 -0.00529430029)
(-0.001025952793 -2.817639874e-18 -0.005252849623)
(-0.001111839545 -3.307355524e-18 -0.005208450191)
(-0.001193150267 -3.240475811e-18 -0.005161372458)
(-0.001269864101 -3.426043626e-18 -0.005111861835)
(-0.001341979878 -2.380661896e-18 -0.005060137573)
(-0.001409511781 -3.210352492e-18 -0.005006392352)
(-0.001472486171 -3.091649024e-18 -0.004950792245)
(-0.001530938373 -2.869978348e-18 -0.004893476757)
(-0.001584910249 -3.464957932e-18 -0.004834560144)
(-0.00163444762 -2.570719811e-18 -0.004774132156)
(-0.001679598901 -2.944669243e-18 -0.004712259586)
(-0.001720413258 -2.470719047e-18 -0.004648987401)
(-0.001756939309 -2.669545583e-18 -0.004584340426)
(-0.001789224337 -2.671681922e-18 -0.00451832426)
(-0.001817312573 -1.982433248e-18 -0.004450925871)
(-0.001841244008 -2.33016118e-18 -0.004382114009)
(-0.001861053252 -2.228417211e-18 -0.004311838946)
(-0.001876767607 -2.233948113e-18 -0.004240030899)
(-0.001888404461 -2.702476795e-18 -0.004166597642)
(-0.001895968373 -2.204253344e-18 -0.004091421011)
(-0.001899447159 -2.176792714e-18 -0.004014351342)
(-0.001898806313 -2.047536132e-18 -0.003935199469)
(-0.001893981747 -1.648581254e-18 -0.00385372542)
(-0.001884869438 -2.074831335e-18 -0.003769622391)
(-0.001871311292 -2.325286847e-18 -0.003682494213)
(-0.001853075245 -2.004492311e-18 -0.003591823105)
(-0.001829827303 -1.909869432e-18 -0.00349692424)
(-0.001801092963 -2.128340066e-18 -0.003396882223)
(-0.001766205783 -2.099078318e-18 -0.003290465951)
(-0.001724243621 -2.088208331e-18 -0.003176022138)
(-0.001673958472 -2.011839524e-18 -0.003051357556)
(-0.001613713427 -2.001501454e-18 -0.00291363254)
(-0.001541444859 -2.467904113e-18 -0.002759293124)
(-0.001454662702 -2.152908072e-18 -0.002584059856)
(-0.001350486809 -1.70072742e-18 -0.002382967895)
(-0.001225705242 -2.009529204e-18 -0.002150434278)
(-0.001076845536 -1.620697864e-18 -0.001880324393)
(-0.0009002557141 -1.319922091e-18 -0.001566000347)
(-0.0006921023493 -1.118702046e-18 -0.001200395006)
(-0.0004480677631 -3.397250804e-19 -0.0007762321293)
(-0.0001628370487 -9.201965437e-20 -0.000286329278)
(-7.693544382e-05 -4.088407032e-19 -0.005697963685)
(-0.0001991047067 -2.689682686e-18 -0.005692433758)
(-0.0003133070641 1.42755781e-18 -0.005680343626)
(-0.0004307276197 2.142169445e-18 -0.005662360989)
(-0.0005449731331 -2.447328081e-18 -0.005639052224)
(-0.0006552692506 -9.24096844e-19 -0.00561085902)
(-0.0007615201921 -2.396500263e-18 -0.005578155808)
(-0.0008635006707 -2.851967032e-18 -0.005541312534)
(-0.000961036218 -2.05109174e-18 -0.005500684357)
(-0.001054010099 -3.353422166e-18 -0.005456605807)
(-0.001142342574 -3.064448059e-18 -0.005409387469)
(-0.001225982307 -3.331037334e-18 -0.005359315227)
(-0.001304902101 -3.800095146e-18 -0.005306648863)
(-0.001379094368 -3.300651987e-18 -0.005251620461)
(-0.001448567089 -3.242020367e-18 -0.005194434155)
(-0.001513340701 -3.21115042e-18 -0.005135266335)
(-0.001573444811 -3.937872457e-18 -0.005074265615)
(-0.001628915891 -2.926605538e-18 -0.005011554393)
(-0.001679795318 -3.29717105e-18 -0.004947229732)
(-0.001726127386 -2.800635584e-18 -0.004881365175)
(-0.001767957925 -2.746000115e-18 -0.004814011973)
(-0.001805333291 -2.811503577e-18 -0.004745200709)
(-0.001838298758 -3.114002431e-18 -0.004674942188)
(-0.001866897506 -2.492618441e-18 -0.00460322823)
(-0.001891169244 -2.54001856e-18 -0.004530031988)
(-0.001911148621 -2.542290378e-18 -0.004455307168)
(-0.00192686318 -2.312076113e-18 -0.00437898671)
(-0.00193833078 -2.61193737e-18 -0.004300980205)
(-0.001945556501 -2.111880655e-18 -0.004221169831)
(-0.001948528149 -1.977303171e-18 -0.004139404304)
(-0.001947210399 -1.602831037e-18 -0.004055490444)
(-0.001941537044 -1.883499317e-18 -0.003969181051)
(-0.001931400019 -1.973359746e-18 -0.003880157851)
(-0.001916634539 -1.894539261e-18 -0.003788007538)
(-0.001896998185 -2.358054087e-18 -0.003692187858)
(-0.001872141979 -2.476702224e-18 -0.00359198016)
(-0.001841570948 -1.928487411e-18 -0.003486423952)
(-0.001804592521 -1.671997304e-18 -0.003374230893)
(-0.001760254419 -1.260112702e-18 -0.003253680525)
(-0.001707279131 -1.139236146e-18 -0.003122510274)
(-0.001644009194 -1.567347466e-18 -0.002977823347)
(-0.001568380269 -1.666796661e-18 -0.002816040585)
(-0.001477932157 -1.589313876e-18 -0.002632910061)
(-0.001369852944 -1.939374191e-18 -0.002423564296)
(-0.001241041127 -1.487611124e-18 -0.002182599716)
(-0.001088177978 -1.506418851e-18 -0.001904150844)
(-0.0009078071373 -4.307274481e-19 -0.001581944092)
(-0.000696328794 -8.536779333e-19 -0.001209378244)
(-0.0004496942807 -6.110904734e-19 -0.0007797484415)
(-0.0001629278837 -4.024690406e-19 -0.0002865244244)
(-7.895371331e-05 -5.078580523e-18 -0.005925394766)
(-0.0002043893954 0 -0.005919530712)
(-0.0003216501565 2.882038405e-18 -0.005906716315)
(-0.0004421915472 2.275216839e-18 -0.00588766222)
(-0.0005595186446 2.757685789e-18 -0.005862961143)
(-0.0006728119697 -3.179561119e-20 -0.005833080912)
(-0.0007819738012 -1.141342894e-18 -0.00579841598)
(-0.0008867745344 -1.559280112e-18 -0.005759357594)
(-0.0009870334059 -2.369077091e-18 -0.005716279057)
(-0.001082626994 -3.305367375e-18 -0.005669532215)
(-0.001173468601 -3.473478403e-18 -0.005619444425)
(-0.001259500432 -3.363198664e-18 -0.005566316489)
(-0.001340688477 -3.27114972e-18 -0.005510421393)
(-0.001417018285 -3.512626466e-18 -0.005452003297)
(-0.001488491239 -3.701343586e-18 -0.005391277229)
(-0.00155512095 -3.582788787e-18 -0.00532842923)
(-0.001616930903 -3.155446681e-18 -0.005263617193)
(-0.001673952184 -2.810255376e-18 -0.00519697173)
(-0.001726221081 -2.851924983e-18 -0.005128597741)
(-0.001773777609 -2.867170812e-18 -0.005058575761)
(-0.00181666433 -2.867882248e-18 -0.004986964077)
(-0.001854924667 -2.71325979e-18 -0.004913799555)
(-0.00188860224 -2.538126417e-18 -0.004839099258)
(-0.001917739082 -2.4237701e-18 -0.004762860518)
(-0.001942374197 -2.991229168e-18 -0.004685061538)
(-0.001962542252 -2.574848505e-18 -0.004605660612)
(-0.001978271153 -2.513581139e-18 -0.00452459417)
(-0.001989579229 -2.325969336e-18 -0.004441774205)
(-0.001996471919 -2.158453744e-18 -0.004357083778)
(-0.001998936903 -2.219977976e-18 -0.004270370473)
(-0.001996937926 -2.032393637e-18 -0.004181437342)
(-0.001990406434 -2.00837006e-18 -0.004090030004)
(-0.001979230124 -2.015293311e-18 -0.003995818667)
(-0.001963237318 -2.028063746e-18 -0.00389837271)
(-0.001942175153 -2.056020781e-18 -0.003797125192)
(-0.001915679728 -2.059082697e-18 -0.003691323523)
(-0.00188323603 -1.883830031e-18 -0.003579962537)
(-0.001844126495 -1.443683499e-18 -0.003461698256)
(-0.001797370857 -1.424965219e-18 -0.003334746562)
(-0.00174166538 -1.333645898e-18 -0.003196781494)
(-0.001675336055 -1.438407511e-18 -0.003044857231)
(-0.001596321399 -1.377833323e-18 -0.002875378059)
(-0.001502192385 -1.372645333e-18 -0.002684125785)
(-0.001390202594 -1.264618437e-18 -0.002466331344)
(-0.001257353154 -1.218005341e-18 -0.002216763647)
(-0.001100465394 -9.423521844e-19 -0.00192980915)
(-0.0009162593306 -7.943993628e-19 -0.001599529845)
(-0.0007013430222 -5.447500758e-19 -0.001219747922)
(-0.0004519040871 -1.86191846e-19 -0.0007842726382)
(-0.0001632648706 -1.489577485e-19 -0.0002871560179)
(-8.102376299e-05 7.830401128e-19 -0.006162561984)
(-0.0002098111652 3.366160621e-18 -0.006156361752)
(-0.0003302107024 6.303527065e-18 -0.006142821552)
(-0.0004539547592 3.541662467e-18 -0.006122692467)
(-0.0005744467659 3.269103111e-18 -0.006096593802)
(-0.0006908196014 5.145651636e-19 -0.00606501664)
(-0.0008029739755 -5.976255255e-19 -0.006028375627)
(-0.0009106758765 -1.929507534e-18 -0.005987080284)
(-0.001013737284 -2.052149073e-18 -0.005941522796)
(-0.001112028397 -3.051314251e-18 -0.005892070382)
(-0.001205455599 -3.750758564e-18 -0.005839065296)
(-0.001293953757 -3.463410834e-18 -0.00578282209)
(-0.001377481505 -3.481349512e-18 -0.005723626222)
(-0.001456017131 -3.466765623e-18 -0.00566173332)
(-0.001529554908 -3.484321059e-18 -0.005597368802)
(-0.001598101801 -3.269163824e-18 -0.005530728239)
(-0.001661675013 -3.664436966e-18 -0.005461978473)
(-0.00172029955 -2.920725011e-18 -0.005391258454)
(-0.001774006644 -3.078012266e-18 -0.005318681071)
(-0.001822832041 -3.037733646e-18 -0.005244334688)
(-0.001866814533 -2.393369144e-18 -0.00516828486)
(-0.001905995141 -2.958307656e-18 -0.005090575804)
(-0.001940415387 -2.840892294e-18 -0.005011231186)
(-0.001970115944 -2.832649189e-18 -0.004930254972)
(-0.001995135418 -2.865100942e-18 -0.004847631306)
(-0.002015508515 -3.086689482e-18 -0.004763323778)
(-0.002031263408 -2.984234708e-18 -0.004677273137)
(-0.002042418866 -2.781181335e-18 -0.004589394358)
(-0.002048980536 -2.602834872e-18 -0.004499571858)
(-0.002050935808 -2.504907684e-18 -0.004407652555)
(-0.002048247377 -2.176165299e-18 -0.004313436086)
(-0.002040844224 -2.170434981e-18 -0.004216661047)
(-0.002028609656 -2.047192822e-18 -0.004116986059)
(-0.002011364911 -2.028930628e-18 -0.004013963072)
(-0.001988846596 -2.055960579e-18 -0.003907000382)
(-0.001960676039 -2.168546927e-18 -0.003795311573)
(-0.001926318688 -2.037024396e-18 -0.003677847495)
(-0.001885033158 -1.840309102e-18 -0.003553210372)
(-0.001835813255 -1.758653146e-18 -0.003419556024)
(-0.001777331956 -1.582894536e-18 -0.003274500716)
(-0.001707901952 -1.865353864e-18 -0.003115056671)
(-0.001625467117 -1.235142335e-18 -0.002937618494)
(-0.001527629811 -7.262590634e-19 -0.002738005976)
(-0.001411705379 -1.290989629e-18 -0.002511546957)
(-0.001274789005 -2.002671204e-18 -0.002253173728)
(-0.001113828893 -1.161486834e-18 -0.001957507342)
(-0.0009257032201 -9.256554472e-19 -0.001618917797)
(-0.0007072045476 -1.525998255e-18 -0.001231611289)
(-0.000454727291 -4.855824475e-19 -0.0007898602205)
(-0.0001638546408 -2.236609944e-19 -0.0002882361837)
(-8.316544465e-05 2.107415248e-18 -0.006409967188)
(-0.0002154211139 1.170145381e-18 -0.006403428598)
(-0.0003390689867 5.415057666e-18 -0.006389161632)
(-0.0004661274345 3.153320559e-18 -0.006367955235)
(-0.0005898949229 1.145887521e-19 -0.006340453409)
(-0.0007094548389 1.523671647e-18 -0.006307169427)
(-0.000824706137 -2.443203411e-19 -0.006268537993)
(-0.0009354106812 -1.140349676e-18 -0.006224984703)
(-0.001041372749 -1.62829639e-18 -0.006176918368)
(-0.001142455348 -3.005703335e-18 -0.006124721896)
(-0.001238557873 -2.762952111e-18 -0.00606875068)
(-0.001329607741 -3.100876378e-18 -0.006009331682)
(-0.001415556051 -3.474010175e-18 -0.005946761878)
(-0.001496373656 -3.352393708e-18 -0.005881307667)
(-0.001572047646 -3.212299791e-18 -0.005813204386)
(-0.001642577917 -2.163873776e-18 -0.005742656766)
(-0.001707975052 -3.076583625e-18 -0.005669840415)
(-0.001768258422 -3.044519979e-18 -0.005594902846)
(-0.001823453982 -2.898442256e-18 -0.005517965226)
(-0.001873593028 -2.925806752e-18 -0.005439124129)
(-0.001918711061 -2.979042952e-18 -0.005358453149)
(-0.001958846243 -2.864451703e-18 -0.005276004282)
(-0.001994038054 -2.801762837e-18 -0.005191808792)
(-0.002024326234 -3.065031664e-18 -0.005105878118)
(-0.002049749012 -3.214628933e-18 -0.005018203117)
(-0.002070340931 -3.389628398e-18 -0.00492875315)
(-0.002086130303 -3.440981095e-18 -0.004837474103)
(-0.00209713636 -3.491935984e-18 -0.004744284747)
(-0.002103364953 -3.839842291e-18 -0.004649071425)
(-0.002104803161 -2.580778972e-18 -0.004551680751)
(-0.00210141246 -3.054269096e-18 -0.004451909197)
(-0.00209311923 -2.682359843e-18 -0.004349488565)
(-0.002079802262 -2.980855037e-18 -0.004244065939)
(-0.002061275601 -2.577866383e-18 -0.004135175825)
(-0.002037265299 -2.465394822e-18 -0.004022201752)
(-0.002007378098 -2.42504141e-18 -0.00390432381)
(-0.001971060484 -2.35465834e-18 -0.003780449764)
(-0.001927548406 -2.097745831e-18 -0.003649130002)
(-0.00187581163 -1.847585282e-18 -0.003508463863)
(-0.001814502365 -1.819621193e-18 -0.00335601496)
(-0.001741922513 -1.379059347e-18 -0.003188759393)
(-0.001656022645 -1.539315769e-18 -0.003003087241)
(-0.001554435521 -1.717607342e-18 -0.002794858448)
(-0.001434533996 -1.150858982e-18 -0.002559494749)
(-0.001293498857 -4.519940597e-19 -0.002292081922)
(-0.001128391963 -1.58199759e-18 -0.001987457236)
(-0.0009362324318 -5.284540438e-19 -0.00164027184)
(-0.0007139760559 -6.4844282e-19 -0.001245080161)
(-0.0004581970744 8.147795665e-20 -0.0007965711549)
(-0.0001647054315 7.339114672e-20 -0.0002897795923)
(-8.539965233e-05 4.291039222e-19 -0.006668199189)
(-0.0002212737149 6.353448135e-19 -0.00666132009)
(-0.0003483107965 1.979051002e-18 -0.006646325317)
(-0.0004788262543 2.283650899e-18 -0.006624037735)
(-0.000606008269 1.882428514e-18 -0.006595124698)
(-0.0007288897034 1.771948398e-18 -0.006560122463)
(-0.0008473668855 -1.095940518e-18 -0.006519482841)
(-0.0009611971063 -1.945496023e-18 -0.006473648055)
(-0.001070177416 -2.386093739e-18 -0.006423040813)
(-0.001174162895 -5.037599157e-19 -0.00636805779)
(-0.001273045433 -2.915305458e-18 -0.006309067311)
(-0.001366745113 -2.995184553e-18 -0.006246407873)
(-0.001455205603 -3.119727311e-18 -0.006180386984)
(-0.001538390253 -3.129256719e-18 -0.006111280689)
(-0.001616278488 -2.931107159e-18 -0.006039333608)
(-0.001688863387 -3.625669839e-18 -0.005964759636)
(-0.001756149365 -3.255964424e-18 -0.005887743142)
(-0.001818149806 -3.473338721e-18 -0.005808440266)
(-0.00187488565 -3.045027968e-18 -0.005726980677)
(-0.001926384093 -3.623546391e-18 -0.005643469627)
(-0.001972677003 -3.476789145e-18 -0.00555798923)
(-0.002013800073 -3.279823434e-18 -0.005470600079)
(-0.002049791211 -3.308606013e-18 -0.005381341771)
(-0.002080688893 -3.132898694e-18 -0.005290233619)
(-0.002106530911 -2.749947263e-18 -0.005197274184)
(-0.002127351883 -3.608139651e-18 -0.005102439505)
(-0.002143180456 -3.812291533e-18 -0.005005681157)
(-0.002154036254 -3.394004592e-18 -0.004906922274)
(-0.002159925288 -3.739128434e-18 -0.004806051708)
(-0.0021608343 -3.106567409e-18 -0.004702916172)
(-0.00215672341 -3.593438756e-18 -0.004597309224)
(-0.002147516275 -3.314943753e-18 -0.004488956054)
(-0.002133087045 -3.358622863e-18 -0.004377492336)
(-0.002113242525 -3.376961756e-18 -0.004262435222)
(-0.002087698237 -3.218124543e-18 -0.004143143597)
(-0.002056046561 -3.322360093e-18 -0.004018764457)
(-0.002017715601 -2.735003615e-18 -0.003888163535)
(-0.001971919732 -2.45198311e-18 -0.003749841492)
(-0.001917606358 -2.188787e-18 -0.003601844646)
(-0.001853409018 -2.099073907e-18 -0.003441688615)
(-0.00177762078 -1.851246608e-18 -0.003266318416)
(-0.001688199432 -1.660453422e-18 -0.003072122953)
(-0.00158280603 -1.576252084e-18 -0.002855002114)
(-0.001458865771 -1.464718478e-18 -0.002610467067)
(-0.001313636615 -1.325735735e-18 -0.002333746547)
(-0.001144281574 -1.175372772e-18 -0.002019875842)
(-0.0009479442264 -8.960427021e-19 -0.001663761246)
(-0.0007217237405 -5.106186193e-19 -0.001260271576)
(-0.0004623494578 -2.252719923e-19 -0.0008044698466)
(-0.0001658270332 -4.855309771e-20 -0.0002918036186)
(-8.774870639e-05 1.284708912e-19 -0.006937944537)
(-0.0002274268211 2.365134558e-19 -0.00693072224)
(-0.0003580265803 1.827343179e-18 -0.006914996212)
(-0.0004921732949 -9.03408321e-19 -0.006891619677)
(-0.0006229394342 1.484425697e-18 -0.006861283747)
(-0.0007493051592 1.160923675e-18 -0.00682454713)
(-0.0008711633062 2.636633938e-18 -0.006781876418)
(-0.0009882660162 -1.083976131e-18 -0.006733729593)
(-0.001100402517 -1.455843716e-18 -0.006680542944)
(-0.001207420453 -1.777470007e-18 -0.006622724981)
(-0.001309204103 -2.884921455e-18 -0.006560655473)
(-0.001405665784 -3.001874611e-18 -0.006494683482)
(-0.001496741558 -3.095703458e-18 -0.006425126416)
(-0.001582387351 -3.270487677e-18 -0.006352269538)
(-0.001662575654 -3.33446966e-18 -0.006276366394)
(-0.001737292912 -3.267672916e-18 -0.006197639666)
(-0.001806537046 -3.586798077e-18 -0.006116282181)
(-0.00187031605 -4.044305071e-18 -0.006032458942)
(-0.001928646109 -4.079355678e-18 -0.005946308485)
(-0.001981550259 -4.169098881e-18 -0.00585794504)
(-0.002029057476 -4.005588541e-18 -0.005767459895)
(-0.002071201032 -3.703640612e-18 -0.005674922649)
(-0.002108017084 -4.202071702e-18 -0.005580382034)
(-0.002139543388 -3.419390599e-18 -0.005483866042)
(-0.002165817544 -3.680706176e-18 -0.005385381499)
(-0.002186874303 -3.754887848e-18 -0.005284911958)
(-0.002202742796 -3.823140534e-18 -0.005182415244)
(-0.002213443007 -4.128483615e-18 -0.005077819261)
(-0.002218981011 -4.176240454e-18 -0.00497101591)
(-0.00221934321 -4.446598786e-18 -0.004861852519)
(-0.002214488372 -4.040202982e-18 -0.004750120039)
(-0.002204337378 -4.12876984e-18 -0.004635537178)
(-0.002188759624 -3.897809587e-18 -0.004517728314)
(-0.002167554617 -3.776775452e-18 -0.004396193398)
(-0.002140427414 -3.756261026e-18 -0.004270266929)
(-0.002106956293 -3.728970383e-18 -0.004139063429)
(-0.002066551594 -3.1109155e-18 -0.004001407777)
(-0.002018407142 -2.805678779e-18 -0.00385575291)
(-0.001961449403 -2.427035594e-18 -0.00370009516)
(-0.00189429479 -2.407895345e-18 -0.003531906015)
(-0.001815228556 -2.24819187e-18 -0.003348103362)
(-0.001722215676 -1.796823793e-18 -0.003145077281)
(-0.00161294309 -1.816649533e-18 -0.002918766464)
(-0.001484882492 -1.78982762e-18 -0.002664764985)
(-0.001335359932 -1.753855975e-18 -0.002378432664)
(-0.001161627909 -1.737742949e-18 -0.002054985502)
(-0.0009609389152 -1.062318656e-18 -0.001689559956)
(-0.0007305165014 -9.95759402e-19 -0.001277306702)
(-0.0004672225901 -9.372258376e-19 -0.0008136242679)
(-0.0001672301937 -7.218110007e-20 -0.0002943273975)
(-9.023586457e-05 -1.347322456e-19 -0.007219996561)
(-0.0002339406828 -1.206747788e-18 -0.007212426561)
(-0.0003683101079 -5.039938554e-19 -0.00719596186)
(-0.0005062961166 -2.153749759e-18 -0.007171483547)
(-0.0006408486184 1.410581721e-18 -0.007139707553)
(-0.0007708910528 3.247396434e-19 -0.007101212384)
(-0.0008963124835 2.780454865e-18 -0.007056480233)
(-0.001016859721 9.560578502e-20 -0.007005981536)
(-0.001132313131 -1.264392177e-18 -0.006950166255)
(-0.001242512793 -2.490441087e-18 -0.006889454294)
(-0.001347335505 -2.975034124e-18 -0.006824235427)
(-0.001446685999 -3.097689235e-18 -0.006754868279)
(-0.001540492936 -3.15051505e-18 -0.006681679498)
(-0.001628705226 -4.266970271e-18 -0.006604963165)
(-0.001711288349 -4.835150869e-18 -0.006524981106)
(-0.001788222146 -4.403541585e-18 -0.006441964502)
(-0.001859499089 -3.570029686e-18 -0.006356114976)
(-0.001925121825 -5.864557549e-18 -0.006267606227)
(-0.001985102129 -4.848973777e-18 -0.006176586107)
(-0.002039459637 -5.025829057e-18 -0.006083178115)
(-0.002088220388 -4.833455493e-18 -0.005987483223)
(-0.002131415598 -4.904040369e-18 -0.005889580656)
(-0.002169080351 -5.300628755e-18 -0.005789528888)
(-0.002201251965 -4.435162852e-18 -0.005687365305)
(-0.002227967842 -4.473539113e-18 -0.005583105396)
(-0.002249263006 -4.627895976e-18 -0.005476740916)
(-0.002265167259 -4.463173412e-18 -0.005368236659)
(-0.00227570111 -4.667664037e-18 -0.005257525865)
(-0.002280870846 -5.170517413e-18 -0.005144503828)
(-0.002280662499 -4.783058894e-18 -0.00502901881)
(-0.002275033467 -4.512349796e-18 -0.004910859524)
(-0.002263901842 -4.016960484e-18 -0.004789738386)
(-0.002247132207 -4.148676527e-18 -0.00466526861)
(-0.002224516747 -4.221481393e-18 -0.004536933086)
(-0.002195750141 -3.924387595e-18 -0.004404042192)
(-0.002160396769 -3.750402698e-18 -0.004265678519)
(-0.002117849704 -3.525353785e-18 -0.004120627351)
(-0.002067283143 -3.3495394e-18 -0.003967296082)
(-0.002007603907 -3.201204851e-18 -0.003803634027)
(-0.001937412532 -3.242002008e-18 -0.003627071823)
(-0.001854986872 -2.941357215e-18 -0.003434502521)
(-0.001758297791 -2.586217609e-18 -0.003222318032)
(-0.001645055114 -2.749066542e-18 -0.002986493701)
(-0.001512771329 -2.439537014e-18 -0.002722699569)
(-0.001358831412 -2.039007439e-18 -0.002426413984)
(-0.001180565424 -1.99391141e-18 -0.002093015553)
(-0.0009753203374 -1.989680184e-18 -0.001717847158)
(-0.0007404265134 -2.000323737e-18 -0.001296311304)
(-0.0004728573098 -1.220028558e-18 -0.0008241059922)
(-0.0001689269186 -5.880084112e-19 -0.0002973717913)
(-9.288519174e-05 2.050780486e-18 -0.007515264766)
(-0.0002408775655 2.154531991e-18 -0.007507339974)
(-0.0003792588584 -8.889628377e-20 -0.007490124432)
(-0.0005213283828 -1.948122443e-18 -0.007464525726)
(-0.0006599032795 -8.314357394e-19 -0.007431283586)
(-0.0007938465604 1.611256898e-18 -0.007390995493)
(-0.0009230423082 3.705330547e-18 -0.00734415954)
(-0.001047232073 -2.711355493e-18 -0.007291257932)
(-0.001166187357 -1.915809447e-18 -0.007232751909)
(-0.001279739645 -3.440210222e-18 -0.007169072548)
(-0.001387758338 -3.492313451e-18 -0.007100619499)
(-0.001490141009 -4.029185107e-18 -0.007027760296)
(-0.001586809253 -4.061021856e-18 -0.006950829829)
(-0.001677704734 -5.082055747e-18 -0.00687013028)
(-0.001762786553 -4.197030622e-18 -0.006785931973)
(-0.001842029085 -4.442401143e-18 -0.00669847457)
(-0.001915419154 -5.001203154e-18 -0.0066079682)
(-0.001982954906 -4.794122264e-18 -0.006514595601)
(-0.002044644352 -5.441293697e-18 -0.006418513997)
(-0.002100503851 -5.313114187e-18 -0.006319856727)
(-0.002150557382 -5.242676195e-18 -0.006218734779)
(-0.002194834674 -4.380939921e-18 -0.006115237585)
(-0.002233369852 -4.880076188e-18 -0.006009433823)
(-0.002266200099 -4.12699463e-18 -0.005901370897)
(-0.00229336316 -5.00991199e-18 -0.005791073677)
(-0.002314894727 -5.167731943e-18 -0.005678542564)
(-0.002330825418 -5.122043115e-18 -0.005563749842)
(-0.002341176458 -5.182020377e-18 -0.005446634614)
(-0.002345954541 -5.273179083e-18 -0.005327095902)
(-0.002345145312 -5.27718597e-18 -0.005204983082)
(-0.002338704756 -5.261121793e-18 -0.005080082925)
(-0.002326548176 -5.153447716e-18 -0.004952101838)
(-0.002308535382 -4.753718318e-18 -0.004820642049)
(-0.002284451266 -4.703059195e-18 -0.004685169553)
(-0.002253980223 -4.354398931e-18 -0.004544971019)
(-0.002216673055 -3.967240573e-18 -0.004399097801)
(-0.002171906028 -3.749882309e-18 -0.004246296563)
(-0.002118834371 -3.473927484e-18 -0.004084930781)
(-0.002056346014 -3.395269943e-18 -0.003912905251)
(-0.00198302634 -3.312995885e-18 -0.00372761264)
(-0.001897146087 -3.241277793e-18 -0.00352592331)
(-0.001796680387 -3.079054317e-18 -0.003304230182)
(-0.001679357741 -3.33932805e-18 -0.003058540975)
(-0.001542725484 -3.06317927e-18 -0.002784594321)
(-0.001384218641 -2.722628461e-18 -0.00247797431)
(-0.001201233054 -2.439665745e-18 -0.002134204028)
(-0.0009911964799 -2.238703802e-18 -0.001748809868)
(-0.000751529583 -1.712696702e-18 -0.00131741784)
(-0.000479297296 -1.131927424e-18 -0.0008359918476)
(-0.0001709305718 -4.672590375e-19 -0.0003009603064)
(-9.572142667e-05 -6.391420385e-18 -0.007824786014)
(-0.0002483021879 2.790759568e-19 -0.007816497119)
(-0.0003909752489 9.418304757e-19 -0.007798513568)
(-0.000537410118 4.19931465e-18 -0.007771767559)
(-0.0006802784824 7.500790515e-20 -0.007737021577)
(-0.0008183799534 1.159645752e-18 -0.007694894157)
(-0.0009515924443 1.770608689e-18 -0.007645896507)
(-0.001079650792 -1.730019091e-19 -0.007590524384)
(-0.001202317812 -1.73670676e-18 -0.007529249243)
(-0.001319416673 -3.29183757e-18 -0.007462512073)
(-0.001430808926 -3.05226443e-18 -0.00739072178)
(-0.001536384836 -4.261317553e-18 -0.007314254588)
(-0.001636059171 -5.336319665e-18 -0.007233453574)
(-0.001729767409 -3.971868495e-18 -0.007148628923)
(-0.001817463114 -4.442401855e-18 -0.007060059231)
(-0.001899114865 -4.726806885e-18 -0.006967992119)
(-0.001974705097 -5.226215401e-18 -0.006872646706)
(-0.002044227975 -5.522304448e-18 -0.006774214811)
(-0.002107688237 -5.665942223e-18 -0.006672863496)
(-0.002165100153 -5.532998541e-18 -0.006568736116)
(-0.002216485865 -5.449641816e-18 -0.00646195417)
(-0.002261874114 -5.35566662e-18 -0.00635261786)
(-0.002301299014 -5.304212573e-18 -0.006240806531)
(-0.002334798094 -5.466149834e-18 -0.006126578025)
(-0.002362409792 -5.510725082e-18 -0.00600996719)
(-0.002384170822 -5.557047973e-18 -0.005890983527)
(-0.002400112919 -5.581128719e-18 -0.005769607224)
(-0.002410258267 -5.635474533e-18 -0.00564578368)
(-0.002414614185 -5.744194877e-18 -0.005519416058)
(-0.002413166109 -5.878250039e-18 -0.005390355144)
(-0.002405868761 -5.588814699e-18 -0.005258385848)
(-0.002392634669 -5.354434973e-18 -0.005123208669)
(-0.002373318875 -5.108712225e-18 -0.004984415022)
(-0.002347699011 -5.011017258e-18 -0.004841454154)
(-0.002315449265 -4.852481026e-18 -0.004693589244)
(-0.002276106982 -4.720999583e-18 -0.004539841068)
(-0.002229032069 -4.305227328e-18 -0.004378918997)
(-0.002173361499 -3.764419552e-18 -0.004209144373)
(-0.002107964951 -3.636665868e-18 -0.004028379279)
(-0.002031412692 -3.5479123e-18 -0.003833979778)
(-0.001941967495 -3.860548e-18 -0.003622794475)
(-0.001837607141 -3.70420358e-18 -0.003391216522)
(-0.001716074552 -3.580036673e-18 -0.003135280964)
(-0.001574944926 -4.00381249e-18 -0.002850785655)
(-0.001411694868 -3.532112833e-18 -0.002533407835)
(-0.001223774661 -2.992870711e-18 -0.00217879747)
(-0.001008679541 -2.436740081e-18 -0.001782642037)
(-0.0007639049332 -1.852379159e-18 -0.001340764212)
(-0.0004865885106 -3.153183425e-19 -0.0008493622628)
(-0.0001732553918 -4.636770231e-19 -0.0003051178404)
(-9.877095767e-05 -1.798246115e-18 -0.008149739345)
(-0.0002562832596 1.527112334e-18 -0.008141074324)
(-0.000403567206 -1.398668186e-18 -0.008122298636)
(-0.0005546874589 -1.24484197e-19 -0.008094367065)
(-0.0007021576749 -8.358265684e-19 -0.008058066622)
(-0.0008447094401 -6.985313987e-19 -0.008014037645)
(-0.0009822134897 3.442883902e-19 -0.007962803884)
(-0.001114397159 -2.406101646e-19 -0.007904873235)
(-0.001241013312 -1.615837567e-18 -0.007840729086)
(-0.001361876831 -2.296692706e-18 -0.007770821806)
(-0.001476841658 -2.747170494e-18 -0.007695569019)
(-0.001585791053 -3.181814202e-18 -0.00761535545)
(-0.001688633515 -3.490637302e-18 -0.007530532523)
(-0.00178529872 -3.257934331e-18 -0.007441418215)
(-0.001875734658 -2.957231522e-18 -0.007348299051)
(-0.001959905816 -4.794358638e-18 -0.007251431301)
(-0.002037790499 -3.992391929e-18 -0.007151042816)
(-0.002109379812 -5.541862363e-18 -0.007047335125)
(-0.002174676321 -4.493994061e-18 -0.006940485141)
(-0.00223369253 -5.546462446e-18 -0.006830646987)
(-0.002286449924 -5.588057629e-18 -0.006717952867)
(-0.002332977154 -5.66743161e-18 -0.006602514177)
(-0.002373308743 -5.763695993e-18 -0.006484421456)
(-0.002407483141 -5.89658253e-18 -0.00636374345)
(-0.002435540118 -5.931923505e-18 -0.006240525407)
(-0.002457518046 -6.499737127e-18 -0.006114786362)
(-0.002473450185 -5.985187007e-18 -0.005986514716)
(-0.002483360003 -6.001848264e-18 -0.005855662482)
(-0.002487255696 -6.011716517e-18 -0.005722137261)
(-0.002485122766 -6.001773975e-18 -0.005585791451)
(-0.002476914809 -6.070044919e-18 -0.005446408164)
(-0.002462541605 -5.692883582e-18 -0.005303682085)
(-0.002441853466 -5.179140686e-18 -0.005157193929)
(-0.002414620828 -5.014957932e-18 -0.005006376415)
(-0.002380507847 -4.867579216e-18 -0.004850469628)
(-0.002339038613 -4.847808112e-18 -0.004688464133)
(-0.002289556876 -4.67858095e-18 -0.004519032535)
(-0.002231181499 -4.559911285e-18 -0.004340455504)
(-0.002162764373 -4.370797684e-18 -0.004150554393)
(-0.002082860781 -4.319740389e-18 -0.003946650011)
(-0.001989724225 -4.369580964e-18 -0.003725568524)
(-0.001881332154 -4.391321536e-18 -0.003483700634)
(-0.001755437846 -4.35033099e-18 -0.003217103657)
(-0.001609637461 -4.409851158e-18 -0.00292162517)
(-0.001441440213 -3.934473029e-18 -0.002593021897)
(-0.001248340031 -3.841533716e-18 -0.002227053419)
(-0.001027886631 -3.142058755e-18 -0.001819546523)
(-0.0007776355889 -2.489225626e-18 -0.001366495066)
(-0.0004947796403 -1.897125174e-18 -0.0008643024126)
(-0.0001759167783 -8.690766475e-19 -0.0003098713493)
(-0.0001020614752 8.236364736e-20 -0.008491460564)
(-0.0002648927717 8.880979636e-19 -0.008482403088)
(-0.0004171469822 -2.05150134e-18 -0.008462801857)
(-0.0005733133291 -1.666494687e-18 -0.008433633935)
(-0.0007257334945 -2.410654603e-18 -0.00839571363)
(-0.000873064847 -3.198782641e-18 -0.008349701318)
(-0.001015169253 -1.15848892e-18 -0.008296136281)
(-0.001151766669 -7.871931266e-19 -0.008235537389)
(-0.001282598986 -6.589758011e-19 -0.008168399358)
(-0.001407471917 -1.647149901e-18 -0.008095183276)
(-0.001526232159 -1.944366705e-18 -0.008016315992)
(-0.001638756558 -2.460125104e-18 -0.007932190511)
(-0.001744947146 -3.080479365e-18 -0.007843166093)
(-0.001844728215 -2.893704496e-18 -0.007749569392)
(-0.001938043992 -4.439785853e-18 -0.00765169544)
(-0.002024854932 -3.979567484e-18 -0.007549809047)
(-0.00210513645 -4.730107858e-18 -0.007444147148)
(-0.002178877595 -4.308644304e-18 -0.007334921297)
(-0.002246079467 -6.037880373e-18 -0.007222318904)
(-0.002306754283 -4.919975193e-18 -0.007106504837)
(-0.002360923369 -5.34383783e-18 -0.00698762275)
(-0.002408616123 -5.668659836e-18 -0.006865795713)
(-0.002449868602 -6.034222184e-18 -0.006741125795)
(-0.00248472101 -6.015676351e-18 -0.006613693)
(-0.002513215145 -6.653519458e-18 -0.006483553366)
(-0.002535391543 -6.362439414e-18 -0.006350735796)
(-0.00255128553 -6.156893477e-18 -0.006215237263)
(-0.002560922388 -6.458520727e-18 -0.006077016558)
(-0.002564311509 -6.497679645e-18 -0.005935985867)
(-0.002561438739 -6.600515217e-18 -0.005791999432)
(-0.002552256818 -6.667807613e-18 -0.005644838633)
(-0.002536672952 -6.51263383e-18 -0.005494192248)
(-0.002514532804 -6.415944298e-18 -0.005339630202)
(-0.002485599663 -6.130505177e-18 -0.0051805686)
(-0.002449527542 -5.599287408e-18 -0.005016224663)
(-0.002405827489 -5.589654441e-18 -0.004845559534)
(-0.002353827483 -5.206425099e-18 -0.004667210023)
(-0.002292628468 -4.811925603e-18 -0.004479416683)
(-0.002221064175 -4.623367936e-18 -0.00427996061)
(-0.002137674349 -4.388315303e-18 -0.004066128255)
(-0.002040702048 -4.39535367e-18 -0.003834722728)
(-0.001928121107 -4.376558879e-18 -0.003582128618)
(-0.001797690164 -4.936496737e-18 -0.00330441893)
(-0.001647019655 -3.967989471e-18 -0.002997481203)
(-0.001473642325 -3.605273155e-18 -0.002657137914)
(-0.001275085242 -3.449738941e-18 -0.002279241014)
(-0.001048940195 -3.177395191e-18 -0.00185973571)
(-0.0007928088484 -2.435904073e-18 -0.001394762532)
(-0.0005039223605 -1.677823479e-18 -0.0008809026203)
(-0.0001789313755 -8.55752802e-19 -0.0003152499584)
(-0.0001056217676 3.475386639e-19 -0.008851456112)
(-0.0002742054941 -2.219083182e-19 -0.008841984754)
(-0.0004318318256 -1.655291912e-18 -0.008821514623)
(-0.0005934488374 -2.110743806e-18 -0.008791046468)
(-0.0007512084435 -2.834923255e-18 -0.008751422356)
(-0.0009036880146 -3.384617277e-18 -0.008703323958)
(-0.001050738816 -2.911058935e-18 -0.008647306683)
(-0.001192071809 -1.495979261e-18 -0.008583902698)
(-0.0013274181 -6.817240366e-19 -0.008513617891)
(-0.001456573887 -6.563186643e-19 -0.008436924141)
(-0.001579378013 -1.290579784e-18 -0.008354258267)
(-0.001695700747 -1.391157515e-18 -0.008266022447)
(-0.001805438715 -4.567729395e-19 -0.008172584605)
(-0.001908512359 -4.477770792e-18 -0.008074280522)
(-0.002004861642 -3.639122223e-18 -0.007971413598)
(-0.002094444264 -4.339244385e-18 -0.007864258076)
(-0.002177234082 -4.074185722e-18 -0.007753060928)
(-0.002253219142 -5.411102542e-18 -0.007638043692)
(-0.002322400302 -4.197174759e-18 -0.007519404703)
(-0.00238479012 -5.422249694e-18 -0.007397320541)
(-0.002440411382 -5.349855892e-18 -0.007271946451)
(-0.002489295384 -5.872233446e-18 -0.007143417513)
(-0.002531480408 -5.846895104e-18 -0.007011847912)
(-0.002567009331 -5.98766186e-18 -0.006877329406)
(-0.002595926937 -6.056408011e-18 -0.006739929108)
(-0.002618276781 -5.954248294e-18 -0.006599686001)
(-0.002634096965 -6.306609844e-18 -0.006456605787)
(-0.002643415159 -6.607205707e-18 -0.006310654158)
(-0.002646242388 -6.55665648e-18 -0.006161747864)
(-0.002642565156 -6.610480819e-18 -0.006009742967)
(-0.002632335579 -6.680592119e-18 -0.005854419209)
(-0.002615458534 -6.690995943e-18 -0.005695459509)
(-0.002591775218 -6.752362487e-18 -0.005532422897)
(-0.002561041931 -6.413365283e-18 -0.005364708893)
(-0.002522902623 -6.627827072e-18 -0.005191511625)
(-0.002476855196 -6.432697144e-18 -0.005011762556)
(-0.002422211629 -6.227462476e-18 -0.004824063447)
(-0.002358055243 -5.738744083e-18 -0.004626615944)
(-0.002283201475 -5.409715099e-18 -0.004417161244)
(-0.002196173266 -5.095282299e-18 -0.004192950569)
(-0.002095201234 -4.810168853e-18 -0.00395076236)
(-0.001978252406 -4.715975323e-18 -0.003686971024)
(-0.001843085306 -4.485037252e-18 -0.003397658011)
(-0.001687317906 -4.078288216e-18 -0.003078740572)
(-0.001508497527 -3.539256905e-18 -0.002726093201)
(-0.001304173876 -3.377292217e-18 -0.002335642803)
(-0.001071968921 -1.919829395e-18 -0.001903432856)
(-0.0008095169509 -2.076546845e-18 -0.001425727103)
(-0.0005140716128 -1.354438224e-18 -0.0008992586632)
(-0.0001823170327 -5.673954805e-19 -0.0003212848308)
(-0.0001094816247 3.396055728e-18 -0.009231420359)
(-0.0002842996075 1.238979394e-18 -0.009221509181)
(-0.000447745817 7.453874759e-18 -0.009200116881)
(-0.0006152639865 5.996510108e-18 -0.00916826896)
(-0.0007787961224 5.753480914e-19 -0.009126835594)
(-0.0009368337592 -1.542588369e-18 -0.009076524563)
(-0.001089216083 -2.211450709e-18 -0.009017906235)
(-0.001235643238 -1.616401809e-18 -0.008951528249)
(-0.001375834524 -1.191894448e-18 -0.008877909947)
(-0.00150957642 -8.612151576e-19 -0.008797534518)
(-0.00163669996 -1.391508089e-18 -0.008710849589)
(-0.001757069122 -1.711092883e-18 -0.008618267745)
(-0.001870576051 -2.119616974e-18 -0.008520166773)
(-0.001977136802 -1.694924334e-18 -0.008416891324)
(-0.00207668854 -3.899616652e-18 -0.008308754791)
(-0.002169187751 -4.475946909e-18 -0.008196041854)
(-0.002254607446 -5.029865714e-18 -0.008079009664)
(-0.002332935892 -5.248686845e-18 -0.007957891041)
(-0.002404175077 -5.2358364e-18 -0.007832895689)
(-0.002468339526 -5.752560564e-18 -0.00770421207)
(-0.002525454287 -6.482777433e-18 -0.00757200811)
(-0.002575553892 -5.879886044e-18 -0.007436431359)
(-0.002618680233 -5.957570242e-18 -0.007297608254)
(-0.002654879959 -6.074047902e-18 -0.007155642646)
(-0.002684201838 -6.892782326e-18 -0.007010613047)
(-0.00270669327 -7.058180409e-18 -0.006862568764)
(-0.002722395909 -6.406552862e-18 -0.006711524455)
(-0.00273134058 -6.310216801e-18 -0.006557452777)
(-0.00273354058 -6.361181163e-18 -0.006400275039)
(-0.002728983608 -6.370374079e-18 -0.006239848952)
(-0.002717621499 -6.329696848e-18 -0.00607595231)
(-0.002699357034 -6.218926337e-18 -0.005908261857)
(-0.002674027058 -6.292816798e-18 -0.005736325434)
(-0.0026413808 -6.417066306e-18 -0.005559525863)
(-0.002601052342 -6.442876622e-18 -0.005377034421)
(-0.002552526611 -6.388105748e-18 -0.005187753019)
(-0.002495099477 -6.254917053e-18 -0.004990247901)
(-0.002427835935 -6.191981147e-18 -0.004782681623)
(-0.002349532731 -6.049620528e-18 -0.004562756073)
(-0.002258694946 -5.958026521e-18 -0.004327686201)
(-0.002153538033 -5.956600163e-18 -0.004074222716)
(-0.002032018739 -6.145103299e-18 -0.003798725382)
(-0.001891889965 -5.640008076e-18 -0.003497276261)
(-0.001730769898 -6.385761225e-18 -0.003165811132)
(-0.001546211814 -4.867134972e-18 -0.002800242878)
(-0.001335777741 -3.771092722e-18 -0.00239655632)
(-0.001097108324 -2.186139338e-18 -0.0019508735)
(-0.0008278572996 -2.784109922e-18 -0.001459558509)
(-0.0005252856856 -1.088905104e-18 -0.0009194722435)
(-0.0001860928485 -5.087066389e-20 -0.000328009359)
(-0.0001136731944 -2.072192727e-18 -0.009633258779)
(-0.0002952590857 -3.141976393e-19 -0.009622876819)
(-0.0004650211945 6.839392028e-19 -0.009600497005)
(-0.0006389380872 9.278653081e-19 -0.009567170445)
(-0.0008087223019 8.69722538e-19 -0.00952379979)
(-0.0009727717684 -3.847427464e-19 -0.009471120965)
(-0.001130911551 -4.792026003e-19 -0.009409722342)
(-0.00128283043 5.611437002e-19 -0.009340167056)
(-0.001428233879 -1.520303337e-18 -0.009262990057)
(-0.001566898074 -5.456471253e-19 -0.009178688495)
(-0.001698646511 -1.458929218e-18 -0.009087722243)
(-0.001823336929 -2.228451868e-18 -0.00899051507)
(-0.001940856602 -2.701970286e-18 -0.008887455994)
(-0.002051118749 -3.358625118e-18 -0.008778900589)
(-0.00215405933 -4.086866181e-18 -0.008665173541)
(-0.002249633876 -4.570799831e-18 -0.008546570128)
(-0.002337816136 -4.858862316e-18 -0.008423359526)
(-0.002418596004 -4.997402244e-18 -0.008295786054)
(-0.002491977953 -5.313419997e-18 -0.008164072141)
(-0.002557979726 -5.154633939e-18 -0.008028419018)
(-0.002616630535 -6.342773181e-18 -0.007889007415)
(-0.002667969435 -6.329517915e-18 -0.007745997995)
(-0.002712043102 -6.250005743e-18 -0.007599530153)
(-0.002748903287 -6.187316085e-18 -0.007449720195)
(-0.002778604016 -6.174201299e-18 -0.007296658265)
(-0.002801197648 -6.604540075e-18 -0.007140404022)
(-0.002816730382 -6.086002644e-18 -0.006980981049)
(-0.002825236996 -6.156609735e-18 -0.006818368995)
(-0.002826733801 -6.211448944e-18 -0.006652493546)
(-0.002821210214 -6.263402843e-18 -0.006483213807)
(-0.002808618227 -6.307761702e-18 -0.006310305472)
(-0.002788858894 -6.289253462e-18 -0.006133438848)
(-0.002761765005 -6.108406688e-18 -0.005952150243)
(-0.002727078871 -6.512085291e-18 -0.005765805037)
(-0.002684424508 -6.740318192e-18 -0.00557355088)
(-0.002633273559 -6.491304427e-18 -0.005374260203)
(-0.002572905928 -6.253344732e-18 -0.005166464096)
(-0.002502367905 -6.304860838e-18 -0.004948285274)
(-0.002420436185 -6.300420184e-18 -0.004717385011)
(-0.00232559667 -6.208426328e-18 -0.004470941013)
(-0.002216046993 -6.043291536e-18 -0.004205672775)
(-0.002089729168 -5.894011762e-18 -0.003917919285)
(-0.001944385158 -5.783270226e-18 -0.00360375518)
(-0.00177762597 -4.900663552e-18 -0.003259123656)
(-0.001587002168 -5.033852544e-18 -0.002879961776)
(-0.001370077956 -4.336793499e-18 -0.002462295672)
(-0.001124501404 -3.636558449e-18 -0.00200230639)
(-0.0008479330459 -2.422911294e-18 -0.001496436582)
(-0.0005376266674 -1.188596678e-18 -0.0009416517261)
(-0.0001902793744 -4.595518894e-19 -0.0003354595211)
(-0.0001182305358 -6.48267271e-18 -0.01005911149)
(-0.0003071727414 -1.124919473e-18 -0.0100482208)
(-0.0004837965192 5.480508226e-19 -0.01002477313)
(-0.000664660431 6.068216927e-18 -0.009989848797)
(-0.0008412259331 -8.200887926e-20 -0.009944387797)
(-0.001011788359 -7.76523535e-19 -0.009889154124)
(-0.001176155664 -4.824025755e-19 -0.009824759395)
(-0.001334004282 5.211780032e-19 -0.00975178458)
(-0.001485025333 1.216941199e-18 -0.009670781605)
(-0.001628983472 -2.415428962e-19 -0.00958226369)
(-0.001765693799 -1.171178601e-18 -0.009486705365)
(-0.001895008085 -3.474132131e-18 -0.009384543969)
(-0.002016809981 -2.620446995e-18 -0.009276181728)
(-0.002131010626 -3.012749178e-18 -0.009161986947)
(-0.002237544813 -4.31664413e-18 -0.009042296395)
(-0.002336369136 -5.031752179e-18 -0.008917418362)
(-0.002427459182 -6.280764756e-18 -0.008787634568)
(-0.002510807883 -5.478452303e-18 -0.008653202962)
(-0.002586424097 -5.267909818e-18 -0.008514359029)
(-0.002654330304 -5.570439772e-18 -0.008371317693)
(-0.002714561157 -6.472458026e-18 -0.008224273912)
(-0.002767162112 -6.680790159e-18 -0.008073402017)
(-0.002812186326 -7.435589618e-18 -0.007918854569)
(-0.002849692112 -6.852664347e-18 -0.007760760639)
(-0.002879739969 -6.477361706e-18 -0.007599222311)
(-0.002902388474 -6.543612649e-18 -0.007434309931)
(-0.002917689563 -6.617072332e-18 -0.007266055961)
(-0.002925682944 -7.352091842e-18 -0.007094446873)
(-0.002926388835 -6.728715398e-18 -0.006919412618)
(-0.002919799146 -6.700627631e-18 -0.006740813181)
(-0.002905866573 -6.573916778e-18 -0.006558421421)
(-0.002884490716 -6.44132625e-18 -0.006371900575)
(-0.002855500419 -6.644385372e-18 -0.006180775034)
(-0.002818631384 -6.733885139e-18 -0.005984392567)
(-0.002773497733 -6.540150714e-18 -0.005781876606)
(-0.002719557608 -6.355371149e-18 -0.005572068718)
(-0.002656074099 -6.408256289e-18 -0.005353464029)
(-0.002582074506 -6.461184537e-18 -0.005124145468)
(-0.002496314369 -6.530219082e-18 -0.004881731927)
(-0.002397258008 -6.576316869e-18 -0.004623360905)
(-0.002283082624 -6.720969088e-18 -0.004345717149)
(-0.002151710966 -6.406188951e-18 -0.004045112516)
(-0.002000868274 -5.832974857e-18 -0.003717605152)
(-0.001828151011 -6.087100097e-18 -0.003359134274)
(-0.001631098197 -4.862009562e-18 -0.002965646602)
(-0.00140726629 -4.405698353e-18 -0.002533193166)
(-0.001154299803 -3.503246753e-18 -0.002057994945)
(-0.0008698538851 -2.51455569e-18 -0.001536552174)
(-0.0005511608735 -2.449146306e-18 -0.0009659125999)
(-0.0001948987234 -7.275473472e-19 -0.0003436739849)
(-0.0001231892176 -2.297966268e-18 -0.01051137551)
(-0.0003201331505 -5.816787922e-18 -0.01049993048)
(-0.0005042175694 -4.396352743e-19 -0.01047531942)
(-0.0006926316352 -2.245339461e-18 -0.01043865717)
(-0.0008765593681 -3.794286762e-18 -0.01039092312)
(-0.001054185347 -6.047097136e-18 -0.01033291457)
(-0.001225298113 -1.987692606e-18 -0.01026526727)
(-0.001389558919 -1.249296011e-18 -0.0101885855)
(-0.001546643515 -1.852505839e-19 -0.01010344102)
(-0.001696304441 -5.627181119e-19 -0.01001036547)
(-0.001838348078 -1.638906448e-18 -0.009909850827)
(-0.0019726207 -2.063773728e-18 -0.009802351049)
(-0.002099002332 -3.542099584e-18 -0.009688283301)
(-0.00221740205 -4.453511894e-18 -0.009568030614)
(-0.002327755661 -4.791217976e-18 -0.00944194488)
(-0.002430021387 -5.49864169e-18 -0.009310348502)
(-0.002524178322 -6.091340796e-18 -0.009173538298)
(-0.002610224326 -6.305169131e-18 -0.009031786594)
(-0.00268817387 -6.78977232e-18 -0.008885344147)
(-0.002758056239 -6.944660227e-18 -0.008734440602)
(-0.002819913745 -7.162910788e-18 -0.008579285484)
(-0.002873799489 -7.461698232e-18 -0.008420067808)
(-0.00291977476 -7.538845436e-18 -0.008256954475)
(-0.002957906297 -7.34383323e-18 -0.008090087758)
(-0.00298826277 -7.141170896e-18 -0.007919581782)
(-0.003010910428 -7.198560632e-18 -0.007745517485)
(-0.00302590826 -7.195430629e-18 -0.007567936083)
(-0.003033301977 -7.160620042e-18 -0.00738683054)
(-0.003033116531 -7.157591153e-18 -0.007202134818)
(-0.003025347215 -7.156701656e-18 -0.007013709679)
(-0.003009948258 -7.298617623e-18 -0.006821324653)
(-0.002986818419 -7.205272778e-18 -0.006624635038)
(-0.002955782927 -7.014492514e-18 -0.006423151956)
(-0.002916570685 -6.866579528e-18 -0.006216204405)
(-0.002868785792 -6.641358488e-18 -0.006002891228)
(-0.002811873042 -6.749477038e-18 -0.005782022727)
(-0.00274507822 -6.316016923e-18 -0.005552056237)
(-0.002667408248 -6.479633406e-18 -0.005311032914)
(-0.002577596501 -6.640783489e-18 -0.005056528128)
(-0.002474083369 -6.800946934e-18 -0.004785635745)
(-0.002355022155 -6.187578765e-18 -0.004495000614)
(-0.002218311844 -6.081655183e-18 -0.004180900737)
(-0.002061654811 -5.107123637e-18 -0.003839368273)
(-0.001882625668 -4.695930991e-18 -0.003466326668)
(-0.001678743083 -3.338475167e-18 -0.003057717759)
(-0.001447545965 -3.575654868e-18 -0.002609601063)
(-0.00118666441 -2.697346937e-18 -0.002118218613)
(-0.0008937363927 -2.176539858e-18 -0.00158010799)
(-0.0005659589705 -5.515321338e-19 -0.0009923778238)
(-0.0001999745759 -3.716718238e-19 -0.0003526941288)
(-0.002797937067 -8.446674871e-18 -0.009278801172)
(-0.002869873615 -8.756480124e-18 -0.009119496295)
(-0.002933407024 -8.29828273e-18 -0.008955687944)
(-0.002988600418 -8.092867264e-18 -0.008787580387)
(-0.003035525211 -8.193610089e-18 -0.008615355317)
(-0.003074258238 -8.403249215e-18 -0.008439168889)
(-0.003104877974 -7.905385855e-18 -0.00825914781)
(-0.003127460015 -7.759822749e-18 -0.008075383968)
(-0.00314207201 -7.669183386e-18 -0.007887927295)
(-0.003148767122 -7.625967432e-18 -0.007696776943)
(-0.003147576284 -7.248246343e-18 -0.007501870083)
(-0.003138499087 -7.481492581e-18 -0.007303067309)
(-0.003121491859 -7.340156803e-18 -0.007100134137)
(-0.003096453056 -7.225429449e-18 -0.006892717368)
(-0.003063204936 -7.152441619e-18 -0.006680314208)
(-0.003021469936 -7.054008125e-18 -0.006462233414)
(-0.002970841882 -7.059669663e-18 -0.006237547195)
(-0.002910751551 -7.154896386e-18 -0.006005033379)
(-0.002840427264 -7.164299513e-18 -0.005763110714)
(-0.002758854439 -6.970487288e-18 -0.005509776074)
(-0.002664742263 -6.863851408e-18 -0.005242558083)
(-0.002556504976 -6.756921105e-18 -0.004958503418)
(-0.002432268129 -6.544375206e-18 -0.004654211409)
(-0.002289902298 -5.367569692e-18 -0.004325918513)
(-0.002127080615 -6.355910269e-18 -0.003969621098)
(-0.001941348422 -5.025584945e-18 -0.003581214484)
(-0.001730195389 -4.494454442e-18 -0.003156621461)
(-0.001491133072 -3.938545325e-18 -0.002691893244)
(-0.001221766364 -3.285656022e-18 -0.002183274187)
(-0.0009197047244 -1.985415948e-18 -0.001627319684)
(-0.0005820964106 -1.70782957e-18 -0.001021178607)
(-0.0002055323188 -2.123356304e-19 -0.0003625643335)
)
;

boundaryField
{
    front_top
    {
        type            wedge;
    }
    front_middle
    {
        type            wedge;
    }
    front_bottom
    {
        type            wedge;
    }
    back_top
    {
        type            wedge;
    }
    back_middle
    {
        type            wedge;
    }
    back_bottom
    {
        type            wedge;
    }
    axis_top
    {
        type            symmetryPlane;
    }
    axis_middle
    {
        type            symmetryPlane;
    }
    axis_bottom
    {
        type            symmetryPlane;
    }
    wall_top
    {
        type            slip;
    }
    wall_middle
    {
        type            noSlip;
    }
    wall_bottom
    {
        type            noSlip;
    }
    inlet
    {
        type            fixedValue;
        value           nonuniform 0();
    }
    outlet
    {
        type            zeroGradient;
    }
    procBoundary4to3
    {
        type            processor;
        value           nonuniform List<vector> 
51
(
(-0.0001285862645 -1.678348569e-18 -0.01099273334)
(-0.0003342377199 -4.500341111e-18 -0.01098068131)
(-0.000526439105 -8.679797529e-18 -0.01095479584)
(-0.000723063409 -2.049115991e-18 -0.01091623086)
(-0.0009149898226 2.905315325e-18 -0.01086600862)
(-0.001100282174 -3.413394065e-18 -0.01080496719)
(-0.001278707949 -1.252676091e-18 -0.01073376904)
(-0.001449911199 -3.589390522e-18 -0.01065304384)
(-0.001613549728 -6.136390287e-18 -0.01056338844)
(-0.001769363396 -3.112682757e-18 -0.01046535692)
(-0.001917149756 -3.015637003e-18 -0.01035946156)
(-0.002056748697 -3.514715425e-18 -0.01024617538)
(-0.002188036721 -4.922214263e-18 -0.01012593436)
(-0.002310923126 -5.825737898e-18 -0.009999139535)
(-0.002425344556 -7.469039843e-18 -0.009866159639)
(-0.002531262711 -7.224755125e-18 -0.009727334203)
(-0.002628661669 -7.359446144e-18 -0.009582976702)
(-0.002717545639 -6.738820167e-18 -0.009433376767)
(-0.002717545639 -6.738820167e-18 -0.009433376767)
(-0.002916476582 -9.179553402e-18 -0.009696715472)
(-0.002990552832 -9.254449175e-18 -0.009528396201)
(-0.003055816045 -7.652912553e-18 -0.009355319339)
(-0.003112341197 -8.055431463e-18 -0.009177706317)
(-0.003160212 -8.034981339e-18 -0.008995754763)
(-0.003199517648 -7.599710096e-18 -0.008809635311)
(-0.003230348428 -7.827590019e-18 -0.008619487423)
(-0.003252791111 -8.08666157e-18 -0.008425413971)
(-0.003266923594 -8.34865125e-18 -0.008227473605)
(-0.003272807947 -8.139305266e-18 -0.008025671537)
(-0.003270482555 -7.851433696e-18 -0.007819947873)
(-0.003259952566 -7.735085882e-18 -0.007610162354)
(-0.00324117744 -7.569144504e-18 -0.007396075305)
(-0.003214056017 -7.049434671e-18 -0.007177323317)
(-0.003178407666 -6.45103286e-18 -0.006953388357)
(-0.003133948698 -6.46281968e-18 -0.006723558167)
(-0.003080262948 -6.385804397e-18 -0.006486876789)
(-0.003016766673 -6.483552014e-18 -0.006242086984)
(-0.002942669618 -6.35704361e-18 -0.005987566647)
(-0.002856934846 -6.750539468e-18 -0.005721266243)
(-0.002758245228 -7.709033043e-18 -0.005440663877)
(-0.002644986163 -6.99179615e-18 -0.00514275442)
(-0.002515251527 -6.307857116e-18 -0.004824085362)
(-0.002366878379 -7.071035177e-18 -0.004480843137)
(-0.00219750433 -5.862973498e-18 -0.004108978156)
(-0.002004637709 -4.923905906e-18 -0.003704344551)
(-0.001785730585 -5.808261536e-18 -0.003262831863)
(-0.001538257545 -4.485515405e-18 -0.002780466379)
(-0.001259787823 -4.172191912e-18 -0.002253476574)
(-0.0009478911412 -3.274186367e-18 -0.001678416297)
(-0.0005996536844 -1.755775272e-18 -0.001052454535)
(-0.0002115991008 -3.399702686e-19 -0.0003733319595)
)
;
    }
    procBoundary4to5
    {
        type            processor;
        value           nonuniform List<vector> 
51
(
(-6.073768921e-05 -2.77816362e-19 -0.004190819562)
(-0.0001568151414 -3.334360104e-19 -0.004187751108)
(-0.0002466626723 1.387272281e-19 -0.004181119718)
(-0.0003392646915 -6.222507131e-19 -0.004171163668)
(-0.0004291889022 -1.285562621e-18 -0.004158242334)
(-0.0005160116833 -2.152132771e-18 -0.004142584514)
(-0.0005996518691 -2.937634281e-18 -0.004124372694)
(-0.0006799258191 -3.331473359e-18 -0.004103793096)
(-0.0007567094166 -3.908334645e-18 -0.004081023683)
(-0.0008299257625 -3.583253689e-18 -0.004056231254)
(-0.0008995289536 -3.164589858e-18 -0.004029571437)
(-0.0009654988733 -3.024368522e-18 -0.004001188632)
(-0.001027837342 -3.263295524e-18 -0.003971213763)
(-0.001086563641 -3.473477885e-18 -0.003939764365)
(-0.00114171104 -3.328500383e-18 -0.00390694414)
(-0.001193323461 -3.082604234e-18 -0.003872842138)
(-0.001241452406 -3.115217742e-18 -0.003837532591)
(-0.001286154271 -2.56417191e-18 -0.003801074896)
(-0.001327488002 -2.761298826e-18 -0.003763513667)
(-0.001365512747 -2.578901948e-18 -0.003724878686)
(-0.001400286303 -2.547727643e-18 -0.003685185673)
(-0.001431863462 -2.34901976e-18 -0.003644436119)
(-0.001460294651 -2.198517479e-18 -0.00360261746)
(-0.001485624818 -2.048769456e-18 -0.003559703518)
(-0.001507892217 -2.324899009e-18 -0.003515654196)
(-0.001527127844 -2.644068572e-18 -0.003470415137)
(-0.00154335362 -2.303520924e-18 -0.003423916417)
(-0.0015565812 -2.732717981e-18 -0.003376071555)
(-0.001566810488 -2.713195052e-18 -0.003326775063)
(-0.001574027153 -2.770927703e-18 -0.003275899019)
(-0.001578199288 -2.67872741e-18 -0.003223288295)
(-0.001579273148 -2.607782142e-18 -0.003168754041)
(-0.001577167108 -2.568166514e-18 -0.003112064179)
(-0.001571762822 -2.55997293e-18 -0.003052929976)
(-0.00156289278 -2.600399028e-18 -0.00299098671)
(-0.001589812874 -2.511069709e-18 -0.002999163715)
(-0.001589812874 -2.511069709e-18 -0.002999163715)
(-0.001571539754 -2.412133235e-18 -0.002926425449)
(-0.001548548791 -1.89778388e-18 -0.002848760526)
(-0.001520139335 -1.983247897e-18 -0.002764969399)
(-0.001485318974 -1.798031847e-18 -0.002673395725)
(-0.001442695399 -1.755738394e-18 -0.00257175224)
(-0.001390356623 -2.028989474e-18 -0.002456921499)
(-0.001325761401 -1.625564165e-18 -0.002324760431)
(-0.001245664609 -1.513072325e-18 -0.002169938853)
(-0.001146090691 -1.418500508e-18 -0.001985824225)
(-0.001022354463 -1.335120574e-18 -0.001764395999)
(-0.0008691244185 -1.218945704e-18 -0.001496164574)
(-0.0006804372809 -1.696959907e-18 -0.001170126437)
(-0.0004494029714 -8.108446821e-19 -0.0007738991285)
(-0.0001674091886 -4.060583335e-19 -0.0002941606821)
)
;
    }
}


// ************************************************************************* //
